 0.000992139     -2.49413
  0.00100336     -2.54431
   0.0010147     -2.59871
  0.00102617     -2.65109
  0.00103778     -2.70752
  0.00104951     -2.76142
  0.00106138     -2.82045
  0.00107338      -2.8761
  0.00108551     -2.93719
  0.00109779     -2.99508
   0.0011102     -3.05799
  0.00112275     -3.11848
  0.00113544     -3.18309
  0.00114828     -3.24599
  0.00116127     -3.31287
   0.0011744     -3.37776
  0.00118767     -3.44701
   0.0012011     -3.51428
  0.00121468      -3.5856
  0.00122842     -3.65529
  0.00124231     -3.72879
  0.00125635     -3.80094
  0.00127056     -3.87683
  0.00128492       -3.951
  0.00129945     -4.02958
  0.00131414     -4.10607
    0.001329     -4.18684
  0.00134403     -4.26588
  0.00135922     -4.34898
  0.00137459     -4.43042
  0.00139013     -4.51586
  0.00140585     -4.59977
  0.00142175     -4.68745
  0.00143782      -4.7739
  0.00145408     -4.86383
  0.00147052     -4.95262
  0.00148715     -5.04496
  0.00150396     -5.13601
  0.00152096     -5.23064
  0.00153816     -5.32402
  0.00155555     -5.42083
  0.00157314      -5.5165
  0.00159093     -5.61538
  0.00160892      -5.7133
  0.00162711     -5.81421
   0.0016455     -5.91419
  0.00166411     -6.01709
  0.00168292     -6.11905
  0.00170195     -6.22378
   0.0017212     -6.32757
  0.00174066     -6.43406
  0.00176034     -6.53949
  0.00178024     -6.64756
  0.00180037      -6.7545
  0.00182072     -6.86395
  0.00184131     -6.97219
  0.00186213     -7.08282
  0.00188318     -7.19214
  0.00190448     -7.30367
  0.00192601     -7.41388
  0.00194779     -7.52601
  0.00196981     -7.63681
  0.00199208     -7.74929
   0.0020146      -7.8603
  0.00203738     -7.97284
  0.00206042      -8.0837
  0.00208371     -8.19591
  0.00210727     -8.30625
   0.0021311      -8.4177
  0.00215519      -8.5271
  0.00217956     -8.63734
  0.00220421     -8.74534
  0.00222913     -8.85387
  0.00225433     -8.95994
  0.00227982     -9.06624
   0.0023056     -9.16983
  0.00233166      -9.2733
  0.00235803      -9.3738
  0.00238469     -9.47381
  0.00241165     -9.57056
  0.00243892     -9.66645
  0.00246649     -9.75875
  0.00249438     -9.84977
  0.00252258     -9.93685
  0.00255111     -10.0222
  0.00257995     -10.1033
  0.00260912     -10.1822
  0.00263862     -10.2564
  0.00266845     -10.3279
  0.00269863     -10.3943
  0.00272914     -10.4576
  0.00275999     -10.5152
   0.0027912     -10.5692
  0.00282276     -10.6171
  0.00285468     -10.6608
  0.00288695     -10.6979
  0.00291959     -10.7302
   0.0029526     -10.7554
  0.00298599     -10.7753
  0.00301975     -10.7874
  0.00305389     -10.7937
  0.00308842     -10.7917
  0.00312334     -10.7831
  0.00315865     -10.7658
  0.00319437     -10.7413
  0.00323048     -10.7074
  0.00326701     -10.6657
  0.00330395     -10.6142
   0.0033413     -10.5542
  0.00337908     -10.4837
  0.00341729     -10.4042
  0.00345593     -10.3137
    0.003495     -10.2136
  0.00353452      -10.102
  0.00357448     -9.98023
   0.0036149     -9.84643
  0.00365577       -9.702
   0.0036971     -9.54508
   0.0037389     -9.37709
  0.00378118     -9.19622
  0.00382393     -9.00389
  0.00386716     -8.79837
  0.00391089     -8.58108
  0.00395511     -8.35038
  0.00399983     -8.10768
  0.00404505     -7.85145
  0.00409079     -7.58313
  0.00413704     -7.30126
  0.00418381     -7.00732
  0.00423112     -6.69995
  0.00427896     -6.38069
  0.00432734     -6.04827
  0.00437626     -5.70428
  0.00442575     -5.34758
  0.00447578     -4.97982
  0.00452639     -4.59998
  0.00457757     -4.20978
  0.00462932     -3.80833
  0.00468167     -3.39742
   0.0047346     -2.97632
  0.00478813      -2.5469
  0.00484227     -2.10856
  0.00489702     -1.66327
  0.00495239     -1.21058
  0.00500838    -0.752551
  0.00506501    -0.288878
  0.00512228     0.178274
  0.00518019     0.649062
  0.00523876      1.12123
  0.00529799      1.59478
   0.0053579      2.06737
  0.00541847      2.53887
  0.00547974      3.00685
   0.0055417      3.47106
  0.00560435      3.92898
  0.00566772      4.38027
   0.0057318      4.82235
  0.00579661      5.25479
  0.00586215      5.67499
  0.00592843      6.08245
  0.00599546      6.47456
  0.00606325      6.85081
   0.0061318      7.20862
  0.00620113      7.54747
  0.00627124      7.86489
  0.00634215       8.1604
  0.00641386      8.43165
  0.00648637      8.67827
  0.00655971      8.89807
  0.00663388      9.09088
  0.00670889      9.25471
  0.00678474      9.38962
  0.00686145      9.49394
  0.00693903      9.56798
  0.00701749      9.61042
  0.00709683      9.62196
  0.00717707      9.60167
  0.00725822      9.55066
  0.00734029      9.46847
  0.00742328      9.35667
  0.00750721      9.21535
  0.00759209      9.04656
  0.00767793      8.85094
  0.00776474      8.63111
  0.00785253      8.38829
  0.00794132      8.12564
  0.00803111      7.84496
  0.00812191      7.54995
  0.00821374      7.24299
  0.00830661      6.92829
  0.00840053      6.60871
  0.00849551      6.28891
  0.00859157      5.97216
  0.00868871      5.66345
  0.00878695      5.36637
   0.0088863      5.08607
  0.00898677      4.82628
  0.00908838      4.59217
  0.00919114      4.38738
  0.00929506       4.2169
  0.00940015      4.08408
  0.00950643      3.99344
  0.00961392      3.94779
  0.00972262      3.95096
  0.00983255      4.00492
  0.00994372      4.11255
   0.0100561      4.27473
   0.0101698      4.49311
   0.0102848      4.76728
   0.0104011      5.09743
   0.0105187      5.48164
   0.0106377      5.91851
   0.0107579      6.40449
   0.0108796      6.93653
   0.0110026      7.50941
    0.011127      8.11846
   0.0112528      8.75694
     0.01138      9.41872
   0.0115087      10.0958
   0.0116388      10.7808
   0.0117704       11.465
   0.0119035      12.1404
   0.0120381      12.7978
   0.0121742      13.4292
   0.0123118       14.026
    0.012451      14.5808
   0.0125918       15.086
   0.0127342       15.536
   0.0128782      15.9251
   0.0130238      16.2501
    0.013171      16.5081
   0.0133199      16.6988
   0.0134705      16.8227
   0.0136228      16.8834
   0.0137769      16.8849
   0.0139326      16.8346
   0.0140902      16.7403
   0.0142495      16.6131
   0.0144106       16.464
   0.0145735      16.3069
   0.0147383      16.1554
   0.0149049       16.025
   0.0150735      15.9302
   0.0152439      15.8866
   0.0154162      15.9077
   0.0155905      16.0073
   0.0157668       16.196
   0.0159451      16.4835
   0.0161254      16.8755
   0.0163077       17.376
   0.0164921      17.9841
   0.0166785      18.6967
   0.0168671      19.5056
   0.0170578      20.4002
   0.0172507      21.3652
   0.0174457      22.3833
    0.017643      23.4339
   0.0178425      24.4954
   0.0180442      25.5443
   0.0182482      26.5582
   0.0184546      27.5149
   0.0186632      28.3955
   0.0188742      29.1836
   0.0190876      29.8681
   0.0193034      30.4426
   0.0195217      30.9076
   0.0197424      31.2692
   0.0199656      31.5413
   0.0201914      31.7432
   0.0204197      31.9011
   0.0206506      32.0449
    0.020884      32.2089
   0.0211202       32.428
    0.021359      32.7375
   0.0216005       33.169
   0.0218447      33.7503
   0.0220917      34.5008
   0.0223415      35.4324
   0.0225941      36.5451
   0.0228495      37.8293
   0.0231079      39.2629
   0.0233691      40.8144
   0.0236334      42.4429
   0.0239006       44.102
   0.0241708      45.7418
   0.0244441      47.3139
   0.0247205      48.7745
       0.025      50.0896
   0.0252826      51.2376
   0.0255685      52.2136
   0.0258576      53.0296
   0.0261499      53.7164
   0.0264456      54.3207
   0.0267446      54.9038
    0.027047      55.5346
   0.0273528      56.2855
   0.0276621      57.2237
   0.0279748      58.4052
   0.0282911      59.8664
    0.028611      61.6208
   0.0289345      63.6534
   0.0292617      65.9228
   0.0295925      68.3614
   0.0299271      70.8843
   0.0302655      73.3961
   0.0306077      75.8043
   0.0309537      78.0298
   0.0313037      80.0205
   0.0316576      81.7592
   0.0320156       83.271
   0.0323776       84.622
   0.0327436      85.9153
   0.0331139      87.2783
   0.0334883      88.8478
   0.0338669      90.7484
   0.0342498      93.0746
   0.0346371      95.8718
   0.0350287      99.1268
   0.0354247      102.764
   0.0358253      106.654
   0.0362303      110.633
     0.03664      114.527
   0.0370542      118.185
   0.0374732      121.513
   0.0378969      124.492
   0.0383254      127.194
   0.0387587      129.777
   0.0391969       132.46
   0.0396401      135.489
   0.0400883      139.081
   0.0405416      143.385
   0.0409999      148.434
   0.0414635      154.136
   0.0419323      160.279
   0.0424064      166.571
   0.0428859      172.709
   0.0433708      178.448
   0.0438612      183.678
   0.0443571      188.464
   0.0448586       193.05
   0.0453658      197.815
   0.0458787      203.186
   0.0463975      209.522
   0.0469221      217.004
   0.0474526       225.57
   0.0479891        234.9
   0.0485317      244.497
   0.0490804      253.819
   0.0496354       262.46
   0.0501966      270.295
   0.0507641      277.569
   0.0513381       284.85
   0.0519185      292.879
   0.0525055      302.315
   0.0530992      313.485
   0.0536996      326.208
   0.0543067        339.8
   0.0549207      353.267
   0.0555417      365.668
   0.0561697      376.513
   0.0568048      386.036
    0.057447      395.204
   0.0580966      405.388
   0.0587534      417.786
   0.0594177      432.795
   0.0600895      449.645
   0.0607689      466.509
    0.061456      481.186
   0.0621509      492.138
   0.0628536      499.455
   0.0635643      505.197
   0.0642829      512.736
   0.0650098        525.1
   0.0657448      542.862
   0.0664881      562.494
   0.0672399      576.178
   0.0680001      573.589
    0.068769      545.352
   0.0695465      486.939
   0.0703329      401.311
   0.0711281       298.86
   0.0719323      194.311
   0.0727456      101.702
   0.0735681      29.6565
   0.0743999     -20.7474
   0.0752411     -54.4414
   0.0760918      -78.051
   0.0769522     -95.3064
   0.0778222     -104.938
   0.0787021     -102.292
    0.079592     -83.4384
   0.0804919     -48.7116
    0.081402     -2.81923
   0.0823223      48.9028
   0.0832531      105.371
   0.0841944      171.579
   0.0851464      254.859
   0.0861091       357.26
   0.0870827      469.433
   0.0880673      571.459
    0.089063       641.67
     0.09007       668.39
   0.0910884      656.494
   0.0921183      623.742
   0.0931598       589.25
   0.0942131      562.546
   0.0952783      541.103
   0.0963556      517.139
   0.0974451      486.801
   0.0985468      453.496
   0.0996611      423.347
    0.100788       398.51
    0.101927      375.617
     0.10308      350.496
    0.104245      323.293
    0.105424      298.011
    0.106616      277.373
    0.107821      259.571
    0.109041      240.923
    0.110273      220.803
     0.11152      202.271
    0.112781      187.655
    0.114056      175.279
    0.115346      161.947
     0.11665      147.554
    0.117969      135.029
    0.119303      125.715
    0.120652      117.264
    0.122016      107.342
    0.123395      97.2667
    0.124791      89.6636
    0.126202      83.9743
    0.127628      77.3911
    0.129071      69.6728
    0.130531      63.4268
    0.132007      59.3016
    0.133499      54.7722
    0.135009      48.8451
    0.136535      43.8664
    0.138079      40.9033
     0.13964      37.6319
    0.141219      33.0113
    0.142816      29.3548
     0.14443      27.4596
    0.146063      24.9018
    0.147715      21.2447
    0.149385      18.9389
    0.151074      17.8265
    0.152782      15.4967
    0.154509      12.8346
    0.156256       11.916
    0.158023      11.0584
     0.15981      8.87701
    0.161617      7.64722
    0.163444      7.57323
    0.165292      6.24637
    0.167161      4.80183
    0.169051      4.91171
    0.170962      4.34352
    0.172895       2.9737
     0.17485      3.08453
    0.176827      3.03094
    0.178826      1.85697
    0.180848      1.95571
    0.182893      2.10507
    0.184961       1.0716
    0.187052      1.22754
    0.189167      1.40099
    0.191306      0.51003
    0.193469     0.868619
    0.195656     0.905671
    0.197869     0.190866
    0.200106     0.726537
    0.202368     0.430277
    0.204656    0.0371691
     0.20697     0.601014
    0.209311   -0.0034071
    0.211677      0.18513
     0.21407      0.37738
    0.216491    -0.172402
    0.218939     0.386751
    0.221414   -0.0704176
    0.223917    0.0239897
    0.226449      0.23107
     0.22901    -0.233052
    0.231599     0.347275
    0.234217    -0.210036
    0.236866     0.176014
    0.239544   -0.0355694
    0.242252   -0.0662343
    0.244991     0.164498
    0.247761    -0.192793
    0.250563     0.265408
    0.253396    -0.241028
    0.256261     0.229706
    0.259158    -0.222293
    0.262088     0.185758
    0.265051    -0.138002
    0.268048     0.136402
    0.271079    -0.101838
    0.274144    0.0629238
    0.277244   -0.0680539
    0.280378    0.0550282
    0.283548   -0.0203782
    0.286754    0.0308487
    0.289996    -0.032286
    0.293275   0.00723502
    0.296591  -0.00678743
    0.299945    0.0237016
    0.303336  -0.00547363
    0.306766  -0.00498284
    0.310234   -0.0138379
    0.313742    0.0105321
    0.317289   0.00740988
    0.320877   0.00170026
    0.324505   -0.0135271
    0.328174  -0.00186898
    0.331884   0.00683689
    0.335637   0.00811264
    0.339431  -0.00713903
    0.343269  -0.00738877
     0.34715   0.00224475
    0.351075   0.00995111
    0.355045 -0.000906182
    0.359059  -0.00760918
    0.363119  -0.00136755
    0.367225   0.00889888
    0.371377   0.00108332
    0.375576  -0.00863191
    0.379822   -0.0025991
    0.384117   0.00913309
     0.38846   0.00137806
    0.392852  -0.00910616
    0.397293 -3.05111e-05
    0.401785    0.0102959
    0.406328  -0.00207396
    0.410922  -0.00938605
    0.415569   0.00446371
    0.420267    0.0071855
    0.425019  -0.00797024
    0.429824  -0.00328519
    0.434684   0.00924433
    0.439599  -0.00147639
    0.444569  -0.00796493
    0.449596   0.00640436
    0.454679   0.00352414
     0.45982  -0.00824316
    0.465019   0.00182849
    0.470277    0.0062695
    0.475594  -0.00597336
    0.480971 -0.000865126
    0.486409   0.00623672
    0.491909  -0.00441049
    0.497471  -0.00235963
    0.503096   0.00636138
    0.508784  -0.00360444
    0.514536  -0.00249626
    0.520354   0.00638389
    0.526237  -0.00488178
    0.532187  -0.00121439
    0.538205   0.00637253
     0.54429  -0.00655455
    0.550444   0.00273183
    0.556667   0.00290125
    0.562961  -0.00691511
    0.569327   0.00658261
    0.575764  -0.00345348
    0.582274  -0.00106875
    0.588857   0.00532788
    0.595515    -0.006446
    0.602248   0.00490058
    0.609057  -0.00215861
    0.615944  -0.00115745
    0.622908   0.00356647
    0.629951  -0.00493135
    0.637073   0.00531062
    0.644277  -0.00358728
    0.651561   0.00128025
    0.658928   0.00012657
    0.666378  -0.00204148
    0.673913   0.00388361
    0.681532  -0.00450466
    0.689238   0.00487756
    0.697031  -0.00504756
    0.704912   0.00465378
    0.712882  -0.00398677
    0.720942   0.00359095
    0.729094  -0.00327746
    0.737337    0.0025688
    0.745674  -0.00183965
    0.754105   0.00145511
    0.762631  -0.00128232
    0.771254   0.00106583
    0.779974 -0.000825019
    0.788793  0.000752669
    0.797711 -0.000621601
    0.806731  0.000265673
    0.815852 -0.000306358
    0.825076  0.000435927
    0.834405 -0.000173071
    0.843839  7.36074e-05
     0.85338 -0.000254124
    0.863029  0.000166932
    0.872787  1.70457e-05
    0.882655  2.28103e-05
    0.892635 -0.000141896
    0.902728  0.000235599
    0.912934 -0.000230448
    0.923256  0.000181222
    0.933695  -0.00011694
    0.944252 -8.56806e-05
    0.954928  0.000137171
    0.965725  6.81487e-05
    0.976644 -0.000120615
    0.987687  5.52027e-05
    0.998854 -4.35156e-05
     1.01015  0.000114915
     1.02157 -6.31022e-05
     1.03312  8.40921e-06
      1.0448 -0.000156131
     1.05661    0.0001183
     1.06856  7.63874e-05
     1.08064 -3.81322e-05
     1.09286 -7.73341e-05
     1.10522  0.000143398
     1.11771  -6.9074e-05
     1.13035 -9.02535e-05
     1.14313  9.84896e-05
     1.15606 -7.48779e-05
     1.16913  7.62091e-05
     1.18234 -8.07373e-05
     1.19571   7.7297e-05
     1.20923   1.8412e-05
      1.2229 -6.88436e-05
     1.23673  8.04405e-06
     1.25071 -5.72621e-05
     1.26486  9.99101e-05
     1.27916 -5.71955e-05
     1.29362  4.02132e-05
     1.30825 -5.06667e-06
     1.32304  2.94214e-06
       1.338 -8.60291e-05
     1.35313  0.000108172
     1.36842 -7.78297e-05
      1.3839  7.66924e-05
     1.39954 -3.79293e-06
     1.41537  -4.8643e-05
     1.43137  2.40931e-05
     1.44755 -2.27929e-05
     1.46392  1.49342e-05
     1.48047  5.84977e-06
     1.49721  3.45264e-05
     1.51414 -4.47018e-05
     1.53126 -3.33179e-05
     1.54857  3.80622e-05
     1.56608 -3.30493e-07
     1.58379  7.15596e-06
      1.6017  3.16216e-06
     1.61981  1.74185e-05
     1.63812 -6.38955e-05
     1.65664  3.36818e-05
     1.67537  3.56684e-05
     1.69432 -3.72998e-05
     1.71347 -4.76997e-06
     1.73285  1.36353e-05
     1.75244 -3.04633e-05
     1.77225  3.84301e-05
     1.79229 -4.67353e-06
     1.81255 -1.73716e-05
     1.83305  7.54774e-06
     1.85377  1.00362e-05
     1.87473  1.01198e-05
     1.89593 -1.03014e-05
     1.91737 -1.52783e-05
     1.93905  6.10425e-07
     1.96097  1.57993e-05
     1.98314 -6.89778e-06
     2.00556 -4.73315e-07
     2.02824 -2.66087e-05
     2.05117  4.39162e-05
     2.07436 -3.08143e-05
     2.09782  3.23295e-05
     2.12154 -4.89485e-05
     2.14552  4.87924e-05
     2.16978  -2.7272e-05
     2.19431   1.4934e-05
     2.21912 -1.14283e-05
     2.24422  5.43145e-06
     2.26959  7.87842e-06
     2.29525 -1.25924e-05
      2.3212  3.33019e-06
     2.34745  7.66617e-06
     2.37399 -1.14579e-05
     2.40083  3.73042e-06
     2.42798 -5.28016e-06
     2.45543   1.4427e-05
     2.48319 -1.98338e-05
     2.51127  1.31966e-05
     2.53966 -3.42572e-06
     2.56837  5.98652e-06
     2.59741 -1.04178e-05
     2.62678   1.1811e-05
     2.65648 -5.12254e-06
     2.68652 -5.60635e-06
     2.71689  6.72706e-06
     2.74761  4.68246e-07
     2.77868  -8.1238e-06
     2.81009  6.64401e-06
     2.84187  3.36345e-06
       2.874 -8.19949e-06
     2.90649  6.33026e-06
     2.93935   1.9408e-06
     2.97259 -9.65574e-06
      3.0062  6.83843e-06
     3.04019 -2.13051e-06
     3.07456  -6.4477e-06
     3.10932  1.08869e-05
     3.14448 -3.98214e-06
     3.18003  -1.9372e-06
     3.21599  6.66087e-06
     3.25235 -6.83349e-06
     3.28912   4.8078e-06
     3.32631 -6.46013e-07
     3.36392  -7.8759e-06
     3.40196  8.79762e-06
     3.44042 -6.04819e-06
     3.47932  2.50552e-06
     3.51866   4.2291e-06
     3.55844 -6.30164e-06
     3.59868  4.65566e-06
     3.63936 -4.28434e-06
     3.68051  4.57858e-06
     3.72213 -2.78387e-06
     3.76421  2.02207e-07
     3.80677  2.06103e-06
     3.84981 -4.34626e-06
     3.89334  4.75436e-06
     3.93736 -5.54938e-06
     3.98188  4.93598e-06
      4.0269 -3.28339e-06
     4.07243  3.93893e-06
     4.11847 -2.25205e-06
     4.16504  1.03302e-06
     4.21213  -1.7988e-06
     4.25976  9.61537e-08
     4.30792   1.7204e-07
     4.35663  1.75164e-07
     4.40589  1.79237e-06
      4.4557   -8.663e-07
     4.50608 -1.20212e-06
     4.55703  -4.0587e-07
     4.60855  2.95223e-07
     4.66066  2.35327e-06
     4.71336 -1.73765e-06
     4.76665  8.71998e-08
     4.82054 -1.23273e-06
     4.87504  1.85565e-06
     4.93016 -1.12486e-07
     4.98591  2.97876e-07
     5.04228 -1.01951e-06
     5.09929 -7.34411e-07
     5.15695  1.84459e-07
     5.21525  1.04285e-06
     5.27422  1.80331e-07
     5.33385 -2.18572e-07
     5.39416  2.11281e-07
     5.45515  4.62858e-07
     5.51683 -1.77416e-06
     5.57921 -1.47563e-07
     5.64229  6.39184e-07
     5.70608  9.04606e-07
      5.7706 -3.00977e-07
     5.83584  4.43985e-07
     5.90183 -9.66253e-07
     5.96856  1.23209e-07
     6.03604  3.54292e-07
     6.10429 -4.32482e-07
      6.1733 -1.11337e-07
      6.2431    4.332e-07
     6.31369 -4.71076e-08
     6.38508  1.63002e-07
     6.45727  2.88127e-07
     6.53028 -5.97489e-07
     6.60411 -4.90382e-07
     6.67878  9.02591e-07
      6.7543 -4.67059e-07
     6.83066 -7.92669e-08
      6.9079   8.0174e-07
       6.986 -3.06351e-07
     7.06499 -7.42139e-07
     7.14487  3.33438e-07
     7.22565  5.08835e-07
     7.30735 -6.22829e-07
     7.38997  2.82153e-07
     7.47352  4.04446e-07
     7.55802 -8.99687e-07
     7.64348   6.5634e-07
      7.7299 -1.21127e-07
      7.8173  8.17155e-08
     7.90569   -1.395e-07
     7.99507 -6.30878e-07
     8.08547  1.04238e-06
     8.17689  1.99725e-08
     8.26934 -8.52332e-07
     8.36284  4.51103e-07
     8.45739  -1.8738e-07
     8.55301  5.09916e-07
     8.64972 -6.01993e-07
     8.74752  2.18633e-07
     8.84642  3.39361e-07
     8.94644 -5.48422e-07
      9.0476  1.23984e-07
     9.14989  3.10446e-07
     9.25335 -3.74677e-07
     9.35797  4.61986e-07
     9.46378 -5.49421e-07
     9.57078  4.20738e-07
     9.67899 -3.59297e-07
     9.78843  3.29657e-07
      9.8991 -4.93644e-08
      10.011 -2.20487e-07
     10.1242  1.51689e-07
     10.2387 -4.03532e-09
     10.3544  2.91347e-08
     10.4715 -9.82577e-08
     10.5899  4.90227e-08
     10.7097  5.33506e-08
     10.8307 -1.36644e-07
     10.9532  2.07763e-07
      11.077 -3.10207e-07
     11.2023  3.66283e-07
     11.3289 -2.66312e-07
      11.457   1.2584e-07
     11.5866 -1.37264e-07
     11.7176  1.51767e-07
     11.8501  2.63684e-08
      11.984 -2.59075e-07
     12.1195  2.60391e-07
     12.2566  -1.0297e-07
     12.3952  2.71333e-08
     12.5353 -7.14405e-08
      12.677   7.6338e-08
     12.8204   2.7459e-09
     12.9653 -8.40551e-08
     13.1119  9.75378e-08
     13.2602 -9.49277e-08
     13.4101  9.71417e-08
     13.5617 -1.01285e-07
      13.715  6.81597e-08
     13.8701  1.50928e-09
     14.0269 -8.99232e-08
     14.1855  1.09122e-07
     14.3459 -4.75392e-08
     14.5081  -3.5631e-08
     14.6722  5.12622e-08
     14.8381 -1.59575e-08
     15.0058 -2.72172e-08
     15.1755  2.82444e-08
     15.3471 -2.12173e-08
     15.5206  1.58334e-08
     15.6961 -2.83713e-08
     15.8735  2.86361e-08
      16.053 -2.18535e-08
     16.2345  2.40096e-09
     16.4181  3.85726e-09
     16.6037 -1.99019e-08
     16.7914  2.34198e-08
     16.9813  -2.8937e-08
     17.1733  1.85342e-08
     17.3675 -1.66418e-08
     17.5638   1.3982e-08
     17.7624 -3.77531e-08
     17.9632  5.82993e-08
     18.1663 -7.86066e-08
     18.3717  6.20808e-08
     18.5795 -2.91456e-08
     18.7895 -2.30616e-08
      19.002  4.44363e-08
     19.2168 -4.77691e-08
     19.4341  1.54932e-08
     19.6538  9.62211e-09
     19.8761  -3.5196e-08
     20.1008  3.02982e-08
     20.3281 -2.67689e-08
     20.5579  3.71161e-09
     20.7903  3.49572e-09
     21.0254 -1.71449e-08
     21.2631   8.3392e-09
     21.5035 -9.72098e-09
     21.7467 -6.84269e-09
     21.9925  8.17312e-09
     22.2412 -2.48953e-08
     22.4927  2.06418e-08
      22.747 -2.56493e-08
     23.0042  1.06954e-08
     23.2643 -1.59997e-08
     23.5273  3.59994e-09
     23.7933  -8.4335e-09
     24.0623 -4.02083e-09
     24.3344  -5.0306e-09
     24.6095 -5.05693e-09
     24.8878 -3.83937e-09
     25.1692 -8.33366e-09
     25.4538 -2.88597e-09
     25.7416 -5.29038e-09
     26.0326 -7.50458e-09
     26.3269 -4.32336e-09
     26.6246 -6.68159e-09
     26.9256 -5.48391e-09
     27.2301 -6.56019e-09
      27.538 -5.69588e-09
     27.8493 -7.24443e-09
     28.1642 -5.90241e-09
     28.4826 -6.95653e-09
     28.8047 -7.27925e-09
     29.1304 -6.39655e-09
     29.4597 -7.64385e-09
     29.7928 -7.49618e-09
     30.1297  -6.9442e-09
     30.4703 -8.37636e-09
     30.8148 -7.12724e-09
     31.1632 -8.93525e-09
     31.5156 -7.63796e-09
     31.8719 -8.44279e-09
     32.2323 -8.87175e-09
     32.5967 -8.44004e-09
     32.9653   -9.401e-09
      33.338 -8.95436e-09
     33.7149 -9.50186e-09
     34.0961 -9.83141e-09
     34.4816 -9.42201e-09
     34.8715 -1.04064e-08
     35.2658 -9.92677e-09
     35.6645 -1.10865e-08
     36.0678 -1.02182e-08
     36.4756 -1.12451e-08
      36.888 -1.13887e-08
     37.3051 -1.11694e-08
     37.7268  -1.1981e-08
     38.1534 -1.19689e-08
     38.5848 -1.23344e-08
      39.021 -1.25433e-08
     39.4622 -1.28098e-08
     39.9084  -1.3285e-08
     40.3596 -1.32717e-08
      40.816 -1.38375e-08
     41.2775 -1.39258e-08
     41.7442 -1.45917e-08
     42.2161 -1.45184e-08
     42.6935 -1.50112e-08
     43.1762 -1.54188e-08
     43.6644 -1.56703e-08
      44.158 -1.59164e-08
     44.6573 -1.67272e-08
     45.1622 -1.64169e-08
     45.6729 -1.73964e-08
     46.1893 -1.73198e-08
     46.7115  -1.8087e-08
     47.2397 -1.82395e-08
     47.7738 -1.88138e-08
     48.3139 -1.90459e-08
     48.8602 -1.96224e-08
     49.4126 -1.99646e-08
     49.9713 -2.06212e-08
     50.5363 -2.06389e-08
     51.1077 -2.16384e-08
     51.6856 -2.16577e-08
     52.2699 -2.24863e-08
     52.8609 -2.27228e-08
     53.4586 -2.34561e-08
      54.063  -2.3736e-08
     54.6743 -2.45288e-08
     55.2925 -2.47785e-08
     55.9176 -2.56562e-08
     56.5499 -2.58359e-08
     57.1893 -2.68375e-08
     57.8359 -2.70785e-08
     58.4898 -2.79102e-08
     59.1511 -2.83194e-08
     59.8199 -2.91988e-08
     60.4963 -2.95276e-08
     61.1803 -3.05232e-08
      61.872  -3.0909e-08
     62.5716 -3.17907e-08
      63.279 -3.22888e-08
     63.9945 -3.32613e-08
     64.7181 -3.37163e-08
     65.4498 -3.46922e-08
     66.1898 -3.52439e-08
     66.9382 -3.62077e-08
      67.695 -3.68417e-08
     68.4604 -3.77782e-08
     69.2345  -3.8483e-08
     70.0173  -3.9451e-08
     70.8089 -4.01629e-08
     71.6095 -4.11952e-08
     72.4192 -4.19499e-08
      73.238 -4.29984e-08
     74.0661 -4.37802e-08
     74.9035  -4.4889e-08
     75.7504 -4.57248e-08
     76.6069 -4.68151e-08
      77.473 -4.77571e-08
      78.349 -4.88558e-08
     79.2348  -4.9822e-08
     80.1307 -5.10075e-08
     81.0367 -5.19786e-08
     81.9529 -5.32233e-08
     82.8795 -5.42538e-08
     83.8166 -5.55079e-08
     84.7643 -5.66152e-08
     85.7227 -5.79056e-08
     86.6919 -5.90566e-08
     87.6721 -6.04054e-08
     88.6634 -6.16017e-08
     89.6658 -6.29918e-08
     90.6797 -6.42467e-08
     91.7049 -6.56954e-08
     92.7418 -6.69924e-08
     93.7904 -6.84908e-08
     94.8508 -6.98598e-08
     95.9233  -7.1394e-08
     97.0078 -7.28253e-08
     98.1046 -7.44222e-08
     99.2139 -7.59075e-08
