 0.000992139      61.6117
  0.00100336      62.8921
   0.0010147      64.2267
  0.00102617      65.5552
  0.00103778      66.9386
  0.00104951      68.3243
  0.00106138      69.7525
  0.00107338      71.1947
  0.00108551      72.6752
  0.00109779      74.1709
   0.0011102      75.7081
  0.00112275      77.2551
  0.00113544      78.8522
  0.00114828      80.4542
  0.00116127       82.107
   0.0011744      83.7702
  0.00118767      85.4793
   0.0012011      87.2011
  0.00121468      88.9713
  0.00122842      90.7528
  0.00124231      92.5843
  0.00125635      94.4265
  0.00127056      96.3185
  0.00128492      98.2271
  0.00129945      100.178
  0.00131414      102.151
    0.001329      104.166
  0.00134403      106.202
  0.00135922      108.282
  0.00137459      110.383
  0.00139013      112.527
  0.00140585      114.693
  0.00142175      116.903
  0.00143782      119.133
  0.00145408      121.409
  0.00147052      123.705
  0.00148715      126.045
  0.00150396      128.407
  0.00152096      130.812
  0.00153816      133.239
  0.00155555      135.708
  0.00157314      138.199
  0.00159093      140.732
  0.00160892      143.285
  0.00162711      145.882
   0.0016455      148.497
  0.00166411      151.154
  0.00168292      153.829
  0.00170195      156.544
   0.0017212      159.277
  0.00174066      162.049
  0.00176034      164.838
  0.00178024      167.663
  0.00180037      170.504
  0.00182072      173.379
  0.00184131      176.269
  0.00186213       179.19
  0.00188318      182.124
  0.00190448      185.087
  0.00192601       188.06
  0.00194779       191.06
  0.00196981      194.066
  0.00199208      197.097
   0.0020146      200.131
  0.00203738      203.184
  0.00206042       206.24
  0.00208371      209.309
  0.00210727      212.377
   0.0021311      215.455
  0.00215519      218.526
  0.00217956      221.602
  0.00220421      224.668
  0.00222913      227.733
  0.00225433      230.781
  0.00227982      233.823
   0.0023056      236.843
  0.00233166       239.85
  0.00235803      242.828
  0.00238469      245.787
  0.00241165       248.71
  0.00243892      251.606
  0.00246649      254.458
  0.00249438      257.275
  0.00252258       260.04
  0.00255111      262.762
  0.00257995      265.422
  0.00260912       268.03
  0.00263862      270.567
  0.00266845      273.042
  0.00269863      275.436
  0.00272914      277.756
  0.00275999      279.985
   0.0027912       282.13
  0.00282276      284.172
  0.00285468      286.118
  0.00288695      287.949
  0.00291959      289.672
   0.0029526      291.268
  0.00298599      292.742
  0.00301975      294.077
  0.00305389      295.277
  0.00308842      296.324
  0.00312334      297.222
  0.00315865      297.955
  0.00319437      298.524
  0.00323048      298.913
  0.00326701      299.125
  0.00330395      299.144
   0.0033413       298.97
  0.00337908      298.589
  0.00341729      298.002
  0.00345593      297.194
    0.003495      296.165
  0.00353452      294.902
  0.00357448      293.406
   0.0036149      291.661
  0.00365577      289.671
   0.0036971       287.42
   0.0037389      284.911
  0.00378118      282.131
  0.00382393      279.083
  0.00386716      275.754
  0.00391089      272.147
  0.00395511      268.251
  0.00399983       264.07
  0.00404505      259.594
  0.00409079      254.828
  0.00413704      249.763
  0.00418381      244.406
  0.00423112      238.749
  0.00427896        232.8
  0.00432734      226.554
  0.00437626       220.02
  0.00442575      213.194
  0.00447578      206.089
  0.00452639      198.701
  0.00457757      191.046
  0.00462932      183.123
  0.00468167      174.949
   0.0047346      166.528
  0.00478813      157.876
  0.00484227      149.002
  0.00489702      139.925
  0.00495239      130.655
  0.00500838      121.216
  0.00506501       111.62
  0.00512228      101.892
  0.00518019      92.0506
  0.00523876      82.1229
  0.00529799      72.1285
   0.0053579      62.0994
  0.00541847      52.0577
  0.00547974      42.0382
   0.0055417       32.066
  0.00560435      22.1788
  0.00566772      12.4042
   0.0057318       2.7822
  0.00579661     -6.65694
  0.00586215     -15.8714
  0.00592843      -24.829
  0.00599546     -33.4864
  0.00606325     -41.8101
   0.0061318      -49.756
  0.00620113     -57.2899
  0.00627124     -64.3679
  0.00634215      -70.956
  0.00641386     -77.0113
  0.00648637     -82.5011
  0.00655971     -87.3846
  0.00663388     -91.6316
  0.00670889     -95.2046
  0.00678474     -98.0774
  0.00686145     -100.217
  0.00693903     -101.602
  0.00701749     -102.207
  0.00709683     -102.015
  0.00717707      -101.01
  0.00725822     -99.1836
  0.00734029     -96.5266
  0.00742328     -93.0424
  0.00750721     -88.7313
  0.00759209      -83.608
  0.00767793     -77.6846
  0.00776474     -70.9878
  0.00785253     -63.5426
  0.00794132     -55.3888
  0.00803111     -46.5647
  0.00812191     -37.1236
  0.00821374     -27.1175
  0.00830661     -16.6131
  0.00840053     -5.67575
  0.00849551      5.61518
  0.00859157      17.1821
  0.00868871      28.9342
  0.00878695      40.7836
   0.0088863      52.6304
  0.00898677      64.3789
  0.00908838      75.9232
  0.00919114      87.1633
  0.00929506      97.9915
  0.00940015      108.308
  0.00950643      118.007
  0.00961392      126.996
  0.00972262      135.176
  0.00983255      142.465
  0.00994372      148.781
   0.0100561      154.057
   0.0101698      158.232
   0.0102848      161.263
   0.0104011      163.115
   0.0105187      163.775
   0.0106377       163.24
   0.0107579      161.532
   0.0108796      158.682
   0.0110026       154.75
    0.011127      149.807
   0.0112528       143.95
     0.01138      137.289
   0.0115087      129.958
   0.0116388      122.103
   0.0117704       113.89
   0.0119035      105.492
   0.0120381      97.1012
   0.0121742      88.9092
   0.0123118      81.1192
    0.012451      73.9292
   0.0125918      67.5396
   0.0127342      62.1373
   0.0128782      57.9028
   0.0130238       54.994
    0.013171       53.553
   0.0133199      53.6901
   0.0134705      55.4911
   0.0136228       59.002
   0.0137769      64.2372
   0.0139326      71.1655
   0.0140902      79.7198
   0.0142495      89.7852
   0.0144106      101.211
   0.0145735        113.8
   0.0147383      127.325
   0.0149049       141.52
   0.0150735      156.098
   0.0152439      170.747
   0.0154162       185.15
   0.0155905      198.982
   0.0157668      211.933
   0.0159451      223.707
   0.0161254      234.044
   0.0163077      242.722
   0.0164921      249.573
   0.0166785      254.488
   0.0168671      257.433
   0.0170578      258.442
   0.0172507      257.633
   0.0174457      255.196
    0.017643      251.405
   0.0178425      246.593
   0.0180442      241.162
   0.0182482      235.552
   0.0184546      230.235
   0.0186632      225.693
   0.0188742      222.395
   0.0190876      220.775
   0.0193034      221.211
   0.0195217      223.999
   0.0197424      229.338
   0.0199656       237.31
   0.0201914      247.872
   0.0204197      260.846
   0.0206506      275.929
    0.020884      292.694
   0.0211202      310.613
    0.021359      329.077
   0.0216005      347.439
   0.0218447      365.035
   0.0220917      381.242
   0.0223415      395.508
   0.0225941      407.406
   0.0228495      416.654
   0.0231079      423.164
   0.0233691      427.042
   0.0236334      428.605
   0.0239006      428.365
   0.0241708      427.008
   0.0244441      425.345
   0.0247205      424.263
       0.025      424.653
   0.0252826      427.346
   0.0255685      433.028
   0.0258576      442.181
   0.0261499      455.023
   0.0264456       471.48
   0.0267446      491.165
    0.027047      513.406
   0.0273528      537.285
   0.0276621      561.721
   0.0279748      585.567
   0.0282911      607.727
    0.028611      627.271
   0.0289345      643.559
   0.0292617      656.315
   0.0295925      665.701
   0.0299271       672.31
   0.0302655       677.14
   0.0306077      681.488
   0.0309537      686.822
   0.0313037      694.596
   0.0316576      706.074
   0.0320156      722.143
   0.0323776      743.175
   0.0327436       768.94
   0.0331139      798.608
   0.0334883      830.821
   0.0338669      863.872
   0.0342498      895.936
   0.0346371      925.352
   0.0350287      950.895
   0.0354247      972.013
   0.0358253      988.961
   0.0362303      1002.83
     0.03664      1015.39
   0.0370542      1028.87
   0.0374732      1045.57
   0.0378969      1067.41
   0.0383254      1095.62
   0.0387587      1130.41
   0.0391969      1170.86
   0.0396401      1215.07
   0.0400883      1260.45
   0.0405416      1304.26
   0.0409999       1344.2
   0.0414635      1378.95
   0.0419323      1408.55
   0.0424064      1434.51
   0.0428859      1459.61
   0.0433708      1487.26
   0.0438612      1520.78
   0.0443571      1562.58
   0.0448586      1613.42
   0.0453658      1672.15
   0.0458787       1735.9
   0.0463975      1800.73
   0.0469221      1862.72
   0.0474526      1919.11
   0.0479891      1969.24
   0.0485317      2014.97
   0.0490804      2060.32
   0.0496354      2110.45
   0.0501966      2170.04
   0.0507641      2241.83
   0.0513381      2325.52
   0.0519185      2417.63
   0.0525055      2512.55
   0.0530992      2604.42
   0.0536996      2689.29
   0.0543067      2766.91
   0.0549207      2841.21
   0.0555417      2919.17
   0.0561697      3008.38
   0.0568048         3114
    0.057447      3236.37
   0.0580966      3370.46
   0.0587534      3507.62
   0.0594177       3639.2
   0.0600895      3760.65
   0.0607689      3874.23
    0.061456       3988.7
   0.0621509      4115.79
   0.0628536      4264.52
   0.0635643      4436.16
   0.0642829      4622.48
   0.0650098         4809
   0.0657448      4982.19
   0.0664881      5137.33
   0.0672399      5282.53
   0.0680001      5435.56
    0.068769      5614.03
   0.0695465      5823.54
   0.0703329      6051.06
   0.0711281      6269.12
   0.0719323      6450.93
   0.0727456      6588.97
   0.0735681       6704.7
   0.0743999      6839.58
   0.0752411      7026.99
   0.0760918      7257.66
   0.0769522      7460.05
   0.0778222      7513.44
   0.0787021      7295.33
    0.079592      6742.82
   0.0804919      5894.06
    0.081402      4881.81
   0.0823223      3877.08
   0.0832531      3012.47
   0.0841944      2331.01
   0.0851464      1792.05
   0.0861091         1328
   0.0870827      908.996
   0.0880673      566.426
    0.089063      359.173
     0.09007      314.838
   0.0910884      402.222
   0.0921183      565.363
   0.0931598      790.804
   0.0942131      1139.59
   0.0952783      1697.53
   0.0963556      2471.69
   0.0974451      3324.15
   0.0985468      4018.63
   0.0996611      4362.25
    0.100788      4332.27
    0.101927      4078.55
     0.10308      3797.81
    0.104245      3591.85
    0.105424      3431.87
    0.106616      3242.79
    0.107821       3004.3
    0.109041      2763.78
    0.110273      2566.64
     0.11152      2401.85
    0.112781      2227.79
    0.114056      2034.05
    0.115346      1852.65
     0.11665      1708.45
    0.117969      1584.45
    0.119303      1451.15
    0.120652      1311.94
    0.122016      1194.52
    0.123395      1104.63
    0.124791      1017.76
    0.126202      920.578
    0.127628      831.532
    0.129071      766.352
    0.130531      709.946
    0.132007      643.982
    0.133499      579.185
    0.135009      532.975
    0.136535      495.468
    0.138079      448.808
     0.13964      401.462
    0.141219      369.366
    0.142816      342.718
     0.14443      306.707
    0.146063      272.327
    0.147715      251.497
    0.149385      230.824
    0.151074      201.814
    0.152782      179.502
    0.154509      166.897
    0.156256      148.027
    0.158023      126.022
     0.15981      114.851
    0.161617      104.715
    0.163444      86.9618
    0.165292      75.8505
    0.167161      71.3712
    0.169051      59.3936
    0.170962      49.0368
    0.172895      47.3313
     0.17485      39.8491
    0.176827      30.6875
    0.178826      30.4124
    0.180848      25.9181
    0.182893      18.6316
    0.184961       19.764
    0.187052      16.8599
    0.189167      11.3539
    0.191306      13.3619
    0.193469      10.2541
    0.195656       6.5266
    0.197869      8.97576
    0.200106      5.30158
    0.202368      4.32784
    0.204656      6.23961
     0.20697      2.22282
    0.209311       3.8381
    0.211677      3.07524
     0.21407     0.652653
    0.216491      3.21398
    0.218939     0.252332
    0.221414      1.66736
    0.223917      1.57871
    0.226449    -0.263535
     0.22901      2.06782
    0.231599      -1.0392
    0.234217      1.41032
    0.236866    -0.234628
    0.239544     0.397886
    0.242252     0.841565
    0.244991    -0.728146
    0.247761      1.17864
    0.250563     -1.27098
    0.253396       1.3183
    0.256261    -0.978085
    0.259158       1.1651
    0.262088    -0.807056
    0.265051     0.590462
    0.268048    -0.613066
    0.271079     0.460088
    0.274144    -0.173038
    0.277244     0.311544
    0.280378    -0.236809
    0.283548    0.0151127
    0.286754    -0.109636
    0.289996      0.18539
    0.293275    0.0418775
    0.296591   0.00679562
    0.299945    -0.143462
    0.303336    0.0047061
    0.306766    0.0764324
    0.310234    0.0974769
    0.313742    -0.066596
    0.317289   -0.0899816
    0.320877  -0.00937179
    0.324505     0.105508
    0.328174    0.0293703
    0.331884   -0.0758669
    0.335637   -0.0753464
    0.339431    0.0572628
    0.343269     0.079717
     0.34715   -0.0181488
    0.351075   -0.0857431
    0.355045    0.0085239
    0.359059    0.0809122
    0.363119   0.00735347
    0.367225    -0.085033
    0.371377   -0.0119281
    0.375576    0.0797841
    0.379822     0.015476
    0.384117   -0.0840591
     0.38846  -0.00596073
    0.392852    0.0856471
    0.397293  -0.00121251
    0.401785   -0.0886169
    0.406328    0.0199387
    0.410922    0.0783072
    0.415569   -0.0419542
    0.420267   -0.0611948
    0.425019    0.0674077
    0.429824    0.0285374
    0.434684   -0.0799554
    0.439599    0.0116287
    0.444569    0.0693206
    0.449596   -0.0521296
    0.454679   -0.0355904
     0.45982    0.0750427
    0.465019    -0.010919
    0.470277   -0.0581871
    0.475594    0.0533604
    0.480971   0.00859723
    0.486409   -0.0634037
    0.491909    0.0415179
    0.497471    0.0248124
    0.503096     -0.05882
    0.508784    0.0363943
    0.514536    0.0203774
    0.520354   -0.0599354
    0.526237      0.04743
    0.532187   0.00669356
    0.538205   -0.0536377
     0.54429    0.0585794
    0.550444   -0.0252606
    0.556667   -0.0245374
    0.562961    0.0578213
    0.569327   -0.0564163
    0.575764    0.0293613
    0.582274    0.0115905
    0.588857   -0.0473835
    0.595515    0.0553592
    0.602248   -0.0429925
    0.609057    0.0172749
    0.615944    0.0143762
    0.622908   -0.0351762
    0.629951     0.047431
    0.637073    -0.048861
    0.644277    0.0349593
    0.651561   -0.0156433
    0.658928  -0.00180536
    0.666378    0.0176226
    0.673913   -0.0314814
    0.681532    0.0404406
    0.689238   -0.0442485
    0.697031    0.0443487
    0.704912   -0.0405177
    0.712882    0.0360978
    0.720942   -0.0326516
    0.729094     0.028744
    0.737337   -0.0233715
    0.745674    0.0163279
    0.754105   -0.0113626
    0.762631    0.0120224
    0.771254   -0.0109767
    0.779974   0.00669053
    0.788793  -0.00631355
    0.797711   0.00569168
    0.806731  -0.00324141
    0.815852   0.00207047
    0.825076  -0.00291449
    0.834405    0.0023779
    0.843839 -0.000862737
     0.85338   0.00163619
    0.863029  -0.00149809
    0.872787  0.000287759
    0.882655  -0.00109759
    0.892635   0.00136226
    0.902728 -0.000741579
    0.912934   0.00142105
    0.923256  -0.00235637
    0.933695  0.000991206
    0.944252   0.00105714
    0.954928 -0.000655444
    0.965725 -0.000279278
    0.976644  0.000977066
    0.987687  -0.00153228
    0.998854    0.0013772
     1.01015 -0.000239568
     1.02157 -0.000450249
     1.03312 -0.000527918
      1.0448     0.001518
     1.05661 -0.000956772
     1.06856  0.000360073
     1.08064 -0.000449368
     1.09286  0.000980366
     1.10522  -0.00111667
     1.11771  0.000483992
     1.13035  5.75475e-06
     1.14313 -0.000411826
     1.15606   0.00104843
     1.16913  -0.00124797
     1.18234  0.000713976
     1.19571 -0.000321231
     1.20923 -0.000182944
      1.2229  0.000822387
     1.23673 -0.000937076
     1.25071  0.000347804
     1.26486  9.56604e-05
     1.27916 -0.000125142
     1.29362 -0.000166229
     1.30825   0.00042812
     1.32304 -0.000570893
       1.338  0.000640997
     1.35313  -0.00046313
     1.36842  0.000378588
      1.3839 -0.000408447
     1.39954  0.000655051
     1.41537 -0.000779248
     1.43137  0.000381127
     1.44755  0.000447183
     1.46392 -0.000796734
     1.48047  0.000402596
     1.49721  4.54473e-05
     1.51414 -0.000330128
     1.53126  0.000311758
     1.54857 -0.000176809
     1.56608  1.67578e-05
     1.58379  4.58014e-05
      1.6017 -1.54611e-05
     1.61981  0.000192095
     1.63812 -0.000154423
     1.65664 -5.39956e-05
     1.67537  0.000132051
     1.69432 -0.000227253
     1.71347  0.000221968
     1.73285 -0.000179558
     1.75244  0.000122209
     1.77225  -0.00013675
     1.79229  4.84376e-06
     1.81255  0.000184818
     1.83305 -2.40513e-05
     1.85377 -1.06552e-05
     1.87473  1.18402e-05
     1.89593 -3.45093e-05
     1.91737  2.93672e-06
     1.93905  2.89957e-07
     1.96097 -9.37638e-05
     1.98314  5.50365e-05
     2.00556 -3.41924e-06
     2.02824 -2.80179e-05
     2.05117  1.31092e-05
     2.07436  1.63344e-05
     2.09782 -1.33008e-05
     2.12154   9.1834e-05
     2.14552 -0.000129115
     2.16978  4.35683e-05
     2.19431  6.77113e-05
     2.21912  -1.7477e-05
     2.24422 -2.57508e-05
     2.26959 -3.42896e-05
     2.29525   0.00010625
      2.3212 -6.08538e-05
     2.34745 -2.79406e-05
     2.37399  1.43534e-06
     2.40083  1.70799e-05
     2.42798 -2.07739e-06
     2.45543 -6.71775e-05
     2.48319  8.34016e-05
     2.51127 -3.67614e-05
     2.53966  2.26761e-06
     2.56837   6.1085e-06
     2.59741  6.63772e-05
     2.62678 -9.00993e-05
     2.65648   4.9845e-05
     2.68652 -1.74894e-05
     2.71689 -6.13049e-07
     2.74761 -1.93462e-05
     2.77868  3.05842e-05
     2.81009 -1.98735e-05
     2.84187  8.56842e-06
       2.874  2.39652e-05
     2.90649 -1.73751e-05
     2.93935 -8.79558e-07
     2.97259  9.05239e-06
      3.0062 -3.87252e-05
     3.04019  6.41047e-06
     3.07456 -1.50539e-06
     3.10932  1.35486e-05
     3.14448    1.264e-05
     3.18003  1.02146e-05
     3.21599 -2.55664e-05
     3.25235  3.30593e-05
     3.28912  -1.0898e-05
     3.32631 -1.60089e-05
     3.36392 -7.72862e-06
     3.40196 -1.11898e-05
     3.44042  2.03734e-05
     3.47932 -5.06012e-06
     3.51866  1.88945e-05
     3.55844 -2.21177e-06
     3.59868 -3.07264e-05
     3.63936  3.23205e-05
     3.68051 -1.20071e-05
     3.72213  2.52267e-06
     3.76421  2.40406e-06
     3.80677 -7.09895e-06
     3.84981    3.673e-06
     3.89334 -1.07324e-05
     3.93736  6.20127e-06
     3.98188 -1.02532e-05
      4.0269  2.12497e-05
     4.07243 -6.66053e-06
     4.11847  1.58433e-05
     4.16504 -2.08506e-05
     4.21213  6.33419e-06
     4.25976 -1.79152e-05
     4.30792  1.56666e-05
     4.35663 -7.95892e-06
     4.40589  2.50172e-05
      4.4557 -1.38328e-05
     4.50608 -7.71196e-06
     4.55703 -9.02139e-06
     4.60855  8.24259e-06
     4.66066  1.88343e-05
     4.71336 -1.29184e-05
     4.76665 -3.37331e-06
     4.82054  -8.8157e-06
     4.87504  1.57302e-05
     4.93016  1.55099e-06
     4.98591  9.56599e-07
     5.04228 -9.03129e-06
     5.09929 -8.27599e-06
     5.15695  2.18175e-06
     5.21525  1.05096e-05
     5.27422  2.27267e-06
     5.33385 -2.85369e-06
     5.39416  3.13266e-06
     5.45515  3.43988e-06
     5.51683 -1.67734e-05
     5.57921 -2.95371e-06
     5.64229  7.92718e-06
     5.70608  8.10642e-06
      5.7706 -2.03175e-06
     5.83584  3.71437e-06
     5.90183 -9.14398e-06
     5.96856  5.27316e-07
     6.03604  4.30487e-06
     6.10429 -5.03746e-06
      6.1733 -6.04814e-07
      6.2431    4.069e-06
     6.31369 -2.10335e-07
     6.38508  1.60783e-06
     6.45727  2.90882e-06
     6.53028 -6.00911e-06
     6.60411 -5.15226e-06
     6.67878  9.36531e-06
      6.7543 -4.86653e-06
     6.83066  -6.6265e-07
      6.9079   8.1427e-06
       6.986 -3.11063e-06
     7.06499 -7.57007e-06
     7.14487  3.38406e-06
     7.22565  5.24539e-06
     7.30735 -6.34425e-06
     7.38997  2.91278e-06
     7.47352  4.11728e-06
     7.55802 -9.14558e-06
     7.64348  6.68567e-06
      7.7299 -1.16518e-06
      7.8173  8.10877e-07
     7.90569 -1.40918e-06
     7.99507 -6.45061e-06
     8.08547  1.07394e-05
     8.17689  1.88056e-07
     8.26934 -8.66662e-06
     8.36284  4.55263e-06
     8.45739 -1.80695e-06
     8.55301  5.17725e-06
     8.64972 -6.08621e-06
     8.74752  2.21546e-06
     8.84642  3.53656e-06
     8.94644 -5.63612e-06
      9.0476   1.3302e-06
     9.14989  3.16055e-06
     9.25335 -3.74181e-06
     9.35797  4.68269e-06
     9.46378 -5.53504e-06
     9.57078  4.26301e-06
     9.67899 -3.58738e-06
     9.78843  3.35905e-06
      9.8991 -4.32309e-07
      10.011 -2.27913e-06
     10.1242  1.62136e-06
     10.2387 -3.91816e-08
     10.3544  3.63521e-07
     10.4715 -1.01518e-06
     10.5899  5.74248e-07
     10.7097  5.41291e-07
     10.8307 -1.32421e-06
     10.9532  2.11841e-06
      11.077 -3.10012e-06
     11.2023  3.75297e-06
     11.3289 -2.65237e-06
      11.457  1.28372e-06
     11.5866 -1.33321e-06
     11.7176  1.57312e-06
     11.8501  3.36502e-07
      11.984 -2.64956e-06
     12.1195   2.7439e-06
     12.2566 -1.03231e-06
     12.3952  3.41222e-07
     12.5353 -7.12169e-07
      12.677  8.57628e-07
     12.8204  5.17572e-08
     12.9653  -7.9237e-07
     13.1119  1.02823e-06
     13.2602  -8.9963e-07
     13.4101  1.02702e-06
     13.5617 -9.66256e-07
      13.715  7.35574e-07
     13.8701  9.11752e-08
     14.0269 -8.89223e-07
     14.1855   1.2026e-06
     14.3459 -4.47998e-07
     14.5081 -2.89878e-07
     14.6722  5.74749e-07
     14.8381 -8.33946e-08
     15.0058 -2.32519e-07
     15.1755  3.74346e-07
     15.3471 -1.65419e-07
     15.5206  2.47895e-07
     15.6961 -2.35702e-07
     15.8735  3.83274e-07
      16.053 -1.64852e-07
     16.2345  1.15302e-07
     16.4181  1.04121e-07
     16.6037 -1.11519e-07
     16.7914  3.10112e-07
     16.9813 -2.01616e-07
     17.1733  2.63806e-07
     17.3675 -7.09685e-08
     17.5638  2.20781e-07
     17.7624 -2.85414e-07
     17.9632  6.83696e-07
     18.1663 -7.04636e-07
     18.3717  7.28397e-07
     18.5795 -1.89993e-07
     18.7895  -1.4669e-07
      19.002  5.74834e-07
     19.2168 -3.96777e-07
     19.4341  2.79586e-07
     19.6538  2.02381e-07
     19.8761 -2.40131e-07
     20.1008  4.21651e-07
     20.3281 -1.47959e-07
     20.5579   1.5234e-07
     20.7903  1.70274e-07
     21.0254 -5.73844e-08
     21.2631  2.25667e-07
     21.5035  2.57337e-08
     21.7467  7.42421e-08
     21.9925  2.17373e-07
     22.2412 -1.06654e-07
     22.4927  3.53274e-07
      22.747 -1.08199e-07
     23.0042  2.57265e-07
     23.2643 -1.76528e-09
     23.5273  1.91284e-07
     23.7933  8.34036e-08
     24.0623  1.20043e-07
     24.3344  1.25813e-07
     24.6095  1.17369e-07
     24.8878  1.45708e-07
     25.1692  9.17006e-08
     25.4538  1.63582e-07
     25.7416  1.31931e-07
     26.0326  1.24033e-07
     26.3269  1.50974e-07
     26.6246  1.41351e-07
     26.9256  1.48361e-07
     27.2301  1.51786e-07
      27.538  1.55998e-07
     27.8493  1.54301e-07
     28.1642   1.6412e-07
     28.4826  1.67359e-07
     28.8047  1.60543e-07
     29.1304  1.83723e-07
     29.4597  1.67933e-07
     29.7928  1.83364e-07
     30.1297  1.86856e-07
     30.4703  1.85804e-07
     30.8148  1.97129e-07
     31.1632  1.92111e-07
     31.5156  2.04547e-07
     31.8719  2.09896e-07
     32.2323  2.05018e-07
     32.5967  2.23183e-07
     32.9653  2.13387e-07
      33.338  2.31722e-07
     33.7149  2.26813e-07
     34.0961  2.37137e-07
     34.4816  2.42759e-07
     34.8715  2.46357e-07
     35.2658  2.53303e-07
     35.6645  2.55179e-07
     36.0678  2.66768e-07
     36.4756  2.70143e-07
      36.888  2.71836e-07
     37.3051  2.88301e-07
     37.7268  2.83673e-07
     38.1534   2.9816e-07
     38.5848  2.98788e-07
      39.021  3.11188e-07
     39.4622   3.1347e-07
     39.9084  3.23339e-07
     40.3596  3.29166e-07
      40.816  3.38355e-07
     41.2775  3.43774e-07
     41.7442  3.52213e-07
     42.2161  3.59973e-07
     42.6935  3.70527e-07
     43.1762  3.73966e-07
     43.6644  3.87374e-07
      44.158  3.93178e-07
     44.6573  4.01153e-07
     45.1622  4.13441e-07
     45.6729  4.20071e-07
     46.1893  4.30651e-07
     46.7115  4.39922e-07
     47.2397  4.48862e-07
     47.7738  4.60607e-07
     48.3139  4.69477e-07
     48.8602    4.817e-07
     49.4126  4.90204e-07
     49.9713  5.02129e-07
     50.5363  5.14805e-07
     51.1077  5.23734e-07
     51.6856  5.37217e-07
     52.2699  5.48524e-07
     52.8609  5.60597e-07
     53.4586  5.73531e-07
      54.063  5.86026e-07
     54.6743  5.99015e-07
     55.2925  6.12725e-07
     55.9176  6.25542e-07
     56.5499   6.4091e-07
     57.1893  6.53186e-07
     57.8359  6.68876e-07
     58.4898  6.83706e-07
     59.1511  6.98638e-07
     59.8199  7.13799e-07
     60.4963  7.30591e-07
     61.1803  7.45413e-07
      61.872  7.62669e-07
     62.5716  7.79586e-07
      63.279  7.96769e-07
     63.9945  8.13695e-07
     64.7181  8.32456e-07
     65.4498  8.50346e-07
     66.1898  8.69271e-07
     66.9382  8.88331e-07
      67.695   9.0761e-07
     68.4604  9.28044e-07
     69.2345  9.47839e-07
     70.0173  9.69083e-07
     70.8089  9.90098e-07
     71.6095  1.01186e-06
     72.4192  1.03377e-06
      73.238   1.0566e-06
     74.0661  1.07962e-06
     74.9035  1.10311e-06
     75.7504  1.12699e-06
     76.6069  1.15203e-06
      77.473  1.17628e-06
      78.349  1.20263e-06
     79.2348  1.22816e-06
     80.1307  1.25505e-06
     81.0367  1.28212e-06
     81.9529  1.30991e-06
     82.8795  1.33799e-06
     83.8166  1.36724e-06
     84.7643  1.39621e-06
     85.7227  1.42671e-06
     86.6919  1.45697e-06
     87.6721  1.48855e-06
     88.6634  1.52014e-06
     89.6658  1.55302e-06
     90.6797  1.58586e-06
     91.7049  1.61994e-06
     92.7418  1.65425e-06
     93.7904  1.68968e-06
     94.8508  1.72521e-06
     95.9233   1.7622e-06
     97.0078  1.79912e-06
     98.1046  1.83743e-06
     99.2139  1.87588e-06
