 0.000992139       1.5493
  0.00100336      1.53825
   0.0010147      1.61994
  0.00102617      1.60239
  0.00103778      1.67889
  0.00104951      1.68851
  0.00106138      1.73557
  0.00107338      1.76328
  0.00108551      1.80851
  0.00109779      1.83476
   0.0011102      1.89126
  0.00112275      1.90101
  0.00113544      1.97649
  0.00114828       1.9802
  0.00116127      2.05084
   0.0011744      2.07022
  0.00118767      2.13309
   0.0012011      2.15139
  0.00121468      2.22245
  0.00122842      2.23885
  0.00124231      2.31467
  0.00125635      2.32908
  0.00127056      2.40073
  0.00128492      2.43491
  0.00129945      2.49013
  0.00131414      2.53038
    0.001329      2.59339
  0.00134403      2.62986
  0.00135922      2.69456
  0.00137459      2.73429
  0.00139013       2.8003
  0.00140585       2.8401
  0.00142175      2.91157
  0.00143782      2.94756
  0.00145408      3.02378
  0.00147052      3.06393
  0.00148715      3.13551
  0.00150396      3.18222
  0.00152096      3.25414
  0.00153816      3.30164
  0.00155555      3.37627
  0.00157314      3.42368
  0.00159093      3.50285
  0.00160892      3.54871
  0.00162711      3.63071
   0.0016455        3.679
  0.00166411      3.76099
  0.00168292      3.81137
  0.00170195      3.89502
   0.0017212      3.94735
  0.00174066      4.03032
  0.00176034      4.08687
  0.00178024      4.16896
  0.00180037      4.22789
  0.00182072      4.31056
  0.00184131      4.37168
  0.00186213      4.45425
  0.00188318      4.51732
  0.00190448      4.60121
  0.00192601      4.66361
  0.00194779      4.75065
  0.00196981      4.81229
  0.00199208       4.9002
   0.0020146      4.96381
  0.00203738      5.05036
  0.00206042      5.11634
  0.00208371      5.20186
  0.00210727      5.26901
   0.0021311       5.3544
  0.00215519       5.4216
  0.00217956      5.50712
  0.00220421      5.57401
  0.00222913       5.6592
  0.00225433      5.72591
  0.00227982      5.81022
   0.0023056      5.87642
  0.00233166      5.95973
  0.00235803      6.02497
  0.00238469      6.10693
  0.00241165      6.17093
  0.00243892      6.25117
  0.00246649       6.3135
  0.00249438      6.39164
  0.00252258      6.45192
  0.00255111      6.52748
  0.00257995      6.58535
  0.00260912       6.6578
  0.00263862      6.71281
  0.00266845      6.78166
  0.00269863      6.83332
  0.00272914      6.89804
  0.00275999      6.94579
   0.0027912      7.00588
  0.00282276      7.04913
  0.00285468      7.10399
  0.00288695      7.14213
  0.00291959      7.19122
   0.0029526      7.22356
  0.00298599      7.26624
  0.00301975      7.29218
  0.00305389      7.32776
  0.00308842       7.3466
  0.00312334      7.37443
  0.00315865      7.38546
  0.00319437      7.40484
  0.00323048      7.40735
  0.00326701      7.41755
  0.00330395      7.41084
   0.0033413      7.41113
  0.00337908      7.39447
  0.00341729      7.38415
  0.00345593      7.35679
    0.003495      7.33515
  0.00353452      7.29639
  0.00357448      7.26273
   0.0036149      7.21188
  0.00365577      7.16555
   0.0036971      7.10194
   0.0037389      7.04231
  0.00378118      6.96533
  0.00382393      6.89183
  0.00386716      6.80094
  0.00391089      6.71305
  0.00395511      6.60778
  0.00399983      6.50508
  0.00404505      6.38505
  0.00409079      6.26722
  0.00413704      6.13216
  0.00418381      5.99899
  0.00423112      5.84877
  0.00427896      5.70022
  0.00432734      5.53483
  0.00437626      5.37099
  0.00442575      5.19063
  0.00447578      5.01178
  0.00452639      4.81682
  0.00457757      4.62346
  0.00462932       4.4145
  0.00468167      4.20733
   0.0047346      3.98519
  0.00478813      3.76517
  0.00484227      3.53094
  0.00489702       3.2993
  0.00495239      3.05433
  0.00500838      2.81257
  0.00506501      2.55851
  0.00512228      2.30842
  0.00518019      2.04722
  0.00523876      1.79091
  0.00529799      1.52481
   0.0053579      1.26469
  0.00541847     0.996244
  0.00547974     0.735032
   0.0055417     0.467101
  0.00560435     0.207793
  0.00566772   -0.0564825
   0.0057318    -0.310606
  0.00579661    -0.567832
  0.00586215    -0.813255
  0.00592843     -1.05981
  0.00599546     -1.29282
  0.00606325     -1.52492
   0.0061318     -1.74167
  0.00620113     -1.95542
  0.00627124     -2.15199
  0.00634215     -2.34347
  0.00641386     -2.51594
  0.00648637      -2.6813
  0.00655971     -2.82591
  0.00663388     -2.96146
  0.00670889     -3.07464
  0.00678474     -3.17701
  0.00686145     -3.25558
  0.00693903     -3.32181
  0.00701749     -3.36308
  0.00709683     -3.39079
  0.00717707     -3.39272
  0.00725822     -3.38027
  0.00734029     -3.34162
  0.00742328     -3.28822
  0.00750721     -3.20871
  0.00759209      -3.1146
  0.00767793     -2.99503
  0.00776474     -2.86161
  0.00785253     -2.70399
  0.00794132     -2.53391
  0.00803111     -2.34155
  0.00812191     -2.13881
  0.00821374      -1.9164
  0.00830661     -1.68636
  0.00840053     -1.43994
  0.00849551     -1.18933
  0.00859157    -0.926257
  0.00868871    -0.663055
  0.00878695    -0.391895
   0.0088863    -0.125185
  0.00898677     0.144519
  0.00908838     0.404797
  0.00919114       0.6628
  0.00929506     0.906187
  0.00940015      1.14193
  0.00950643      1.35786
  0.00961392      1.56092
  0.00972262      1.73925
  0.00983255      1.89988
  0.00994372      2.03144
   0.0100561      2.14119
   0.0101698      2.21838
   0.0102848      2.27069
   0.0104011      2.28814
   0.0105187      2.27897
   0.0106377      2.23412
   0.0107579      2.16253
   0.0108796      2.05614
   0.0110026       1.9247
    0.011127      1.76124
   0.0112528      1.57634
     0.01138      1.36415
   0.0115087      1.13608
   0.0116388     0.887311
   0.0117704     0.629981
   0.0119035     0.360167
   0.0120381    0.0905748
   0.0121742    -0.182061
   0.0123118     -0.44475
    0.012451    -0.700412
   0.0125918    -0.936125
   0.0127342     -1.15486
   0.0128782     -1.34418
   0.0130238     -1.50757
    0.013171     -1.63352
   0.0133199     -1.72649
   0.0134705     -1.77639
   0.0136228     -1.78907
   0.0137769     -1.75625
   0.0139326     -1.68556
   0.0140902     -1.57081
   0.0142495     -1.42161
   0.0144106       -1.234
   0.0145735     -1.01958
   0.0147383     -0.77649
   0.0149049    -0.518114
   0.0150735    -0.244312
   0.0152439    0.0302684
   0.0154162     0.304682
   0.0155905     0.563786
   0.0157668     0.806444
   0.0159451        1.018
   0.0161254      1.19818
   0.0163077      1.33393
   0.0164921      1.42693
   0.0166785      1.46678
   0.0168671      1.45814
   0.0170578       1.3941
   0.0172507      1.28296
   0.0174457      1.12178
    0.017643     0.922707
   0.0178425     0.686626
   0.0180442     0.429082
   0.0182482     0.154016
   0.0184546    -0.120777
   0.0186632     -0.38978
   0.0188742    -0.634708
   0.0190876    -0.850485
   0.0193034     -1.02052
   0.0195217     -1.14242
   0.0197424     -1.20352
   0.0199656     -1.20621
   0.0201914     -1.14352
   0.0204197     -1.02401
   0.0206506     -0.84726
    0.020884    -0.628217
   0.0211202    -0.372533
    0.021359    -0.100282
   0.0216005     0.178847
   0.0218447     0.442394
   0.0220917     0.680001
   0.0223415     0.870661
   0.0225941      1.00746
   0.0228495      1.07495
   0.0231079      1.07351
   0.0233691     0.996554
   0.0236334     0.854167
   0.0239006     0.649881
   0.0241708     0.403409
   0.0244441     0.126831
   0.0247205    -0.153608
       0.025    -0.421821
   0.0252826     -0.65079
   0.0255685    -0.827045
   0.0258576      -0.9298
   0.0261499    -0.955027
   0.0264456    -0.894173
   0.0267446    -0.757205
    0.027047    -0.550321
   0.0273528    -0.297517
   0.0276621     -0.01702
   0.0279748     0.258636
   0.0282911     0.507192
    0.028611     0.697508
   0.0289345      0.81431
   0.0292617     0.838862
   0.0295925     0.772669
   0.0299271     0.616729
   0.0302655     0.393083
   0.0306077     0.121822
   0.0309537    -0.159887
   0.0313037    -0.422877
   0.0316576    -0.628699
   0.0320156    -0.755396
   0.0323776    -0.780059
   0.0327436      -0.7031
   0.0331139    -0.528374
   0.0334883    -0.283969
   0.0338669   0.00149899
   0.0342498     0.282035
   0.0346371     0.521146
   0.0350287     0.677074
   0.0354247     0.729923
   0.0358253     0.665296
   0.0362303     0.497747
     0.03664     0.249269
   0.0370542   -0.0333692
   0.0374732    -0.306068
   0.0378969    -0.514865
   0.0383254    -0.625844
   0.0387587    -0.612131
   0.0391969    -0.479947
   0.0396401    -0.248821
   0.0400883    0.0311366
   0.0405416     0.308162
   0.0409999     0.519241
   0.0414635     0.623315
   0.0419323      0.59123
   0.0424064     0.433248
   0.0428859     0.178686
   0.0433708    -0.109604
   0.0438612    -0.368578
   0.0443571    -0.530201
   0.0448586    -0.558334
   0.0453658    -0.439614
   0.0458787    -0.208356
   0.0463975    0.0800568
   0.0469221     0.343006
   0.0474526     0.512268
   0.0479891       0.5342
   0.0485317     0.406276
   0.0490804     0.160616
   0.0496354    -0.123808
   0.0501966    -0.363251
   0.0507641    -0.475544
   0.0513381    -0.427015
   0.0519185     -0.22634
   0.0525055     0.055967
   0.0530992     0.328694
   0.0536996     0.491093
   0.0543067     0.488998
   0.0549207     0.317384
   0.0555417    0.0450596
   0.0561697    -0.228087
   0.0568048    -0.388852
    0.057447    -0.375974
   0.0580966    -0.188166
   0.0587534    0.0919156
   0.0594177     0.349077
   0.0600895     0.464551
   0.0607689     0.389756
    0.061456     0.152328
   0.0621509    -0.132408
   0.0628536    -0.332549
   0.0635643    -0.343296
   0.0642829    -0.161565
   0.0650098     0.127338
   0.0657448     0.369275
   0.0664881     0.440813
   0.0672399     0.298053
   0.0680001    0.0261033
    0.068769    -0.223373
   0.0695465    -0.296741
   0.0703329    -0.151003
   0.0711281     0.134578
   0.0719323     0.380392
   0.0727456     0.436398
   0.0735681     0.260573
   0.0743999   -0.0261517
   0.0752411    -0.234125
   0.0760918    -0.211655
   0.0769522    0.0242662
   0.0778222     0.312387
   0.0787021     0.437375
    0.079592     0.311094
   0.0804919    0.0263225
    0.081402     -0.18469
   0.0823223    -0.151001
   0.0832531     0.114747
   0.0841944     0.394675
   0.0851464      0.46246
   0.0861091      0.25858
   0.0870827   -0.0252651
   0.0880673    -0.128969
    0.089063    0.0601119
     0.09007     0.369542
   0.0910884     0.515372
   0.0921183     0.354272
   0.0931598    0.0591163
   0.0942131    -0.063639
   0.0952783     0.134775
   0.0963556     0.454214
   0.0974451     0.568202
   0.0985468     0.358006
   0.0996611    0.0829784
    0.100788    0.0769818
    0.101927     0.380514
     0.10308     0.651246
    0.104245     0.588219
    0.105424     0.288133
    0.106616     0.167726
    0.107821     0.412635
    0.109041     0.742349
    0.110273     0.741784
     0.11152     0.454493
    0.112781      0.32152
    0.114056     0.593547
    0.115346     0.927906
     0.11665      0.89538
    0.117969     0.604115
    0.119303     0.585351
    0.120652     0.948134
    0.122016      1.20827
    0.123395      1.02798
    0.124791     0.816089
    0.126202      1.04155
    0.127628      1.44935
    0.129071      1.45069
    0.130531      1.19798
    0.132007      1.31456
    0.133499      1.78007
    0.135009      1.91088
    0.136535      1.68417
    0.138079      1.78667
     0.13964      2.29688
    0.141219      2.46769
    0.142816      2.27685
     0.14443      2.48198
    0.146063       3.0542
    0.147715      3.17611
    0.149385      3.06639
    0.151074       3.5062
    0.152782      4.09345
    0.154509      4.10219
    0.156256       4.2406
    0.158023      4.97168
     0.15981       5.3919
    0.161617      5.40677
    0.163444      6.05699
    0.165292      6.85056
    0.167161      7.02307
    0.169051      7.54723
    0.170962      8.62448
    0.172895      9.06023
     0.17485      9.58459
    0.176827      10.8568
    0.178826      11.6101
    0.180848      12.2372
    0.182893      13.7741
    0.184961      14.7986
    0.187052      15.6988
    0.189167      17.5532
    0.191306      18.8466
    0.193469      20.1252
    0.195656      22.4211
    0.197869      23.9035
    0.200106      25.8384
    0.202368      28.5195
    0.204656      30.2917
     0.20697      33.0853
    0.209311      36.0009
    0.211677      38.2643
     0.21407      42.0382
    0.216491      44.8158
    0.218939      48.2539
    0.221414      52.3113
    0.223917      55.3026
    0.226449       59.971
     0.22901      63.4422
    0.231599      67.6114
    0.234217      72.1596
    0.236866      75.4187
    0.239544      80.6162
    0.242252      83.2748
    0.244991      88.0267
    0.247761      90.4262
    0.250563      93.5516
    0.253396      95.4189
    0.256261      95.8034
    0.259158      95.9527
    0.262088      92.2903
    0.265051      88.6124
    0.268048      79.0879
    0.271079      68.7689
    0.274144      51.2212
    0.277244      31.7273
    0.280378      5.59692
    0.283548     -21.3609
    0.286754     -40.0661
    0.289996     -14.7112
    0.293275      8.62088
    0.296591       26.767
    0.299945      37.0063
    0.303336      35.0452
    0.306766      21.7141
    0.310234       41.389
    0.313742      64.5282
    0.317289      82.2243
    0.320877      93.6372
    0.324505      99.8874
    0.328174      101.365
    0.331884      99.7107
    0.335637      95.3676
    0.339431      89.6199
    0.343269      82.6937
     0.34715      75.4291
    0.351075      67.8758
    0.355045       60.554
    0.359059      53.4076
    0.363119      46.7509
    0.367225      40.4961
    0.371377      34.8413
    0.375576      29.6789
    0.379822      25.1214
    0.384117      21.0628
     0.38846      17.5665
    0.392852      14.5192
    0.397293      11.9435
    0.401785      9.74048
    0.406328      7.91553
    0.410922      6.37573
    0.415569      5.11828
    0.420267      4.07163
    0.425019      3.23277
    0.429824      2.53954
    0.434684       1.9917
    0.439599      1.54568
    0.444569      1.20063
    0.449596      0.91854
    0.454679     0.705538
     0.45982     0.535016
    0.465019     0.406678
    0.470277     0.302022
    0.475594     0.229785
    0.480971      0.16856
    0.486409      0.12504
    0.491909    0.0916225
    0.497471    0.0681169
    0.503096    0.0464431
    0.508784    0.0367242
    0.514536     0.024817
    0.520354    0.0176999
    0.526237    0.0130214
    0.532187   0.00955478
    0.538205   0.00572487
     0.54429   0.00560722
    0.550444   0.00184746
    0.556667   0.00250031
    0.562961   0.00172542
    0.569327  0.000600805
    0.575764  0.000499267
    0.582274     0.001068
    0.588857 -0.000603357
    0.595515   0.00124223
    0.602248 -0.000597724
    0.609057  0.000318957
    0.615944  0.000275369
    0.622908 -0.000376757
    0.629951  0.000752191
    0.637073 -0.000731265
    0.644277   0.00035434
    0.651561 -0.000328355
    0.658928 -0.000113641
    0.666378  0.000250171
    0.673913 -0.000336533
    0.681532  0.000528395
    0.689238 -0.000769132
    0.697031   0.00091875
    0.704912 -0.000784725
    0.712882   0.00044895
    0.720942 -0.000291196
    0.729094  0.000410402
    0.737337 -0.000597412
    0.745674   0.00053147
    0.754105  -0.00033529
    0.762631  0.000213079
    0.771254 -0.000168703
    0.779974  0.000286489
    0.788793 -0.000146388
    0.797711  8.19949e-05
    0.806731 -0.000114112
    0.815852  7.95653e-05
    0.825076 -0.000206268
    0.834405  9.37236e-05
    0.843839  0.000155717
     0.85338 -4.56335e-05
    0.863029 -0.000166001
    0.872787    0.0003125
    0.882655  -0.00023058
    0.892635   0.00015207
    0.902728 -1.54848e-06
    0.912934 -4.40493e-05
    0.923256 -9.64929e-05
    0.933695 -2.43687e-05
    0.944252   8.2963e-05
    0.954928  0.000111645
    0.965725 -5.59762e-05
    0.976644  -6.0673e-05
    0.987687 -5.75722e-05
    0.998854   0.00018148
     1.01015  -0.00016948
     1.02157 -1.67128e-05
     1.03312 -6.33554e-05
      1.0448 -1.46466e-05
     1.05661  0.000119827
     1.06856   5.2043e-05
     1.08064 -9.75723e-05
     1.09286 -5.73091e-05
     1.10522  0.000113955
     1.11771  -4.7057e-05
     1.13035  6.93171e-05
     1.14313 -9.99122e-05
     1.15606  6.60542e-05
     1.16913 -2.22724e-05
     1.18234  0.000102853
     1.19571 -4.44937e-06
     1.20923 -5.62224e-05
      1.2229 -1.94787e-05
     1.23673   0.00012438
     1.25071 -5.33208e-05
     1.26486  -0.00010042
     1.27916  5.29006e-05
     1.29362  2.74512e-05
     1.30825 -1.61602e-05
     1.32304 -0.000119029
       1.338  0.000140057
     1.35313 -8.57617e-06
     1.36842  -1.6859e-05
      1.3839 -3.55622e-05
     1.39954 -2.85716e-06
     1.41537  6.67878e-06
     1.43137 -9.13011e-07
     1.44755 -2.63934e-05
     1.46392  3.04485e-05
     1.48047   -1.242e-05
     1.49721 -3.62598e-05
     1.51414  2.27682e-05
     1.53126   3.3802e-05
     1.54857 -1.72751e-05
     1.56608 -2.30129e-06
     1.58379  9.23986e-06
      1.6017  3.75339e-06
     1.61981  1.61706e-05
     1.63812  4.74055e-05
     1.65664 -5.17593e-05
     1.67537   1.0294e-05
     1.69432  -2.5608e-05
     1.71347  3.70779e-05
     1.73285  3.07052e-06
     1.75244  -6.0839e-05
     1.77225  4.79303e-05
     1.79229 -4.36079e-05
     1.81255  3.42875e-06
     1.83305  4.49113e-05
     1.85377 -5.34724e-05
     1.87473  2.77884e-05
     1.89593 -3.82635e-05
     1.91737  2.13445e-05
     1.93905  2.45572e-05
     1.96097  -2.7824e-05
     1.98314  2.27609e-05
     2.00556 -2.16315e-05
     2.02824  1.96685e-05
     2.05117  1.60862e-05
     2.07436 -1.40408e-05
     2.09782  3.38487e-05
     2.12154  -4.0352e-05
     2.14552  2.02789e-05
     2.16978 -3.40847e-05
     2.19431  1.56541e-05
     2.21912  2.77017e-07
     2.24422 -1.36083e-05
     2.26959  4.04988e-06
     2.29525  4.02255e-06
      2.3212  1.62983e-05
     2.34745 -4.79003e-06
     2.37399 -3.02004e-06
     2.40083  1.11855e-05
     2.42798 -8.63121e-06
     2.45543 -2.56718e-07
     2.48319 -5.23323e-06
     2.51127  1.01039e-05
     2.53966 -2.20615e-05
     2.56837  1.13114e-05
     2.59741 -9.59498e-06
     2.62678  9.28659e-06
     2.65648 -8.04065e-07
     2.68652   1.3853e-05
     2.71689 -9.52974e-06
     2.74761   1.8968e-06
     2.77868  6.69505e-06
     2.81009 -1.01433e-05
     2.84187 -4.48509e-06
       2.874  3.99733e-06
     2.90649   -5.522e-06
     2.93935  4.01508e-06
     2.97259 -4.01415e-06
      3.0062  8.63473e-06
     3.04019  3.46844e-06
     3.07456  8.13769e-06
     3.10932 -1.71011e-05
     3.14448 -2.97687e-06
     3.18003  8.45371e-06
     3.21599 -9.48588e-06
     3.25235 -6.87889e-07
     3.28912  7.05557e-06
     3.32631 -2.23034e-06
     3.36392  1.17587e-05
     3.40196 -9.85813e-06
     3.44042  9.28404e-06
     3.47932 -8.39043e-06
     3.51866  1.21715e-06
     3.55844 -2.14142e-06
     3.59868  2.20066e-07
     3.63936  2.19948e-06
     3.68051 -4.08352e-06
     3.72213   1.3278e-07
     3.76421  7.13848e-06
     3.80677 -9.44604e-06
     3.84981  5.55272e-06
     3.89334  2.45044e-06
     3.93736  5.89769e-07
     3.98188 -3.47647e-06
      4.0269 -1.37843e-06
     4.07243  -2.7021e-06
     4.11847   3.2291e-07
     4.16504  6.19298e-06
     4.21213  3.11259e-06
     4.25976 -2.69866e-06
     4.30792 -4.45559e-07
     4.35663 -5.21593e-06
     4.40589  8.57526e-07
      4.4557 -1.21472e-07
     4.50608   8.8269e-07
     4.55703  9.76976e-07
     4.60855 -1.68135e-06
     4.66066  3.45638e-06
     4.71336 -3.04805e-06
     4.76665   5.3037e-06
     4.82054  -3.2481e-06
     4.87504  1.39554e-06
     4.93016  -4.5898e-06
     4.98591 -4.24827e-07
     5.04228 -1.04837e-06
     5.09929  5.70772e-06
     5.15695  1.18916e-06
     5.21525  2.53352e-06
     5.27422  -5.5059e-06
     5.33385 -1.77775e-06
     5.39416  5.22061e-07
     5.45515  6.14569e-07
     5.51683   2.3808e-06
     5.57921 -1.44249e-06
     5.64229  3.53422e-07
     5.70608 -3.32281e-06
      5.7706  2.08399e-06
     5.83584  9.19805e-07
     5.90183  3.51192e-06
     5.96856 -2.62043e-06
     6.03604 -2.41528e-06
     6.10429 -1.25269e-06
      6.1733  8.44348e-07
      6.2431  3.39625e-06
     6.31369 -9.63277e-07
     6.38508  -8.5776e-07
     6.45727  1.68811e-06
     6.53028 -1.41244e-06
     6.60411 -9.91528e-07
     6.67878  7.62761e-07
      6.7543  4.27014e-07
     6.83066 -1.27987e-06
      6.9079  1.05674e-06
       6.986   8.7011e-07
     7.06499 -9.92301e-07
     7.14487  1.87478e-07
     7.22565 -6.07241e-07
     7.30735 -1.29608e-06
     7.38997  2.07238e-06
     7.47352  2.20978e-07
     7.55802  3.07829e-07
     7.64348  1.20612e-06
      7.7299 -3.13923e-06
      7.8173 -1.81295e-06
     7.90569  4.68691e-06
     7.99507 -1.08677e-06
     8.08547 -9.86453e-07
     8.17689 -1.20013e-06
     8.26934   2.5357e-06
     8.36284  8.37191e-07
     8.45739 -4.25115e-06
     8.55301  1.67557e-06
     8.64972  2.51568e-06
     8.74752 -1.54212e-06
     8.84642 -1.05843e-06
     8.94644  4.13966e-07
      9.0476  5.95287e-07
     9.14989  -4.3262e-07
     9.25335  2.35355e-07
     9.35797   1.1118e-06
     9.46378 -1.92323e-06
     9.57078  7.98876e-07
     9.67899 -8.34934e-08
     9.78843  2.89738e-07
      9.8991 -4.53357e-07
      10.011  6.74282e-07
     10.1242 -5.24904e-07
     10.2387 -3.47537e-07
     10.3544  5.56704e-07
     10.4715  1.87649e-07
     10.5899 -6.63455e-07
     10.7097  4.60431e-07
     10.8307 -2.60553e-07
     10.9532 -1.49987e-07
      11.077   7.9485e-07
     11.2023 -4.79109e-07
     11.3289  1.50529e-07
      11.457    -4.91e-07
     11.5866  5.55326e-07
     11.7176 -3.27539e-08
     11.8501 -5.77334e-07
      11.984  8.41128e-07
     12.1195 -1.08068e-06
     12.2566  9.83253e-07
     12.3952 -3.76757e-07
     12.5353  -2.3812e-09
      12.677  1.57313e-08
     12.8204  6.80207e-08
     12.9653  2.07309e-07
     13.1119 -6.64888e-07
     13.2602  7.80857e-07
     13.4101 -7.00093e-07
     13.5617    5.784e-07
      13.715  -2.0876e-07
     13.8701 -2.97944e-07
     14.0269  4.05211e-07
     14.1855  -2.5736e-07
     14.3459  2.43207e-07
     14.5081 -1.86979e-07
     14.6722  1.72193e-08
     14.8381   1.6784e-07
     15.0058 -1.54451e-07
     15.1755 -9.36498e-08
     15.3471  2.57638e-07
     15.5206 -2.32659e-07
     15.6961  1.47155e-07
     15.8735 -3.44802e-08
      16.053  8.58379e-08
     16.2345 -6.89757e-08
     16.4181 -7.64183e-08
     16.6037   9.9211e-08
     16.7914 -8.92251e-08
     16.9813  1.00164e-07
     17.1733 -1.19938e-07
     17.3675  2.24479e-07
     17.5638 -3.32268e-07
     17.7624  3.09346e-07
     17.9632 -1.56259e-07
     18.1663 -2.34556e-08
     18.3717  1.40092e-07
     18.5795 -2.03577e-08
     18.7895 -2.17699e-07
      19.002  3.42966e-07
     19.2168 -2.86423e-07
     19.4341  9.55588e-08
     19.6538  1.33873e-07
     19.8761   -2.152e-07
     20.1008  1.72911e-07
     20.3281 -8.54235e-08
     20.5579 -3.16582e-08
     20.7903  1.50807e-07
     21.0254 -1.70072e-07
     21.2631  1.42826e-07
     21.5035 -9.17071e-08
     21.7467  3.76481e-08
     21.9925  3.05472e-08
     22.2412 -1.26053e-07
     22.4927  2.01693e-07
      22.747 -1.25736e-07
     23.0042  3.26718e-08
     23.2643 -3.47913e-08
     23.5273  4.21284e-08
     23.7933  2.31688e-08
     24.0623  -4.5099e-08
     24.3344  3.18263e-08
     24.6095 -1.96225e-09
     24.8878  2.85591e-08
     25.1692 -7.28533e-08
     25.4538  7.09216e-08
     25.7416  5.77795e-09
     26.0326 -3.39307e-08
     26.3269  1.67954e-08
     26.6246  7.38575e-09
     26.9256 -1.76038e-09
     27.2301  1.26756e-08
      27.538  2.65559e-09
     27.8493 -2.49889e-09
     28.1642   9.8483e-09
     28.4826  8.30875e-09
     28.8047 -1.58378e-08
     29.1304  3.07318e-08
     29.4597 -1.69478e-08
     29.7928  1.01551e-08
     30.1297  1.07304e-08
     30.4703 -5.50854e-10
     30.8148  1.16344e-08
     31.1632 -9.02221e-09
     31.5156   1.2255e-08
     31.8719  1.52094e-08
     32.2323 -1.05141e-08
     32.5967  2.27235e-08
     32.9653  -1.3113e-08
      33.338  1.98138e-08
     33.7149 -4.89214e-09
     34.0961  7.66824e-09
     34.4816  1.12108e-08
     34.8715  5.66028e-09
     35.2658  7.12584e-09
     35.6645 -2.73231e-09
     36.0678  1.61416e-08
     36.4756  6.53839e-09
      36.888 -5.44272e-09
     37.3051  2.55392e-08
     37.7268 -6.27431e-09
     38.1534  1.46649e-08
     38.5848  6.28422e-11
      39.021  1.53195e-08
     39.4622  2.67138e-09
     39.9084  9.59659e-09
     40.3596  7.48867e-09
      40.816  1.21411e-08
     41.2775  5.76843e-09
     41.7442  6.70804e-09
     42.2161  8.79686e-09
     42.6935  1.58589e-08
     43.1762  2.97478e-10
     43.6644  1.70219e-08
      44.158  7.94505e-09
     44.6573  4.12563e-09
     45.1622  1.71609e-08
     45.6729  7.79598e-09
     46.1893  1.22197e-08
     46.7115  1.06012e-08
     47.2397  8.13764e-09
     47.7738  1.39368e-08
     48.3139  1.01966e-08
     48.8602   1.5744e-08
     49.4126   8.1469e-09
     49.9713  1.15935e-08
     50.5363  1.82074e-08
     51.1077  8.15728e-09
     51.6856  1.56155e-08
     52.2699  1.30954e-08
     52.8609  1.32234e-08
     53.4586  1.47656e-08
      54.063  1.46419e-08
     54.6743  1.42068e-08
     55.2925  1.65497e-08
     55.9176  1.34061e-08
     56.5499  1.99415e-08
     57.1893  1.20369e-08
     57.8359  1.75926e-08
     58.4898  1.76504e-08
     59.1511  1.75781e-08
     59.8199  1.61882e-08
     60.4963  2.11579e-08
     61.1803  1.55122e-08
      61.872   1.9635e-08
     62.5716  1.98899e-08
      63.279  2.07479e-08
     63.9945  1.78192e-08
     64.7181  2.23313e-08
     65.4498  2.03235e-08
     66.1898  2.23223e-08
     66.9382  2.17828e-08
      67.695  2.20365e-08
     68.4604   2.3808e-08
     69.2345  2.27664e-08
     70.0173  2.43863e-08
     70.8089  2.48607e-08
     71.6095  2.49613e-08
     72.4192  2.53679e-08
      73.238  2.62133e-08
     74.0661  2.73595e-08
     74.9035  2.69477e-08
     75.7504   2.7714e-08
     76.6069  2.96699e-08
      77.473  2.77376e-08
      78.349  3.09583e-08
     79.2348  3.00484e-08
     80.1307  3.11117e-08
     81.0367  3.21238e-08
     81.9529   3.2339e-08
     82.8795  3.29027e-08
     83.8166  3.45915e-08
     84.7643  3.39858e-08
     85.7227   3.5991e-08
     86.6919   3.5782e-08
     87.6721  3.71945e-08
     88.6634  3.73598e-08
     89.6658  3.90556e-08
     90.6797  3.90494e-08
     91.7049  4.02982e-08
     92.7418  4.09642e-08
     93.7904  4.22553e-08
     94.8508  4.22822e-08
     95.9233  4.43399e-08
     97.0078   4.4249e-08
     98.1046  4.59037e-08
     99.2139  4.61411e-08
