  0.00099205     0.785258
  0.00100327     0.813795
  0.00101461     0.856596
  0.00102608      0.88861
  0.00103768     0.934692
  0.00104942     0.969889
  0.00106128      1.01989
  0.00107328      1.05868
  0.00108542      1.11251
  0.00109769      1.15566
   0.0011101      1.21336
  0.00112265      1.26143
  0.00113534      1.32332
  0.00114818      1.37653
  0.00116116      1.44334
  0.00117429      1.50183
  0.00118757      1.57406
    0.001201      1.63841
  0.00121457      1.71637
  0.00122831      1.78714
  0.00124219      1.87136
  0.00125624        1.949
  0.00127044      2.04019
  0.00128481      2.12509
  0.00129933      2.22394
  0.00131403      2.31683
  0.00132888      2.42376
  0.00134391      2.52543
   0.0013591      2.64116
  0.00137447      2.75229
  0.00139001      2.87759
  0.00140573      2.99899
  0.00142162      3.13465
  0.00143769      3.26717
  0.00145395      3.41407
  0.00147039      3.55853
  0.00148701      3.71766
  0.00150383        3.875
  0.00152083      4.04735
  0.00153802      4.21866
  0.00155541       4.4053
    0.001573      4.59173
  0.00159079      4.79381
  0.00160877      4.99654
  0.00162696      5.21531
  0.00164536       5.4356
  0.00166396      5.67242
  0.00168277      5.91164
   0.0017018      6.16792
  0.00172104      6.42754
   0.0017405      6.70483
  0.00176018      6.98639
  0.00178008      7.28632
  0.00180021      7.59153
  0.00182056      7.91582
  0.00184115      8.24645
  0.00186196      8.59693
  0.00188301      8.95485
  0.00190431      9.33343
  0.00192584      9.72066
  0.00194761      10.1294
  0.00196963       10.548
   0.0019919       10.989
  0.00201442      11.4412
   0.0020372      11.9169
  0.00206023       12.405
  0.00208353      12.9177
  0.00210708      13.4442
  0.00213091      13.9965
    0.002155      14.5639
  0.00217937      15.1583
  0.00220401      15.7694
  0.00222893      16.4086
  0.00225413       17.066
  0.00227962      17.7529
  0.00230539      18.4597
  0.00233146      19.1972
  0.00235782      19.9562
  0.00238448      20.7473
  0.00241144      21.5615
   0.0024387      22.4093
  0.00246627      23.2819
  0.00249416      24.1894
  0.00252236      25.1234
  0.00255088      26.0938
  0.00257972      27.0923
  0.00260889      28.1287
  0.00263838      29.1949
  0.00266822      30.3005
  0.00269838      31.4374
  0.00272889      32.6152
  0.00275975      33.8258
  0.00279095      35.0786
  0.00282251      36.3659
  0.00285442      37.6965
  0.00288669       39.063
  0.00291933       40.474
  0.00295234      41.9221
  0.00298572      43.4157
  0.00301948      44.9474
  0.00305362      46.5255
  0.00308814      48.1426
  0.00312306      49.8065
  0.00315837      51.5101
  0.00319408      53.2608
  0.00323019      55.0515
  0.00326672      56.8893
  0.00330365      58.7669
  0.00334101      60.6912
  0.00337878      62.6548
  0.00341698      64.6643
  0.00345562       66.712
  0.00349469      68.8041
   0.0035342      70.9331
  0.00357416      73.1043
  0.00361457      75.3102
  0.00365544      77.5558
  0.00369677       79.833
  0.00373857      82.1464
  0.00378084      84.4878
  0.00382359      86.8612
  0.00386682      89.2578
  0.00391054      91.6811
  0.00395475      94.1221
  0.00399947      96.5835
  0.00404469       99.056
  0.00409042      101.542
  0.00413667       104.03
  0.00418344      106.524
  0.00423074      109.011
  0.00427857      111.493
  0.00432695      113.959
  0.00437587      116.409
  0.00442535       118.83
  0.00447538      121.223
  0.00452598      123.574
  0.00457716      125.883
  0.00462891      128.135
  0.00468125      130.329
  0.00473418      132.452
   0.0047877      134.499
  0.00484183      136.457
  0.00489658      138.322
  0.00495194      140.079
  0.00500793      141.723
  0.00506455      143.238
  0.00512182       144.62
  0.00517973      145.854
  0.00523829      146.932
  0.00529752      147.839
  0.00535741      148.569
  0.00541799      149.105
  0.00547925      149.442
   0.0055412      149.563
  0.00560385      149.462
  0.00566721      149.123
  0.00573129       148.54
  0.00579609      147.698
  0.00586162      146.591
   0.0059279      145.206
  0.00599492      143.537
   0.0060627      141.572
  0.00613125      139.308
  0.00620057      136.733
  0.00627068      133.846
  0.00634158      130.639
  0.00641328      127.111
  0.00648579      123.257
  0.00655912       119.08
  0.00663329      114.577
  0.00670829      109.755
  0.00678413      104.615
  0.00686084      99.1661
  0.00693841      93.4147
  0.00701686       87.375
   0.0070962      81.0565
  0.00717643      74.4785
  0.00725757      67.6556
  0.00733963      60.6121
  0.00742261      53.3678
  0.00750654      45.9524
  0.00759141       38.391
  0.00767724      30.7185
  0.00776405      22.9654
  0.00785183      15.1717
  0.00794061      7.37298
  0.00803039     -0.38602
  0.00812118     -8.06519
  0.00821301     -15.6158
  0.00830587      -22.994
  0.00839978      -30.148
  0.00849475     -37.0316
   0.0085908     -43.5913
  0.00868793       -49.78
  0.00878616     -55.5443
   0.0088855     -60.8381
  0.00898596     -65.6103
  0.00908756     -69.8178
  0.00919031     -73.4143
  0.00929422     -76.3625
  0.00939931     -78.6233
  0.00950558     -80.1682
  0.00961306     -80.9678
  0.00972175     -81.0053
  0.00983167     -80.2642
  0.00994283     -78.7417
   0.0100552     -76.4373
   0.0101689     -73.3649
   0.0102839     -69.5419
   0.0104002      -65.001
   0.0105178     -59.7788
   0.0106367     -53.9282
    0.010757     -47.5062
   0.0108786     -40.5855
   0.0110016     -33.2431
    0.011126     -25.5705
   0.0112518     -17.6625
    0.011379     -9.62662
   0.0115076     -1.57168
   0.0116378      6.38318
   0.0117693      14.1206
   0.0119024      21.5162
    0.012037       28.451
   0.0121731      34.8036
   0.0123107      40.4624
   0.0124499      45.3182
   0.0125907      49.2765
    0.012733      52.2501
    0.012877      54.1721
   0.0130226      54.9876
   0.0131698      54.6667
   0.0133187      53.1961
   0.0134693      50.5906
   0.0136216      46.8851
   0.0137756      42.1447
   0.0139314      36.4552
   0.0140889      29.9326
   0.0142482      22.7124
   0.0144093       14.957
   0.0145722      6.84386
    0.014737     -1.42875
   0.0149036     -9.65516
   0.0150721      -17.618
   0.0152425      -25.103
   0.0154149      -31.896
   0.0155892     -37.7987
   0.0157654     -42.6263
   0.0159437      -46.223
   0.0161239     -48.4604
   0.0163062     -49.2517
   0.0164906     -48.5486
   0.0166771     -46.3544
   0.0168656     -42.7181
   0.0170563     -37.7445
   0.0172492     -31.5851
   0.0174442     -24.4442
   0.0176414     -16.5656
   0.0178409     -8.23469
   0.0180426     0.239545
   0.0182466      8.52649
   0.0184529      16.2952
   0.0186615      23.2199
   0.0188725      29.0031
   0.0190859      33.3819
   0.0193017      36.1508
     0.01952      37.1669
   0.0197407      36.3681
   0.0199639      33.7735
   0.0201896      29.4956
   0.0204178      23.7317
   0.0206487      16.7673
   0.0208822      8.95802
   0.0211183      0.72237
    0.021357     -7.48595
   0.0215985      -15.194
   0.0218427     -21.9445
   0.0220897     -27.3159
   0.0223394     -30.9591
    0.022592     -32.6157
   0.0228475     -32.1484
   0.0231058     -29.5493
    0.023367     -24.9566
   0.0236312     -18.6461
   0.0238984     -11.0276
   0.0241686     -2.61616
   0.0244419      5.99193
   0.0247183      14.1671
   0.0249977      21.2851
   0.0252804      26.7845
   0.0255662      30.2083
   0.0258553      31.2559
   0.0261476      29.8098
   0.0264432      25.9648
   0.0267422      20.0248
   0.0270446      12.4954
   0.0273504      4.04144
   0.0276596     -4.55876
   0.0279723     -12.4897
   0.0282886     -18.9697
   0.0286085       -23.34
   0.0289319     -25.1329
    0.029259     -24.1401
   0.0295899     -20.4436
   0.0299244     -14.4306
   0.0302628     -6.76107
   0.0306049      1.68625
    0.030951      9.91226
   0.0313009       16.905
   0.0316548      21.7723
   0.0320127      23.8552
   0.0323747      22.8351
   0.0327407      18.7896
   0.0331109      12.2127
   0.0334853      3.96403
   0.0338639     -4.82425
   0.0342467     -12.9031
    0.034634     -19.0781
   0.0350256     -22.4013
   0.0354216     -22.3264
   0.0358221      -18.826
   0.0362271     -12.4195
   0.0366367     -4.12615
   0.0370509      4.68663
   0.0374698       12.513
   0.0378935       17.976
   0.0383219      20.0781
   0.0387552      18.4158
   0.0391934      13.2841
   0.0396366      5.66629
   0.0400847     -2.92913
   0.0405379     -10.7382
   0.0409963     -16.1017
   0.0414598      -17.818
   0.0419286     -15.4384
   0.0424026     -9.40537
   0.0428821     -1.01119
   0.0433669      7.85967
   0.0438572      15.1368
   0.0443531      19.0627
   0.0448546       18.641
   0.0453617      13.9401
   0.0458746      6.13072
   0.0463933     -2.75409
   0.0469178     -10.3281
   0.0474483     -14.4861
   0.0479848     -14.0236
   0.0485273     -9.03092
    0.049076    -0.946058
   0.0496309      7.81192
   0.0501921      14.5316
   0.0507596      17.0604
   0.0513335      14.5291
   0.0519139      7.72202
   0.0525008     -1.09968
   0.0530944     -8.88764
   0.0536948     -12.8462
   0.0543019     -11.4505
   0.0549158     -5.09003
   0.0555367       3.9762
   0.0561647       12.378
   0.0567997      16.9073
   0.0574419      15.8138
   0.0580914      9.61466
   0.0587482     0.996316
   0.0594124     -6.21567
   0.0600842     -8.68697
   0.0607635     -5.09919
   0.0614505      3.11895
   0.0621453       12.313
    0.062848      18.2238
   0.0635586      18.0527
   0.0642772      11.9439
   0.0650039      3.08763
   0.0657389     -3.78114
   0.0664822     -4.81904
   0.0672339     0.769963
    0.067994      10.1284
   0.0687628      18.1684
   0.0695403      20.4283
   0.0703266      15.7686
   0.0711217       7.2673
   0.0719258     0.542243
   0.0727391     0.330649
   0.0735615      7.35199
   0.0743932      17.6039
   0.0752344      24.7925
    0.076085      24.5636
   0.0769453      17.6837
   0.0778152      9.78573
   0.0786951      7.48122
   0.0795848      13.4361
   0.0804847      24.0787
   0.0813947      32.0533
   0.0823149      31.9049
   0.0832456      24.6841
   0.0841869      17.4575
   0.0851387      17.6465
   0.0861014      26.5817
   0.0870749      37.9845
   0.0880594      43.2427
    0.089055      39.3009
   0.0900619      31.8978
   0.0910802      30.5542
     0.09211      39.3846
   0.0931515      52.6288
   0.0942047       59.976
   0.0952698      57.1325
    0.096347      50.7862
   0.0974363      51.9736
    0.098538       64.031
   0.0996521      78.3639
    0.100779      83.7462
    0.101918      79.5383
    0.103071      77.1661
    0.104236      86.8362
    0.105415      104.675
    0.106606      116.924
    0.107812      117.419
    0.109031      116.365
    0.110264      127.481
     0.11151      149.202
    0.112771      165.994
    0.114046      170.005
    0.115336      173.188
     0.11664      190.689
    0.117958      217.972
    0.119292      236.855
    0.120641       243.79
    0.122005      256.758
    0.123384      287.072
    0.124779      320.069
     0.12619      338.811
    0.127617      353.776
     0.12906       386.06
    0.130519      429.833
    0.131995      461.536
    0.133487      483.454
    0.134996      521.366
    0.136523       575.95
    0.138066      620.081
    0.139627      652.579
    0.141206      703.027
    0.142803      772.015
    0.144417      828.168
     0.14605      875.093
    0.147702      946.799
    0.149372       1033.6
     0.15106      1101.93
    0.152768       1172.9
    0.154496      1278.09
    0.156242      1384.82
    0.158009       1473.5
    0.159796      1591.12
    0.161602       1738.7
    0.163429      1865.39
    0.165277      2001.66
    0.167146      2188.06
    0.169036      2363.77
    0.170947      2526.81
     0.17288      2749.28
    0.174835      2969.25
    0.176811      3146.72
     0.17881      3386.15
    0.180832      3608.47
    0.182877       3729.2
    0.184944       3947.3
    0.187035      4001.01
     0.18915       3252.3
    0.191289      2053.81
    0.193452      1213.59
    0.195639      695.598
    0.197851      417.795
    0.200088      533.998
     0.20235      885.493
    0.204638      1648.58
    0.206952       2699.2
    0.209292      3076.05
    0.211658      2821.07
    0.214051      2628.81
    0.216471      2408.99
    0.218919      2150.87
    0.221394      1948.36
    0.223897      1712.58
    0.226429      1524.26
    0.228989      1343.25
    0.231578      1176.15
    0.234196      1042.76
    0.236844      905.565
    0.239522      802.838
     0.24223      697.843
    0.244969      614.096
    0.247739      536.052
     0.25054      465.705
    0.253373      406.844
    0.256238      348.288
    0.259135      303.127
    0.262065      256.151
    0.265028      221.139
    0.268024      184.428
    0.271055      157.212
    0.274119      129.651
    0.277219      109.473
    0.280353      89.8079
    0.283523      75.1712
    0.286729      61.1251
     0.28997       50.602
    0.293249      41.0594
    0.296565      34.0472
    0.299918      27.6158
    0.303309      22.5755
    0.306738       18.026
    0.310206      14.6889
    0.313714      11.8582
    0.317261      9.63257
    0.320848      7.50805
    0.324475       5.9027
    0.328144      4.68703
    0.331854      3.84933
    0.335606      2.98186
    0.339401      2.22056
    0.343238      1.66073
    0.347119      1.41249
    0.351044      1.15463
    0.355013     0.808895
    0.359027     0.515055
    0.363086     0.468219
    0.367192     0.446381
    0.371343     0.286285
    0.375542     0.101566
    0.379788     0.139474
    0.384082     0.213533
    0.388425    0.0982112
    0.392816   -0.0345873
    0.397258    0.0542352
    0.401749     0.137217
    0.406292   0.00262988
    0.410886   -0.0719446
    0.415531    0.0738944
    0.420229    0.0784195
    0.424981   -0.0780071
    0.429786   -0.0257385
    0.434645     0.104612
     0.43956   -0.0210087
     0.44453   -0.0869526
    0.449556    0.0623357
    0.454639    0.0455387
    0.459779   -0.0820596
    0.464977    0.0255629
    0.470235    0.0701798
    0.475551   -0.0679754
    0.480928   -0.0150434
    0.486366     0.065031
    0.491865    -0.052291
    0.497426   -0.0182853
     0.50305    0.0741525
    0.508738   -0.0447262
     0.51449   -0.0223433
    0.520307    0.0733952
     0.52619    -0.057801
     0.53214   -0.0112794
    0.538156    0.0610063
    0.544241   -0.0692789
    0.550394     0.032904
    0.556617    0.0268165
    0.562911   -0.0681875
    0.569275    0.0712972
    0.575712   -0.0402778
    0.582221   -0.0125232
    0.588804    0.0553733
    0.595462   -0.0672274
    0.602194    0.0538683
    0.609003   -0.0259543
    0.615889   -0.0127093
    0.622852    0.0458984
    0.629894    -0.059614
    0.637016    0.0563326
    0.644219   -0.0377976
    0.651503    0.0198906
    0.658869 -0.000415645
    0.666318   -0.0238365
    0.673852    0.0387203
    0.681471    -0.047228
    0.689176      0.05181
    0.696968   -0.0556466
    0.704849    0.0529228
    0.712818   -0.0435752
    0.720878    0.0367345
    0.729028   -0.0297694
    0.737271    0.0223274
    0.745607   -0.0210214
    0.754037    0.0231794
    0.762563    -0.013246
    0.771185   0.00338526
    0.779904  -0.00787626
    0.788722     0.012464
     0.79764  -0.00906095
    0.806658   0.00541361
    0.815779  -0.00602013
    0.825003   0.00381415
     0.83433   0.00239467
    0.843764  -0.00101866
    0.853304  -0.00454653
    0.862952   0.00583996
    0.872709  -0.00054894
    0.882576  -0.00373219
    0.892555   0.00247059
    0.902647  -0.00117961
    0.912852   0.00191001
    0.923174  -0.00284052
    0.933612  0.000496935
    0.944167  0.000954743
    0.954843   0.00195817
    0.965639  -0.00252353
    0.976557  -0.00131901
    0.987598   0.00288064
    0.998764  -0.00341747
     1.01006   0.00110243
     1.02148   0.00163796
     1.03303  -0.00231945
     1.04471   0.00248971
     1.05652 -0.000560994
     1.06846  -0.00182337
     1.08054   0.00339009
     1.09276  -0.00332902
     1.10512   0.00114534
     1.11761  0.000823661
     1.13025  -0.00273385
     1.14303   0.00298857
     1.15595   0.00075512
     1.16902  -0.00320433
     1.18224   0.00149204
     1.19561   0.00129377
     1.20912  -0.00130103
      1.2228 -0.000322805
     1.23662   0.00201107
      1.2506  -0.00227245
     1.26474   0.00227531
     1.27904  -0.00210328
      1.2935   0.00126213
     1.30813  -0.00203998
     1.32292   0.00207181
     1.33788  0.000251586
       1.353  -0.00148201
      1.3683   -8.212e-05
     1.38377   0.00182726
     1.39942  -0.00235763
     1.41524  0.000764791
     1.43124  0.000754656
     1.44742 -0.000218244
     1.46379  -0.00048614
     1.48034  0.000193019
     1.49708  0.000119104
       1.514   0.00094973
     1.53112  -0.00201461
     1.54843   0.00227982
     1.56594  -0.00148473
     1.58365 -0.000493553
     1.60155  0.000845272
     1.61966   8.4144e-05
     1.63797 -6.35689e-05
     1.65649  5.18118e-05
     1.67522 -0.000173479
     1.69416  0.000143032
     1.71332 -0.000330435
     1.73269  0.000880754
     1.75228 -0.000920645
     1.77209  0.000190901
     1.79213  7.60374e-05
     1.81239  0.000103191
     1.83288  7.60678e-05
     1.85361 -0.000371836
     1.87457  6.01427e-05
     1.89576 -0.000285307
     1.91719  0.000617979
     1.93887 -0.000233942
     1.96079 -1.74889e-05
     1.98296  0.000113269
     2.00538  6.52303e-05
     2.02806  0.000188845
     2.05099   -0.0004869
     2.07418    0.0003416
     2.09763 -0.000261081
     2.12135  0.000425546
     2.14533  -0.00071519
     2.16959  0.000503791
     2.19412 -0.000293541
     2.21893  0.000442028
     2.24401 -0.000552938
     2.26939   0.00025829
     2.29505  8.69482e-06
     2.32099  9.06119e-05
     2.34724 -0.000225947
     2.37378   0.00016654
     2.40061  0.000133462
     2.42776 -0.000113298
     2.45521   -8.378e-05
     2.48297  0.000183523
     2.51104 -7.36392e-05
     2.53943 -0.000143294
     2.56814  1.76418e-05
     2.59718  0.000125077
     2.62655 -0.000128205
     2.65624  4.27982e-05
     2.68628  7.75869e-05
     2.71665 -7.61473e-05
     2.74736 -1.07064e-05
     2.77843  0.000197454
     2.80984 -0.000169907
     2.84161 -8.06779e-05
     2.87374  6.86783e-05
     2.90623 -2.77432e-05
     2.93909  1.20267e-05
     2.97232  0.000124253
     3.00593 -0.000108045
     3.03992  3.96464e-05
     3.07429  9.17637e-05
     3.10905 -0.000156471
      3.1442  7.87661e-05
     3.17975 -1.20578e-05
      3.2157 -0.000150373
     3.25206  8.25202e-05
     3.28883  3.53043e-05
     3.32601  7.10502e-05
     3.36362  1.00382e-05
     3.40165 -0.000150595
     3.44011  0.000143517
     3.47901 -2.01536e-05
     3.51834 -8.51097e-05
     3.55812   2.4666e-05
     3.59835 -3.02325e-05
     3.63904  0.000136524
     3.68018 -0.000131325
     3.72179   3.1185e-05
     3.76387  2.20702e-05
     3.80643 -4.34933e-05
     3.84947  5.88764e-05
     3.89299  -2.8267e-05
     3.93701  5.77076e-05
     3.98152 -7.79209e-05
     4.02654  4.74823e-05
     4.07206 -7.22639e-05
     4.11811  4.28634e-05
     4.16467 -3.46553e-05
     4.21175  8.15978e-05
     4.25938 -3.20919e-05
     4.30753  3.91866e-05
     4.35624 -8.71786e-05
     4.40549  7.84441e-06
      4.4553  1.92946e-05
     4.50568  3.40466e-05
     4.55662 -3.16585e-06
     4.60814 -9.85201e-06
     4.66024 -3.02426e-05
     4.71293 -1.01424e-05
     4.76622  5.54203e-05
     4.82011 -5.31509e-06
     4.87461 -1.49617e-05
     4.92972 -3.10567e-05
     4.98546 -2.63425e-06
     5.04183   3.7118e-05
     5.09883  3.22857e-05
     5.15648 -4.42367e-05
     5.21479  1.36813e-05
     5.27375 -2.30012e-05
     5.33338  2.50734e-06
     5.39368 -1.60078e-06
     5.45466 -5.05875e-06
     5.51633  4.18794e-05
     5.57871 -1.10315e-05
     5.64178  9.15912e-06
     5.70557  -4.3284e-05
     5.77008  7.80158e-07
     5.83532  1.97688e-05
      5.9013  8.99143e-06
     5.96802 -1.43755e-05
      6.0355  1.52638e-05
     6.10374 -2.04748e-05
     6.17275  2.43772e-05
     6.24254 -1.47524e-05
     6.31312 -1.57922e-06
      6.3845  1.68462e-06
     6.45669 -1.95385e-05
     6.52969   4.0363e-05
     6.60352 -2.46008e-05
     6.67818  1.29287e-05
     6.75369  -1.7711e-05
     6.83005  2.51715e-05
     6.90728 -3.52964e-05
     6.98537  1.52534e-05
     7.06435  1.83663e-05
     7.14423 -1.05037e-05
       7.225  -1.6329e-05
     7.30669  2.37141e-05
     7.38931 -1.71063e-05
     7.47285  3.29563e-06
     7.55735  6.53418e-06
     7.64279  2.00894e-06
     7.72921 -1.34459e-05
      7.8166  4.68456e-06
     7.90498  2.74753e-06
     7.99435  1.90686e-05
     8.08474 -3.22849e-05
     8.17615  3.92644e-06
      8.2686  1.88689e-05
     8.36209  -4.9294e-06
     8.45663 -6.98784e-06
     8.55225 -3.38847e-06
     8.64894  1.11673e-05
     8.74673 -1.08121e-06
     8.84563 -1.65023e-05
     8.94564  2.19111e-05
     9.04679 -9.15724e-06
     9.14907 -4.33463e-06
     9.25252  7.65219e-06
     9.35713 -9.16852e-06
     9.46293  1.07713e-05
     9.56992 -8.86884e-06
     9.67812  7.79528e-06
     9.78755 -6.36734e-06
     9.89821 -1.22307e-06
     10.0101  8.35316e-06
     10.1233 -6.68759e-06
     10.2378  1.93827e-06
     10.3535 -1.77066e-06
     10.4706  3.60109e-06
      10.589 -2.59429e-06
     10.7087 -6.01766e-07
     10.8298  3.62274e-06
     10.9522 -6.55104e-06
     11.0761  9.85342e-06
     11.2013 -1.11634e-05
     11.3279  8.38657e-06
      11.456 -4.86339e-06
     11.5855  4.37161e-06
     11.7165  -3.6376e-06
      11.849 -1.66981e-06
      11.983   7.8326e-06
     12.1185  -8.4228e-06
     12.2555  4.51869e-06
      12.394 -1.97359e-06
     12.5342  2.22892e-06
     12.6759 -2.09063e-06
     12.8192 -1.40003e-08
     12.9642  2.30374e-06
     13.1107 -3.22433e-06
      13.259  3.28782e-06
     13.4089 -3.31133e-06
     13.5605  3.08633e-06
     13.7138 -1.93677e-06
     13.8689 -2.63651e-07
     14.0257  2.45153e-06
     14.1843 -2.97053e-06
     14.3446  1.46122e-06
     14.5068  4.79364e-07
     14.6709 -1.12207e-06
     14.8367  3.88788e-07
     15.0045  5.45271e-07
     15.1741 -8.55427e-07
     15.3457  7.37592e-07
     15.5192 -6.93718e-07
     15.6947  8.13091e-07
     15.8721 -8.31304e-07
     16.0516   5.8092e-07
     16.2331 -1.96096e-07
     16.4166 -1.61266e-07
     16.6022   4.6416e-07
     16.7899 -6.65453e-07
     16.9798   7.0243e-07
     17.1718 -6.06312e-07
     17.3659  5.20778e-07
     17.5623 -6.40792e-07
     17.7608    1.039e-06
     17.9616 -1.52445e-06
     18.1647  1.74276e-06
     18.3701 -1.42702e-06
     18.5778  6.18785e-07
     18.7879  2.98828e-07
     19.0003   -8.593e-07
     19.2151  8.46383e-07
     19.4324 -3.86356e-07
     19.6521 -1.88859e-07
     19.8743  5.70845e-07
      20.099 -6.42352e-07
     20.3262  4.66622e-07
      20.556 -1.79398e-07
     20.7885 -7.71041e-08
     21.0235  2.07468e-07
     21.2612 -1.97335e-07
     21.5016  8.76599e-08
     21.7447  7.26227e-08
     21.9906 -2.41231e-07
     22.2392  3.77259e-07
     22.4907 -4.32864e-07
     22.7449  3.93645e-07
     23.0021 -3.07072e-07
     23.2622  2.26191e-07
     23.5252 -1.53981e-07
     23.7912   8.5332e-08
     24.0602 -3.45874e-08
     24.3322   9.5725e-09
     24.6073  5.07825e-09
     24.8856  -2.2544e-08
     25.1669    3.649e-08
     25.4515 -2.91312e-08
     25.7393  5.13313e-09
     26.0303  1.35967e-08
     26.3246 -1.55211e-08
     26.6222  1.05705e-08
     26.9232 -6.21268e-09
     27.2276  5.14321e-09
     27.5355 -5.63233e-09
     27.8468  6.69503e-09
     28.1617 -4.44195e-09
     28.4801 -9.88091e-12
     28.8021  5.61775e-09
     29.1277 -7.56205e-09
     29.4571  5.97613e-09
     29.7901 -8.45064e-10
      30.127 -2.96872e-09
     30.4676  5.59126e-09
     30.8121  -6.0598e-09
     31.1604  6.33859e-09
     31.5128 -3.25216e-09
     31.8691 -2.10679e-10
     32.2294   3.7832e-09
     32.5938 -4.52136e-09
     32.9623  5.14896e-09
      33.335 -3.44184e-09
     33.7119  2.28887e-09
     34.0931  5.24014e-10
     34.4786 -1.27348e-09
     34.8684  2.48711e-09
     35.2626 -2.08512e-09
     35.6613  3.44449e-09
     36.0645 -2.12617e-09
     36.4723  1.19868e-09
     36.8847  1.91952e-09
     37.3017 -2.10765e-09
     37.7235  2.93288e-09
       38.15 -1.14131e-09
     38.5813  1.79356e-09
     39.0175  -2.9122e-10
     39.4587  1.03633e-09
     39.9048  7.26155e-10
      40.356  4.10938e-10
     40.8123  9.58927e-10
     41.2738    3.689e-10
     41.7404  1.33167e-09
     42.2124  4.95697e-10
     42.6896  6.32843e-10
     43.1723  1.37024e-09
     43.6604    7.118e-10
     44.1541  5.01297e-10
     44.6533  2.16903e-09
     45.1582 -3.14665e-10
     45.6688  2.27494e-09
     46.1851   2.7183e-10
     46.7073  1.82825e-09
     47.2354    8.897e-10
     47.7695  1.60107e-09
     48.3096  1.13532e-09
     48.8558   1.6412e-09
     49.4082  1.21751e-09
     49.9668  2.19632e-09
     50.5318  7.39792e-10
     51.1031  2.66722e-09
     51.6809  1.02274e-09
     52.2653  2.48326e-09
     52.8562  1.48716e-09
     53.4538  2.51058e-09
     54.0582  1.67711e-09
     54.6694  2.77119e-09
     55.2875  1.77618e-09
     55.9126  3.10454e-09
     56.5448  1.86574e-09
     57.1841  3.35089e-09
     57.8307  2.27866e-09
     58.4846  3.35753e-09
     59.1458  2.64201e-09
     59.8146  3.68593e-09
     60.4908  2.82218e-09
     61.1748  4.00065e-09
     61.8665    3.243e-09
      62.566  4.18204e-09
     63.2734  3.61494e-09
     63.9888  4.58352e-09
     64.7123  3.97387e-09
     65.4439  4.90661e-09
     66.1839  4.45498e-09
     66.9322  5.25461e-09
      67.689  4.96921e-09
     68.4543  5.65184e-09
     69.2283  5.47893e-09
      70.011  6.15793e-09
     70.8026   5.9833e-09
     71.6031  6.71296e-09
     72.4127   6.5688e-09
     73.2314  7.30344e-09
     74.0594  7.18982e-09
     74.8968  7.95047e-09
     75.7436  7.91189e-09
        76.6  8.60847e-09
     77.4661  8.70314e-09
     78.3419  9.37883e-09
     79.2277  9.49859e-09
     80.1235  1.02605e-08
     81.0294   1.0371e-08
     81.9456   1.1189e-08
     82.8721   1.1364e-08
     83.8091  1.21783e-08
     84.7567  1.24435e-08
      85.715  1.32803e-08
     86.6841  1.36006e-08
     87.6642  1.44913e-08
     88.6554  1.48677e-08
     89.6578  1.58049e-08
     90.6715  1.62492e-08
     91.6967  1.72469e-08
     92.7335  1.77556e-08
      93.782  1.88102e-08
     94.8423  1.94102e-08
     95.9147  2.05155e-08
     96.9991  2.12053e-08
     98.0958  2.23852e-08
      99.205  2.31638e-08
