  0.00099205  7.23855e-05
  0.00100327  7.61089e-05
  0.00101461  7.98302e-05
  0.00102608  8.38541e-05
  0.00103768  8.78604e-05
  0.00104942  9.21865e-05
  0.00106128  9.65515e-05
  0.00107328  0.000101277
  0.00108542  0.000106065
  0.00109769   0.00011123
   0.0011101  0.000116473
  0.00112265  0.000122085
  0.00113534  0.000127791
  0.00114818   0.00013388
  0.00116116  0.000140068
  0.00117429  0.000146659
  0.00118757  0.000153377
    0.001201  0.000160537
  0.00121457  0.000167873
  0.00122831  0.000175604
  0.00124219  0.000183467
  0.00125624  0.000191809
  0.00127044  0.000200379
  0.00128481  0.000209449
  0.00129933  0.000218767
  0.00131403   0.00022863
  0.00132888  0.000238851
  0.00134391  0.000249702
   0.0013591  0.000261003
  0.00137447   0.00027296
  0.00139001  0.000285368
  0.00140573  0.000298461
  0.00142162  0.000312069
  0.00143769  0.000326422
  0.00145395  0.000341313
  0.00147039  0.000356986
  0.00148701  0.000373294
  0.00150383   0.00039043
  0.00152083  0.000408284
  0.00153802  0.000427095
  0.00155541  0.000446624
    0.001573  0.000467145
  0.00159079  0.000488522
  0.00160877  0.000510932
  0.00162696  0.000534186
  0.00164536  0.000558516
  0.00166396  0.000583852
  0.00168277  0.000610411
   0.0017018  0.000638059
  0.00172104  0.000666975
   0.0017405  0.000697076
  0.00176018  0.000728565
  0.00178008  0.000761275
  0.00180021  0.000795425
  0.00182056  0.000830866
  0.00184115  0.000867854
  0.00186196  0.000906288
  0.00188301  0.000946368
  0.00190431   0.00098795
  0.00192584   0.00103116
  0.00194761   0.00107586
  0.00196963   0.00112225
   0.0019919   0.00117031
  0.00201442   0.00122019
   0.0020372   0.00127185
  0.00206023   0.00132553
  0.00208353   0.00138115
  0.00210708   0.00143892
  0.00213091    0.0014988
    0.002155   0.00156102
  0.00217937   0.00162549
  0.00220401   0.00169239
  0.00222893   0.00176159
  0.00225413   0.00183328
  0.00227962   0.00190742
  0.00230539   0.00198429
  0.00233146   0.00206407
  0.00235782    0.0021471
  0.00238448   0.00223327
  0.00241144   0.00232264
   0.0024387   0.00241526
  0.00246627   0.00251142
  0.00249416   0.00261096
  0.00252236   0.00271411
  0.00255088    0.0028209
  0.00257972   0.00293136
  0.00260889   0.00304548
  0.00263838    0.0031635
  0.00266822   0.00328541
  0.00269838    0.0034114
  0.00272889   0.00354156
  0.00275975   0.00367606
  0.00279095   0.00381486
  0.00282251   0.00395812
  0.00285442   0.00410587
  0.00288669    0.0042582
  0.00291933   0.00441512
  0.00295234   0.00457682
  0.00298572    0.0047434
  0.00301948     0.004915
  0.00305362   0.00509172
  0.00308814   0.00527375
  0.00312306   0.00546098
  0.00315837   0.00565368
  0.00319408   0.00585183
  0.00323019   0.00605538
  0.00326672    0.0062642
  0.00330365    0.0064785
  0.00334101   0.00669803
  0.00337878    0.0069231
  0.00341698   0.00715364
  0.00345562   0.00738973
  0.00349469   0.00763125
   0.0035342   0.00787825
  0.00357416    0.0081307
  0.00361457   0.00838832
  0.00365544   0.00865069
  0.00369677   0.00891811
  0.00373857   0.00919041
  0.00378084   0.00946747
  0.00382359   0.00974902
  0.00386682    0.0100348
  0.00391054    0.0103244
  0.00395475    0.0106177
  0.00399947    0.0109142
  0.00404469    0.0112138
  0.00409042    0.0115162
  0.00413667    0.0118209
  0.00418344    0.0121277
  0.00423074    0.0124361
  0.00427857    0.0127455
  0.00432695    0.0130553
  0.00437587    0.0133653
  0.00442535    0.0136748
  0.00447538     0.013983
  0.00452598    0.0142893
  0.00457716    0.0145927
  0.00462891    0.0148923
  0.00468125    0.0151872
  0.00473418    0.0154768
   0.0047877    0.0157599
  0.00484183    0.0160357
  0.00489658     0.016303
  0.00495194    0.0165606
  0.00500793    0.0168075
  0.00506455    0.0170421
  0.00512182    0.0172632
  0.00517973    0.0174695
  0.00523829    0.0176596
  0.00529752    0.0178322
  0.00535741    0.0179855
  0.00541799    0.0181183
  0.00547925    0.0182291
   0.0055412    0.0183164
  0.00560385    0.0183785
  0.00566721    0.0184138
  0.00573129    0.0184206
  0.00579609     0.018397
  0.00586162    0.0183416
   0.0059279    0.0182527
  0.00599492    0.0181284
   0.0060627    0.0179672
  0.00613125    0.0177675
  0.00620057     0.017528
  0.00627068    0.0172474
  0.00634158    0.0169243
  0.00641328    0.0165576
  0.00648579    0.0161456
  0.00655912    0.0156876
  0.00663329    0.0151826
  0.00670829    0.0146296
  0.00678413    0.0140283
  0.00686084    0.0133778
  0.00693841    0.0126778
  0.00701686    0.0119283
   0.0070962    0.0111296
  0.00717643     0.010282
  0.00725757   0.00938642
  0.00733963   0.00844402
  0.00742261   0.00745597
  0.00750654   0.00642381
  0.00759141   0.00534963
  0.00767724   0.00423635
  0.00776405   0.00308698
  0.00785183   0.00190456
  0.00794061  0.000692909
  0.00803039 -0.000543882
  0.00812118  -0.00180146
  0.00821301  -0.00307488
  0.00830587  -0.00435904
  0.00839978  -0.00564843
  0.00849475  -0.00693682
   0.0085908  -0.00821796
  0.00868793  -0.00948484
  0.00878616   -0.0107305
   0.0088855   -0.0119475
  0.00898596    -0.013128
  0.00908756    -0.014264
  0.00919031   -0.0153475
  0.00929422   -0.0163697
  0.00939931   -0.0173225
  0.00950558   -0.0181985
  0.00961306   -0.0189889
  0.00972175   -0.0196859
  0.00983167   -0.0202824
  0.00994283   -0.0207711
   0.0100552   -0.0211453
   0.0101689   -0.0213988
   0.0102839   -0.0215263
   0.0104002   -0.0215233
   0.0105178   -0.0213867
   0.0106367   -0.0211143
    0.010757   -0.0207046
   0.0108786   -0.0201573
   0.0110016   -0.0194736
    0.011126    -0.018656
   0.0112518   -0.0177083
    0.011379   -0.0166353
   0.0115076   -0.0154435
   0.0116378   -0.0141412
   0.0117693   -0.0127386
   0.0119024   -0.0112471
    0.012037  -0.00967942
   0.0121731  -0.00804961
   0.0123107  -0.00637307
   0.0124499   -0.0046662
   0.0125907  -0.00294741
    0.012733  -0.00123535
    0.012877  0.000451336
   0.0130226   0.00209348
   0.0131698   0.00367245
   0.0133187   0.00516962
   0.0134693   0.00656707
   0.0136216   0.00784783
   0.0137756   0.00899675
   0.0139314    0.0100002
   0.0140889    0.0108458
   0.0142482     0.011524
   0.0144093    0.0120292
   0.0145722     0.012358
    0.014737     0.012509
   0.0149036    0.0124846
   0.0150721    0.0122912
   0.0152425    0.0119369
   0.0154149    0.0114344
   0.0155892    0.0107996
   0.0157654    0.0100509
   0.0159437    0.0092085
   0.0161239   0.00829502
   0.0163062   0.00733533
   0.0164906   0.00635438
   0.0166771   0.00537729
   0.0168656   0.00442857
   0.0170563   0.00353319
   0.0172492   0.00271297
   0.0174442   0.00198659
   0.0176414    0.0013704
   0.0178409  0.000875659
   0.0180426  0.000509487
   0.0182466  0.000275619
   0.0184529  0.000172063
   0.0186615  0.000193056
   0.0188725  0.000328841
   0.0190859  0.000563783
   0.0193017  0.000879084
     0.01952   0.00125332
   0.0197407    0.0016623
   0.0199639    0.0020809
   0.0201896   0.00248318
   0.0204178   0.00284513
   0.0206487   0.00314513
   0.0208822   0.00336479
   0.0211183   0.00349057
    0.021357   0.00351459
   0.0215985   0.00343506
   0.0218427   0.00325424
   0.0220897    0.0029821
   0.0223394   0.00263362
    0.022592   0.00222778
   0.0228475   0.00178688
   0.0231058    0.0013365
    0.023367  0.000902965
   0.0236312  0.000511927
   0.0238984  0.000185921
   0.0241686 -5.76414e-05
   0.0244419 -0.000207163
   0.0247183 -0.000257366
   0.0249977 -0.000210831
   0.0252804 -7.66287e-05
   0.0255662  0.000129204
   0.0258553  0.000384744
   0.0261476  0.000664332
   0.0264432  0.000939768
   0.0267422   0.00118312
   0.0270446   0.00137146
   0.0273504   0.00148674
   0.0276596    0.0015158
   0.0279723   0.00145539
   0.0282886   0.00131026
   0.0286085   0.00109391
   0.0289319  0.000827196
    0.029259  0.000536163
   0.0295899  0.000250819
   0.0299244 -3.45073e-08
   0.0302628 -0.000190848
   0.0306049 -0.000302573
    0.030951 -0.000327507
   0.0313009  -0.00026727
   0.0316548 -0.000132849
   0.0320127  5.47341e-05
   0.0323747  0.000266651
   0.0327407  0.000473489
   0.0331109  0.000646526
   0.0334853  0.000761125
   0.0338639  0.000800873
   0.0342467  0.000758806
    0.034634  0.000639593
   0.0350256  0.000459995
   0.0354216  0.000247507
   0.0358221  3.54849e-05
   0.0362271 -0.000144291
   0.0366367 -0.000263249
   0.0370509 -0.000303981
   0.0374698 -0.000263061
   0.0378935 -0.000151846
   0.0383219  7.39604e-06
   0.0387552  0.000183554
   0.0391934  0.000342546
   0.0396366  0.000451839
   0.0400847  0.000489362
   0.0405379  0.000447446
   0.0409963  0.000334471
   0.0414598  0.000174241
   0.0419286  1.59962e-06
   0.0424026 -0.000145737
   0.0428821 -0.000236393
   0.0433669  -0.00025249
   0.0438572 -0.000193038
   0.0443531 -7.41171e-05
   0.0448546  7.46717e-05
   0.0453617  0.000214262
   0.0458746  0.000306923
   0.0463933   0.00032851
   0.0469178  0.000272703
   0.0474483  0.000154594
   0.0479848  9.58557e-06
   0.0485273 -0.000120835
    0.049076 -0.000199264
   0.0496309 -0.000204059
   0.0501921 -0.000137528
   0.0507596 -2.12023e-05
   0.0513335  0.000108452
   0.0519139  0.000205967
   0.0525008  0.000237892
   0.0530944   0.00019461
   0.0536948  9.39761e-05
   0.0543019 -2.93909e-05
   0.0549158 -0.000130799
   0.0555367 -0.000172819
   0.0561647 -0.000142543
   0.0567997 -5.08512e-05
   0.0574419  6.56715e-05
   0.0580914  0.000156261
   0.0587482  0.000182204
   0.0594124  0.000135454
   0.0600842  3.66923e-05
   0.0607635 -7.07419e-05
   0.0614505 -0.000137555
   0.0621453 -0.000133958
    0.062848 -6.29224e-05
   0.0635586  4.19977e-05
   0.0642772  0.000125119
   0.0650039  0.000145561
   0.0657389   9.3024e-05
   0.0664822 -4.48299e-06
   0.0672339 -9.13942e-05
    0.067994  -0.00012173
   0.0687628 -7.90317e-05
   0.0695403  9.82492e-06
   0.0703266  9.29598e-05
   0.0711217  0.000120083
   0.0719258  7.39445e-05
   0.0727391 -1.37457e-05
   0.0735615 -8.72201e-05
   0.0743932 -9.88343e-05
   0.0752344 -4.14033e-05
    0.076085  4.45723e-05
   0.0769453   9.7607e-05
   0.0778152   8.0898e-05
   0.0786951    8.353e-06
   0.0795848 -6.59045e-05
   0.0804847  -8.6181e-05
   0.0813947 -3.67344e-05
   0.0823149  4.02241e-05
   0.0832456  8.36851e-05
   0.0841869  5.92688e-05
   0.0851387 -1.36435e-05
   0.0861014 -7.19181e-05
   0.0870749 -6.29434e-05
   0.0880594  2.96616e-06
    0.089055  6.53468e-05
   0.0900619  6.52643e-05
   0.0910802   3.0941e-06
     0.09211 -5.89558e-05
   0.0931515 -5.84961e-05
   0.0942047  2.11978e-06
   0.0952698  5.81555e-05
    0.096347  5.07532e-05
   0.0974363 -9.37116e-06
    0.098538 -5.58049e-05
   0.0996521  -3.8375e-05
    0.100779  2.20505e-05
    0.101918  5.56702e-05
    0.103071   2.2634e-05
    0.104236 -3.63237e-05
    0.105415  -4.9041e-05
    0.106606  1.78667e-06
    0.107812  4.93482e-05
    0.109031  2.93374e-05
    0.110264 -2.86671e-05
     0.11151 -4.41539e-05
    0.112771  1.01274e-06
    0.114046  4.44953e-05
    0.115336  2.12652e-05
     0.11664 -3.18838e-05
    0.117958 -3.46697e-05
    0.119292  1.50273e-05
    0.120641  4.00068e-05
    0.122005  6.13443e-07
    0.123384 -3.85418e-05
    0.124779 -1.19868e-05
     0.12619  3.28979e-05
    0.127617  2.06537e-05
     0.12906 -2.71752e-05
    0.130519 -2.57525e-05
    0.131995  2.35859e-05
    0.133487  2.66778e-05
    0.134996 -2.02023e-05
    0.136523 -2.62826e-05
    0.138066  1.88904e-05
    0.139627  2.42735e-05
    0.141206 -1.83803e-05
    0.142803 -2.19984e-05
    0.144417  1.96639e-05
     0.14605  1.90346e-05
    0.147702  -2.2993e-05
    0.149372 -1.32665e-05
     0.15106  2.62612e-05
    0.152768  4.19957e-06
    0.154496 -2.61719e-05
    0.156242  5.31447e-06
    0.158009  2.37242e-05
    0.159796 -1.67198e-05
    0.161602 -1.40204e-05
    0.163429  2.34675e-05
    0.165277 -6.72147e-08
    0.167146 -2.25449e-05
    0.169036    1.501e-05
    0.170947  1.10776e-05
     0.17288 -2.26201e-05
    0.174835  7.17418e-06
    0.176811  1.56114e-05
     0.17881 -2.02805e-05
    0.180832   3.6019e-06
    0.182877  1.54698e-05
    0.184944  -1.8033e-05
    0.187035  3.25874e-06
     0.18915  1.38135e-05
    0.191289 -1.81484e-05
    0.193452   7.3725e-06
    0.195639  8.54581e-06
    0.197851 -1.71623e-05
    0.200088   1.3101e-05
     0.20235 -4.28802e-07
    0.204638 -1.18706e-05
    0.206952  1.64775e-05
    0.209292 -1.16827e-05
    0.211658  1.11256e-06
    0.214051   9.3483e-06
    0.216471 -1.49488e-05
    0.218919  1.39675e-05
    0.221394  -7.6829e-06
    0.223897 -9.14043e-07
    0.226429  8.69014e-06
    0.228989 -1.34922e-05
    0.231578  1.45517e-05
    0.234196 -1.22931e-05
    0.236844  7.84233e-06
    0.239522 -2.50746e-06
     0.24223 -2.59986e-06
    0.244969  6.74859e-06
    0.247739 -9.60591e-06
     0.25054  1.11573e-05
    0.253373 -1.15931e-05
    0.256238  1.11954e-05
    0.259135 -1.02556e-05
    0.262065  9.02756e-06
    0.265028 -7.70449e-06
    0.268024  6.41817e-06
    0.271055 -5.24605e-06
    0.274119  4.22568e-06
    0.277219  -3.3672e-06
    0.280353  2.66172e-06
    0.283523 -2.09326e-06
    0.286729  1.64213e-06
     0.28997 -1.28698e-06
    0.293249  1.00996e-06
    0.296565 -7.94856e-07
    0.299918  6.27852e-07
    0.303309 -4.98497e-07
    0.306738  3.97787e-07
    0.310206 -3.19453e-07
    0.313714   2.5835e-07
    0.317261 -2.09928e-07
    0.320848  1.72005e-07
    0.324475 -1.42053e-07
    0.328144  1.17799e-07
    0.331854 -9.84982e-08
    0.335606  8.28564e-08
    0.339401 -7.01381e-08
    0.343238  5.97937e-08
    0.347119 -5.10542e-08
    0.351044  4.38107e-08
    0.355013 -3.79065e-08
    0.359027  3.31271e-08
    0.363086 -2.89469e-08
    0.367192  2.52431e-08
    0.371343 -2.21734e-08
    0.375542  1.95259e-08
    0.379788 -1.73795e-08
    0.384082  1.55145e-08
    0.388425 -1.36911e-08
    0.392816   1.2212e-08
    0.397258  -1.1098e-08
    0.401749  9.98769e-09
    0.406292 -8.90756e-09
    0.410886  8.11418e-09
    0.415531 -7.35328e-09
    0.420229  6.64093e-09
    0.424981 -6.13315e-09
    0.429786  5.53234e-09
    0.434645 -4.95538e-09
     0.43956  4.59772e-09
     0.44453 -4.24788e-09
    0.449556  3.79788e-09
    0.454639 -3.47329e-09
    0.459779  3.26491e-09
    0.464977 -2.92368e-09
    0.470235   2.7065e-09
    0.475551 -2.65873e-09
    0.480928   2.4655e-09
    0.486366 -2.27081e-09
    0.491865  2.13723e-09
    0.497426 -1.91231e-09
     0.50305  1.70274e-09
    0.508738 -1.56083e-09
     0.51449  1.42729e-09
    0.520307 -1.33702e-09
     0.52619  1.23102e-09
     0.53214 -1.11004e-09
    0.538156  1.08491e-09
    0.544241 -1.05537e-09
    0.550394  9.74844e-10
    0.556617 -9.08955e-10
    0.562911  8.35141e-10
    0.569275 -8.15816e-10
    0.575712  7.83976e-10
    0.582221 -6.58408e-10
    0.588804  6.40887e-10
    0.595462 -7.03175e-10
    0.602194  6.41113e-10
    0.609003 -5.42609e-10
    0.615889  5.37254e-10
    0.622852 -5.61922e-10
    0.629894  5.20177e-10
    0.637016 -4.59471e-10
    0.644219  4.33231e-10
    0.651503 -3.87608e-10
    0.658869  3.72731e-10
    0.666318 -4.01992e-10
    0.673852  3.47419e-10
    0.681471  -2.7057e-10
    0.689176  2.70893e-10
    0.696968  -2.7777e-10
    0.704849  2.87138e-10
    0.712818 -2.93456e-10
    0.720878  2.23157e-10
    0.729028 -1.60667e-10
    0.737271  1.99527e-10
    0.745607 -2.37648e-10
    0.754037  2.17011e-10
    0.762563  -1.9969e-10
    0.771185  1.81345e-10
    0.779904 -1.45165e-10
    0.788722  1.36022e-10
     0.79764 -1.56168e-10
    0.806658  1.68394e-10
    0.815779 -1.71132e-10
    0.825003  1.64505e-10
     0.83433 -1.36673e-10
    0.843764  1.10531e-10
    0.853304 -1.03245e-10
    0.862952  9.41922e-11
    0.872709 -8.56986e-11
    0.882576  9.69964e-11
    0.892555 -1.15226e-10
    0.902647  1.22741e-10
    0.912852 -1.19663e-10
    0.923174  1.08362e-10
    0.933612 -9.25075e-11
    0.944167  8.40325e-11
    0.954843 -8.96055e-11
    0.965639  8.86684e-11
    0.976557 -6.48585e-11
    0.987598  4.16654e-11
    0.998764 -3.85675e-11
     1.01006  3.84068e-11
     1.02148 -2.70097e-11
     1.03303  2.07904e-11
     1.04471 -2.96878e-11
     1.05652  3.89343e-11
     1.06846 -4.39837e-11
     1.08054  4.98026e-11
     1.09276 -5.14656e-11
     1.10512  4.53885e-11
     1.11761 -3.54432e-11
     1.13025  3.08671e-11
     1.14303 -3.40957e-11
     1.15595  3.47691e-11
     1.16902 -2.84243e-11
     1.18224  2.18834e-11
     1.19561 -2.27669e-11
     1.20912  3.03969e-11
      1.2228 -3.32559e-11
     1.23662  2.93954e-11
      1.2506  -2.9474e-11
     1.26474  3.35275e-11
     1.27904 -3.53446e-11
      1.2935  3.56418e-11
     1.30813 -3.50245e-11
     1.32292   3.1762e-11
     1.33788  -2.3915e-11
       1.353   1.4533e-11
      1.3683 -1.31577e-11
     1.38377  1.96604e-11
     1.39942  -2.2915e-11
     1.41524   2.1329e-11
     1.43124 -2.07876e-11
     1.44742  2.08128e-11
     1.46379  -1.8509e-11
     1.48034  1.47985e-11
     1.49708 -1.32968e-11
       1.514  1.67277e-11
     1.53112 -2.05018e-11
     1.54843  1.79363e-11
     1.56594 -1.15342e-11
     1.58365  7.90657e-12
     1.60155  -8.1533e-12
     1.61966  1.04724e-11
     1.63797 -1.21322e-11
     1.65649   1.0735e-11
     1.67522 -8.49464e-12
     1.69416  8.89007e-12
     1.71332 -1.06971e-11
     1.73269  1.16245e-11
     1.75228 -1.17039e-11
     1.77209  1.11651e-11
     1.79213 -9.55704e-12
     1.81239  7.86959e-12
     1.83288 -7.15989e-12
     1.85361  6.76611e-12
     1.87457 -6.37367e-12
     1.89576  6.98385e-12
     1.91719 -8.12912e-12
     1.93887  8.35128e-12
     1.96079 -7.68162e-12
     1.98296  6.96858e-12
     2.00538 -5.76824e-12
     2.02806  3.92286e-12
     2.05099 -2.62705e-12
     2.07418  2.61489e-12
     2.09763 -3.07819e-12
     2.12135  3.41014e-12
     2.14533 -3.79345e-12
     2.16959  4.23363e-12
     2.19412  -4.2104e-12
     2.21893   3.7254e-12
     2.24401 -3.30964e-12
     2.26939  3.26538e-12
     2.29505 -3.32975e-12
     2.32099  3.28694e-12
     2.34724 -3.25717e-12
     2.37378  3.47262e-12
     2.40061 -3.79646e-12
     2.42776  3.91313e-12
     2.45521 -3.76455e-12
     2.48297  3.64772e-12
     2.51104 -3.71196e-12
     2.53943  3.77041e-12
     2.56814 -3.61747e-12
     2.59718  3.33168e-12
     2.62655 -3.13344e-12
     2.65624  3.07779e-12
     2.68628    -3.04e-12
     2.71665  2.85802e-12
     2.74736 -2.54706e-12
     2.77843  2.28618e-12
     2.80984 -2.25864e-12
     2.84161  2.36913e-12
     2.87374 -2.41735e-12
     2.90623  2.28132e-12
     2.93909 -2.05957e-12
     2.97232  1.86897e-12
     3.00593 -1.83167e-12
     3.03992  1.92133e-12
     3.07429 -2.03464e-12
     3.10905  2.02329e-12
      3.1442 -1.89065e-12
     3.17975  1.67928e-12
      3.2157 -1.51511e-12
     3.25206  1.42933e-12
     3.28883 -1.43476e-12
     3.32601   1.4661e-12
     3.36362 -1.52222e-12
     3.40165  1.52885e-12
     3.44011 -1.46263e-12
     3.47901  1.31747e-12
     3.51834 -1.20309e-12
     3.55812  1.12191e-12
     3.59835 -1.08484e-12
     3.63904  1.04486e-12
     3.68018 -1.04022e-12
     3.72179  1.03445e-12
     3.76387 -1.05999e-12
     3.80643  1.06304e-12
     3.84947 -1.07732e-12
     3.89299  1.05439e-12
     3.93701 -1.04432e-12
     3.98152  1.00127e-12
     4.02654 -9.77419e-13
     4.07206  9.23192e-13
     4.11811 -8.98989e-13
     4.16467  8.49366e-13
     4.21175 -8.30354e-13
     4.25938  7.83016e-13
     4.30753  -7.6873e-13
     4.35624   7.2478e-13
     4.40549  -7.1697e-13
      4.4553  6.77878e-13
     4.50568 -6.78799e-13
     4.55662  6.50373e-13
     4.60814 -6.55571e-13
     4.66024  6.19681e-13
     4.71293 -6.21339e-13
     4.76622  5.86045e-13
     4.82011 -5.87862e-13
     4.87461  5.49888e-13
     4.92972 -5.54024e-13
     4.98546  5.16822e-13
     5.04183 -5.20593e-13
     5.09883  4.83068e-13
     5.15648  -4.8794e-13
     5.21479  4.52131e-13
     5.27375 -4.63011e-13
     5.33338  4.31417e-13
     5.39368 -4.43278e-13
     5.45466  4.08564e-13
     5.51633 -4.21093e-13
     5.57871   3.8809e-13
     5.64178 -4.02203e-13
     5.70557  3.65698e-13
     5.77008 -3.78542e-13
     5.83532  3.42311e-13
      5.9013 -3.58049e-13
     5.96802  3.24126e-13
      6.0355 -3.41899e-13
     6.10374  3.07266e-13
     6.17275 -3.23045e-13
     6.24254  2.88581e-13
     6.31312 -3.04022e-13
      6.3845  2.72312e-13
     6.45669 -2.87259e-13
     6.52969  2.57239e-13
     6.60352 -2.70095e-13
     6.67818  2.42561e-13
     6.75369  -2.5541e-13
     6.83005  2.31772e-13
     6.90728 -2.43539e-13
     6.98537  2.20733e-13
     7.06435 -2.30459e-13
     7.14423  2.09324e-13
       7.225 -2.19317e-13
     7.30669  1.99005e-13
     7.38931 -2.08046e-13
     7.47285  1.87255e-13
     7.55735 -1.96795e-13
     7.64279  1.76648e-13
     7.72921 -1.87957e-13
      7.8166  1.67558e-13
     7.90498 -1.79929e-13
     7.99435  1.59136e-13
     8.08474 -1.72033e-13
     8.17615  1.49532e-13
      8.2686 -1.63668e-13
     8.36209  1.39979e-13
     8.45663 -1.56543e-13
     8.55225  1.31912e-13
     8.64894 -1.49492e-13
     8.74673  1.24957e-13
     8.84563 -1.43253e-13
     8.94564  1.18272e-13
     9.04679 -1.36844e-13
     9.14907  1.11423e-13
     9.25252 -1.30129e-13
     9.35713  1.05249e-13
     9.46293 -1.23954e-13
     9.56992  9.95808e-14
     9.67812 -1.18589e-13
     9.78755   9.4074e-14
     9.89821 -1.13768e-13
     10.0101  8.87604e-14
     10.1233 -1.09081e-13
     10.2378  8.39352e-14
     10.3535 -1.04029e-13
     10.4706  7.96931e-14
      10.589 -9.89371e-14
     10.7087  7.57617e-14
     10.8298 -9.38692e-14
     10.9522    7.235e-14
     11.0761 -8.88003e-14
     11.2013  6.93647e-14
     11.3279 -8.38222e-14
      11.456  6.66744e-14
     11.5855 -7.94783e-14
     11.7165  6.37161e-14
      11.849 -7.55968e-14
      11.983  6.10125e-14
     12.1185 -7.15305e-14
     12.2555  5.87949e-14
      12.394 -6.70717e-14
     12.5342   5.6986e-14
     12.6759 -6.30261e-14
     12.8192  5.51039e-14
     12.9642  -5.8997e-14
     13.1107  5.37733e-14
      13.259 -5.45349e-14
     13.4089  5.32518e-14
     13.5605 -4.95617e-14
     13.7138  5.35816e-14
     13.8689 -4.40588e-14
     14.0257  5.44101e-14
     14.1843 -3.87144e-14
     14.3446  5.55314e-14
     14.5068  -3.2535e-14
     14.6709  5.77747e-14
     14.8367 -2.59977e-14
     15.0045  6.01191e-14
     15.1741 -2.00172e-14
     15.3457  6.16117e-14
     15.5192 -1.52103e-14
     15.6947  6.24868e-14
     15.8721 -1.08338e-14
     16.0516  6.31508e-14
     16.2331 -7.01887e-15
     16.4166  6.34109e-14
     16.6022 -3.36816e-15
     16.7899  6.43188e-14
     16.9798  1.20688e-15
     17.1718  6.63732e-14
     17.3659  6.54449e-15
     17.5623  6.91442e-14
     17.7608  1.22252e-14
     17.9616  7.19855e-14
     18.1647  1.75806e-14
     18.3701  7.46852e-14
     18.5778  2.30226e-14
     18.7879   7.7729e-14
     19.0003  2.81653e-14
     19.2151  7.99363e-14
     19.4324  3.21668e-14
     19.6521  8.14983e-14
     19.8743   3.5905e-14
      20.099  8.29163e-14
     20.3262  3.91439e-14
      20.556  8.40013e-14
     20.7885  4.17012e-14
     21.0235   8.3877e-14
     21.2612   4.3004e-14
     21.5016  8.30514e-14
     21.7447  4.36835e-14
     21.9906  8.17188e-14
     22.2392   4.4139e-14
     22.4907  8.07896e-14
     22.7449  4.48907e-14
     23.0021  8.00323e-14
     23.2622  4.62021e-14
     23.5252  8.03601e-14
     23.7912  4.87902e-14
     24.0602  8.22909e-14
     24.3322  5.24146e-14
     24.6073  8.47292e-14
     24.8856  5.64253e-14
     25.1669  8.79466e-14
     25.4515  6.18516e-14
     25.7393  9.28884e-14
     26.0303  6.87276e-14
     26.3246  9.91163e-14
     26.6222  7.60514e-14
     26.9232  1.05228e-13
     27.2276  8.31401e-14
     27.5355  1.10579e-13
     27.8468  8.87656e-14
     28.1617    1.145e-13
     28.4801  9.32498e-14
     28.8021  1.17623e-13
     29.1277  9.69321e-14
     29.4571  1.19766e-13
     29.7901  9.91609e-14
      30.127   1.2054e-13
     30.4676  1.00562e-13
     30.8121  1.20205e-13
     31.1604  9.95437e-14
     31.5128    1.168e-13
     31.8691  9.58923e-14
     32.2294  1.11872e-13
     32.5938  9.09481e-14
     32.9623  1.05088e-13
      33.335  8.42081e-14
     33.7119  9.76884e-14
     34.0931    7.747e-14
     34.4786  8.97412e-14
     34.8684  6.99431e-14
     35.2626  8.12686e-14
     35.6613  6.10333e-14
     36.0645  7.06654e-14
     36.4723  5.06829e-14
     36.8847  5.91345e-14
     37.3017  3.88057e-14
     37.7235  4.62485e-14
       38.15  2.67083e-14
     38.5813  3.40372e-14
     39.0175  1.57216e-14
     39.4587  2.36433e-14
     39.9048  7.24207e-15
      40.356  1.60376e-14
     40.8123  1.63747e-15
     41.2738  1.14072e-14
     41.7404 -1.69392e-15
     42.2124   7.7502e-15
     42.6896 -5.03131e-15
     43.1723  4.31742e-15
     43.6604 -7.55087e-15
     44.1541  1.61042e-15
     44.6533 -9.58528e-15
     45.1582 -7.85002e-16
     45.6688 -1.17656e-14
     46.1851 -3.61214e-15
     46.7073 -1.45259e-14
     47.2354 -6.52278e-15
     47.7695 -1.67792e-14
     48.3096 -8.89206e-15
     48.8558 -1.82854e-14
     49.4082 -9.95824e-15
     49.9668 -1.82389e-14
     50.5318   -1.006e-14
     51.1031 -1.85417e-14
     51.6809 -1.13644e-14
     52.2653 -1.88071e-14
     52.8562 -9.66582e-15
     53.4538 -1.51157e-14
     54.0582 -5.70188e-15
     54.6694 -1.08596e-14
     55.2875 -1.88355e-15
     55.9126 -6.76987e-15
     56.5448  2.13907e-15
     57.1841 -2.13318e-15
     57.8307  7.89617e-15
     58.4846  6.07125e-15
     59.1458  1.80001e-14
     59.8146  1.90826e-14
     60.4908  3.47713e-14
     61.1748  4.05726e-14
     61.8665  6.05251e-14
      62.566  7.07388e-14
     63.2734  9.42099e-14
     63.9888  1.08673e-13
     64.7123  1.35242e-13
     65.4439  1.52822e-13
     66.1839  1.82465e-13
     66.9322  2.03759e-13
      67.689  2.37222e-13
     68.4543  2.61355e-13
     69.2283  2.94976e-13
      70.011  3.18775e-13
     70.8026  3.52173e-13
     71.6031  3.77123e-13
     72.4127  4.12437e-13
     73.2314  4.38417e-13
     74.0594  4.72596e-13
     74.8968   4.9825e-13
     75.7436  5.32304e-13
        76.6  5.59232e-13
     77.4661  5.95908e-13
     78.3419   6.2633e-13
     79.2277    6.678e-13
     80.1235  7.04915e-13
     81.0294  7.52921e-13
     81.9456  7.96001e-13
     82.8721  8.50241e-13
     83.8091  9.02333e-13
     84.7567  9.65951e-13
      85.715  1.02681e-12
     86.6841  1.09842e-12
     87.6642  1.16738e-12
     88.6554  1.24603e-12
     89.6578  1.32072e-12
     90.6715  1.40462e-12
     91.6967  1.48387e-12
     92.7335  1.57192e-12
      93.782  1.65584e-12
     94.8423  1.74871e-12
     95.9147  1.83948e-12
     96.9991   1.9396e-12
     98.0958  2.03795e-12
      99.205  2.14531e-12
