 0.000992177        23159
  0.00100339      23155.6
  0.00101474        23152
  0.00102621      23148.5
  0.00103782      23144.8
  0.00104955        23141
  0.00106142      23137.2
  0.00107342      23133.2
  0.00108555      23129.3
  0.00109783      23125.2
  0.00111024        23121
  0.00112279      23116.8
  0.00113549      23112.4
  0.00114833        23108
  0.00116131      23103.4
  0.00117444      23098.8
  0.00118772      23094.1
  0.00120115      23089.3
  0.00121473      23084.4
  0.00122846      23079.3
  0.00124235      23074.2
   0.0012564        23069
  0.00127061      23063.7
  0.00128497      23058.2
   0.0012995      23052.7
  0.00131419        23047
  0.00132905      23041.3
  0.00134408      23035.4
  0.00135928      23029.4
  0.00137465      23023.2
  0.00139019        23017
  0.00140591      23010.6
   0.0014218      23004.1
  0.00143788      22997.5
  0.00145413      22990.7
  0.00147058      22983.9
   0.0014872      22976.9
  0.00150402      22969.7
  0.00152102      22962.4
  0.00153822        22955
  0.00155561      22947.4
   0.0015732      22939.7
  0.00159099      22931.8
  0.00160898      22923.8
  0.00162717      22915.6
  0.00164557      22907.3
  0.00166417      22898.8
  0.00168299      22890.2
  0.00170202      22881.4
  0.00172126      22872.5
  0.00174072      22863.4
   0.0017604      22854.1
  0.00178031      22844.7
  0.00180044      22835.1
  0.00182079      22825.3
  0.00184138      22815.4
   0.0018622      22805.3
  0.00188326        22795
  0.00190455      22784.5
  0.00192608      22773.9
  0.00194786        22763
  0.00196988      22752.1
  0.00199216      22740.9
  0.00201468      22729.5
  0.00203746        22718
   0.0020605      22706.2
  0.00208379      22694.3
  0.00210735      22682.2
  0.00213118      22669.9
  0.00215528      22657.4
  0.00217965      22644.8
  0.00220429      22631.9
  0.00222921      22618.8
  0.00225442      22605.6
  0.00227991      22592.2
  0.00230568      22578.6
  0.00233175      22564.7
  0.00235812      22550.7
  0.00238478      22536.6
  0.00241174      22522.2
  0.00243901      22507.6
  0.00246659      22492.9
  0.00249448        22478
  0.00252268      22462.9
   0.0025512      22447.6
  0.00258005      22432.1
  0.00260922      22416.5
  0.00263872      22400.7
  0.00266856      22384.8
  0.00269873      22368.6
  0.00272924      22352.3
   0.0027601      22335.9
  0.00279131      22319.3
  0.00282287      22302.6
  0.00285478      22285.7
  0.00288706      22268.7
  0.00291971      22251.5
  0.00295272      22234.2
   0.0029861      22216.9
  0.00301986      22199.4
  0.00305401      22181.8
  0.00308854      22164.1
  0.00312346      22146.3
  0.00315878      22128.5
  0.00319449      22110.6
  0.00323061      22092.6
  0.00326714      22074.6
  0.00330408      22056.6
  0.00334143      22038.5
  0.00337921      22020.4
  0.00341742      22002.4
  0.00345606      21984.3
  0.00349514      21966.3
  0.00353465      21948.3
  0.00357462      21930.4
  0.00361503      21912.5
  0.00365591      21894.8
  0.00369724      21877.1
  0.00373905      21859.6
  0.00378132      21842.2
  0.00382408      21824.9
  0.00386731      21807.8
  0.00391104        21791
  0.00395526      21774.3
  0.00399998      21757.8
  0.00404521      21741.6
  0.00409094      21725.7
   0.0041372      21710.1
  0.00418397      21694.7
  0.00423128      21679.7
  0.00427912      21665.1
   0.0043275      21650.8
  0.00437643      21636.8
  0.00442592      21623.3
  0.00447596      21610.2
  0.00452656      21597.6
  0.00457774      21585.4
   0.0046295      21573.7
  0.00468185      21562.4
  0.00473478      21551.7
  0.00478832      21541.5
  0.00484245      21531.9
  0.00489721      21522.7
  0.00495258      21514.2
  0.00500857      21506.2
   0.0050652      21498.7
  0.00512247      21491.9
  0.00518039      21485.6
  0.00523896      21479.9
   0.0052982      21474.7
   0.0053581      21470.2
  0.00541868      21466.1
  0.00547995      21462.6
  0.00554191      21459.6
  0.00560457      21457.1
  0.00566794      21455.1
  0.00573202      21453.5
  0.00579683      21452.3
  0.00586237      21451.4
  0.00592866      21450.8
  0.00599569      21450.5
  0.00606348      21450.3
  0.00613204      21450.2
  0.00620137      21450.2
  0.00627148      21450.1
  0.00634239      21449.8
   0.0064141      21449.2
  0.00648662      21448.3
  0.00655997      21446.9
  0.00663414      21444.8
  0.00670914        21442
    0.006785      21438.3
  0.00686172      21433.4
   0.0069393      21427.4
  0.00701776      21419.8
   0.0070971      21410.7
  0.00717735      21399.7
   0.0072585      21386.6
  0.00734057      21371.3
  0.00742356      21353.5
   0.0075075      21332.9
  0.00759238      21309.4
  0.00767823      21282.5
  0.00776504      21252.2
  0.00785284        21218
  0.00794162      21179.7
  0.00803142        21137
  0.00812222      21089.6
  0.00821406      21037.3
  0.00830693      20979.7
  0.00840085      20916.4
  0.00849584      20847.3
   0.0085919        20772
  0.00868904      20690.2
  0.00878728      20601.7
  0.00888664      20506.1
  0.00898711      20403.1
  0.00908873      20292.6
  0.00919149      20174.3
  0.00929541        20048
  0.00940051      19913.5
   0.0095068      19770.5
  0.00961429        19619
  0.00972299      19458.9
  0.00983293        19290
   0.0099441      19112.3
   0.0100565      18925.9
   0.0101702      18730.6
   0.0102852      18526.6
   0.0104015      18314.1
   0.0105191      18093.1
   0.0106381      17863.9
   0.0107583      17626.7
     0.01088      17381.9
    0.011003      17129.7
   0.0111274      16870.7
   0.0112532      16605.1
   0.0113804      16333.6
   0.0115091      16056.6
   0.0116392      15774.7
   0.0117708      15488.5
   0.0119039      15198.7
   0.0120385      14905.9
   0.0121746      14610.7
   0.0123123      14313.9
   0.0124515      14016.2
   0.0125923      13718.2
   0.0127347      13420.7
   0.0128786      13124.3
   0.0130243      12829.5
   0.0131715      12537.1
   0.0133204      12247.6
   0.0134711      11961.5
   0.0136234      11679.1
   0.0137774        11401
   0.0139332      11127.3
   0.0140907      10858.4
     0.01425      10594.3
   0.0144111      10335.1
   0.0145741      10080.9
   0.0147389      9831.43
   0.0149055      9586.63
    0.015074      9346.25
   0.0152445      9109.98
   0.0154168      8877.47
   0.0155911      8648.35
   0.0157674      8422.21
   0.0159457      8198.62
    0.016126      7977.19
   0.0163083      7757.52
   0.0164927      7539.26
   0.0166792      7322.14
   0.0168678      7105.92
   0.0170585      6890.47
   0.0172514      6675.75
   0.0174464       6461.8
   0.0176437      6248.79
   0.0178432      6036.99
   0.0180449      5826.74
   0.0182489      5618.51
   0.0184553      5412.82
   0.0186639      5210.26
    0.018875      5011.43
   0.0190884      4816.99
   0.0193042      4627.54
   0.0195225      4443.66
   0.0197432      4265.86
   0.0199664      4094.54
   0.0201922      3930.02
   0.0204205      3772.45
   0.0206513      3621.89
   0.0208848      3478.23
    0.021121      3341.25
   0.0213598      3210.63
   0.0216013      3085.96
   0.0218455       2966.8
   0.0220925      2852.73
   0.0223423      2743.38
   0.0225949      2638.47
   0.0228504      2537.93
   0.0231088      2441.87
     0.02337      2350.64
   0.0236343      2264.87
   0.0239015      2185.45
   0.0241717      2113.51
    0.024445      2050.41
   0.0247214      1997.63
   0.0250009      1956.67
   0.0252836      1929.01
   0.0255695       1915.9
   0.0258586      1918.26
   0.0261509      1936.56
   0.0264466      1970.69
   0.0267456      2019.84
    0.027048      2082.49
   0.0273539      2156.33
   0.0276631      2238.35
   0.0279759      2324.93
   0.0282922      2411.96
   0.0286121      2495.07
   0.0289356      2569.87
   0.0292628      2632.25
   0.0295936      2678.61
   0.0299282      2706.16
   0.0302666       2713.1
   0.0306088      2698.84
   0.0309549      2664.01
   0.0313049      2610.42
   0.0316589         2541
   0.0320168      2459.46
   0.0323788      2370.06
   0.0327449      2277.19
   0.0331151      2185.02
   0.0334896      2097.07
   0.0338682      2015.96
   0.0342511      1943.19
   0.0346384      1879.05
     0.03503      1822.72
   0.0354261      1772.45
   0.0358267      1725.89
   0.0362317      1680.47
   0.0366414      1633.85
   0.0370557      1584.25
   0.0374746      1530.72
   0.0378983       1473.3
   0.0383268      1412.97
   0.0387602      1351.42
   0.0391984      1290.76
   0.0396416      1233.07
   0.0400898      1180.03
   0.0405431      1132.57
   0.0410015      1090.69
   0.0414651      1053.48
   0.0419339      1019.32
   0.0424081      986.221
   0.0428875      952.303
   0.0433725      916.192
   0.0438628      877.356
   0.0443588      836.228
   0.0448603      794.093
   0.0453675      752.766
   0.0458805      714.124
   0.0463992      679.606
   0.0469239      649.818
   0.0474544       624.36
   0.0479909      601.917
   0.0485336      580.633
   0.0490823      558.637
   0.0496373      534.603
   0.0501985      508.157
   0.0507661      479.998
     0.05134      451.679
   0.0519205      425.104
   0.0525076      401.879
   0.0531012      382.756
   0.0537016      367.339
   0.0543088      354.207
   0.0549229      341.399
   0.0555438       327.14
   0.0561718      310.505
    0.056807      291.793
   0.0574492      272.414
   0.0580988       254.33
   0.0587557      239.231
     0.05942      227.801
   0.0600919      219.392
   0.0607713      212.278
   0.0614584      204.402
   0.0621533      194.327
    0.062856      181.912
   0.0635667      168.403
   0.0642854      155.827
   0.0650123      145.976
   0.0657473      139.458
   0.0664907      135.344
   0.0672425       131.62
   0.0680028      126.272
   0.0687716      118.406
   0.0695492      108.778
   0.0703356      99.3727
   0.0711308      92.2279
   0.0719351      88.1695
   0.0727484      86.2614
   0.0735709      84.3536
   0.0744028      80.4584
    0.075244       74.072
   0.0760947      66.5474
   0.0769551      60.1818
   0.0778252      56.5985
   0.0787051      55.5426
    0.079595      55.0265
    0.080495      52.7915
   0.0814051      48.0491
   0.0823255      42.1275
   0.0832563      37.4421
   0.0841976      35.5169
   0.0851496      35.6778
   0.0861124      35.5732
    0.087086      33.1973
   0.0880707      28.6841
   0.0890664      24.2283
   0.0900735      22.0724
   0.0910919      22.3701
   0.0921218      22.9865
   0.0931634      21.5706
   0.0942167      17.9287
    0.095282      14.2746
   0.0963593      12.9406
   0.0974488       13.871
   0.0985506      14.6272
   0.0996649      13.0702
    0.100792      9.80394
    0.101931       7.5237
    0.103084      7.83916
    0.104249      9.29206
    0.105428      9.08649
     0.10662      6.58929
    0.107826      4.18088
    0.109045      4.19051
    0.110278      5.77092
    0.111524      5.99651
    0.112785      3.89303
    0.114061      1.86366
     0.11535      2.27293
    0.116655      3.95907
    0.117973      3.90152
    0.119307      1.80624
    0.120656     0.599543
     0.12202      1.82647
      0.1234      3.10984
    0.124795      2.00319
    0.126206    0.0963921
    0.127633      0.36849
    0.129076      2.01779
    0.130536      1.83608
    0.132012   -0.0295066
    0.133504    -0.293255
    0.135014      1.34984
     0.13654       1.5988
    0.138084    -0.110822
    0.139645    -0.467216
    0.141224      1.09367
    0.142821      1.20816
    0.144436    -0.460608
    0.146069     -0.46867
     0.14772      1.03885
    0.149391     0.635344
     0.15108     -0.78789
    0.152788   -0.0122326
    0.154515      1.10261
    0.156262   -0.0672373
    0.158029     -0.70245
    0.159816     0.666663
    0.161623     0.551785
     0.16345    -0.789454
    0.165298   0.00912718
    0.167167     0.795007
    0.169057    -0.480991
    0.170969    -0.339974
    0.172902     0.829033
    0.174857     -0.17817
    0.176834    -0.523039
    0.178833     0.688738
    0.180855    -0.116126
      0.1829    -0.594891
    0.184968     0.633492
    0.187059   -0.0939973
    0.189174    -0.465507
    0.191313     0.685769
    0.193476    -0.244371
    0.195664    -0.326084
    0.197876     0.593036
    0.200114    -0.506007
    0.202376    0.0111159
    0.204664     0.451993
    0.206978    -0.563831
    0.209319     0.448202
    0.211685   -0.0454586
    0.214079    -0.363306
    0.216499       0.5091
    0.218947    -0.505022
    0.221423     0.293859
    0.223926    0.0681592
    0.226458    -0.290814
    0.229018     0.465034
    0.231608    -0.532559
    0.234226     0.403679
    0.236875    -0.255677
    0.239553     0.102408
    0.242261     0.122357
    0.245001    -0.246685
    0.247771     0.317299
    0.250572    -0.414091
    0.253405      0.41028
     0.25627    -0.373652
    0.259168     0.381016
    0.262098    -0.324489
    0.265062     0.256113
    0.268059    -0.245407
    0.271089     0.198405
    0.274154    -0.134202
    0.277254     0.135781
    0.280389    -0.108543
    0.283559    0.0611898
    0.286765   -0.0648113
    0.290008    0.0649836
    0.293287   -0.0224996
    0.296603    0.0261483
    0.299956   -0.0421167
    0.303348    0.0119285
    0.306777 -0.000310339
    0.310246    0.0292028
    0.313754     -0.01428
    0.317301    -0.010476
    0.320889  -0.00960766
    0.324517    0.0240508
    0.328186   0.00764602
    0.331897   -0.0097363
    0.335649   -0.0188783
    0.339444    0.0123802
    0.343282    0.0174008
    0.347164  -0.00196623
    0.351089   -0.0207867
    0.355059   0.00313463
    0.359073    0.0187473
    0.363133   0.00239766
    0.367239   -0.0186792
    0.371391  0.000645636
     0.37559    0.0182064
    0.379837   0.00241101
    0.384131   -0.0165191
    0.388474   0.00187381
    0.392867    0.0154143
    0.397309  -0.00223958
    0.401801   -0.0138674
    0.406344   0.00640304
    0.410938    0.0125048
    0.415584  -0.00666626
    0.420283   -0.0084609
    0.425035     0.011243
    0.429841   0.00582958
    0.434701   -0.0111002
    0.439616  0.000689075
    0.444586    0.0129304
    0.449613  -0.00643566
    0.454697  -0.00782691
    0.459838    0.0132502
    0.465037   0.00105127
    0.470295   -0.0123078
    0.475612     0.010943
     0.48099    0.0052768
    0.486428    -0.013049
    0.491928    0.0092451
     0.49749   0.00577914
    0.503115   -0.0131272
    0.508803   0.00979915
    0.514556   0.00372153
    0.520374   -0.0110052
    0.526258    0.0112974
    0.532208 -3.97525e-05
    0.538225    -0.007611
    0.544311    0.0112122
    0.550465  -0.00463756
    0.556689  -0.00195731
    0.562983   0.00925946
    0.569348   -0.0082624
    0.575786   0.00428775
    0.582296   0.00416701
     0.58888  -0.00769209
    0.595538    0.0104931
    0.602271  -0.00622308
    0.609081   0.00230403
    0.615967    0.0051155
    0.622932  -0.00823277
    0.629975    0.0116057
    0.637098   -0.0096227
    0.644301   0.00859028
    0.651586  -0.00352023
    0.658953   0.00122874
    0.666404   0.00364162
    0.673939  -0.00483943
    0.681558   0.00769126
    0.689264   -0.0071727
    0.697058   0.00887289
    0.704939  -0.00666085
    0.712909   0.00741322
     0.72097  -0.00523378
    0.729122   0.00567644
    0.737365  -0.00345619
    0.745702   0.00399576
    0.754134  -0.00185204
     0.76266   0.00302638
    0.771283 -0.000902594
    0.780004   0.00198763
    0.788823 -0.000449528
    0.797742    0.0015146
    0.806762  3.84448e-05
    0.815883   0.00127788
    0.825108  0.000477253
    0.834437   0.00102153
    0.843872  0.000593147
    0.853413  0.000786813
    0.863062    0.0004467
    0.872821  0.000926008
    0.882689  0.000683067
    0.892669   0.00079977
    0.902762  0.000682039
    0.912969  0.000729692
    0.923292  0.000604294
    0.933731  0.000833163
    0.944288  0.000732403
    0.954965  0.000764522
    0.965762  0.000629755
    0.976682    0.0007801
    0.987725   0.00067201
    0.998892  0.000721309
     1.01019  0.000726031
     1.02161  0.000780826
     1.03316  0.000705141
     1.04484  0.000678021
     1.05665  0.000692741
      1.0686   0.00076539
     1.08068   0.00081029
      1.0929  0.000691158
     1.10526  0.000575008
     1.11776  0.000776271
     1.13039  0.000818855
     1.14317  0.000754394
      1.1561  0.000656181
     1.16917  0.000691142
     1.18239   0.00076247
     1.19576  0.000748862
     1.20928    0.0006811
     1.22295  0.000755048
     1.23678  0.000735193
     1.25076  0.000730698
      1.2649  0.000722988
     1.27921  0.000708645
     1.29367   0.00071325
      1.3083  0.000753086
     1.32309    0.0007366
     1.33805  0.000694573
     1.35318  0.000715143
     1.36848  0.000785505
     1.38395  0.000674154
      1.3996  0.000686656
     1.41542  0.000768304
     1.43143  0.000749494
     1.44761  0.000694119
     1.46398  0.000727865
     1.48053  0.000724067
     1.49727  0.000721569
      1.5142   0.00073443
     1.53132  0.000720766
     1.54863  0.000745041
     1.56614  0.000720409
     1.58385  0.000681231
     1.60176  0.000758028
     1.61987  0.000746467
     1.63818  0.000686455
     1.65671  0.000728444
     1.67544  0.000750071
     1.69438   0.00070481
     1.71354    0.0007156
     1.73291  0.000773799
     1.75251  0.000707224
     1.77232  0.000684127
     1.79236  0.000770105
     1.81262  0.000699541
     1.83312  0.000727392
     1.85384  0.000736529
     1.87481   0.00069738
       1.896  0.000738943
     1.91744  0.000742052
     1.93912  0.000713613
     1.96104  0.000719032
     1.98322  0.000748193
     2.00564  0.000699372
     2.02832  0.000756436
     2.05125  0.000699325
     2.07444  0.000729716
      2.0979  0.000731293
     2.12162  0.000720048
     2.14561  0.000725427
     2.16987  0.000719351
      2.1944   0.00072077
     2.21921  0.000748583
      2.2443  0.000683914
     2.26968  0.000760343
     2.29534  0.000702295
     2.32129  0.000741343
     2.34754  0.000716911
     2.37408  0.000722687
     2.40092  0.000743082
     2.42807   0.00070488
     2.45552   0.00074412
     2.48328  0.000707183
     2.51136  0.000746599
     2.53976  0.000699257
     2.56847  0.000743837
     2.59751  0.000714987
     2.62688  0.000726496
     2.65658  0.000722596
     2.68662  0.000731581
       2.717  0.000720311
     2.74772  0.000725321
     2.77878  0.000726875
      2.8102  0.000723673
     2.84198  0.000721497
     2.87411  0.000731371
      2.9066  0.000719454
     2.93947  0.000725202
      2.9727  0.000731268
     3.00631  0.000721874
      3.0403  0.000727557
     3.07468  0.000726266
     3.10944  0.000720462
      3.1446  0.000724896
     3.18016  0.000726078
     3.21611  0.000719824
     3.25248  0.000730561
     3.28925  0.000721275
     3.32644   0.00072576
     3.36405  0.000729701
     3.40209  0.000723168
     3.44055  0.000726231
     3.47945  0.000721909
     3.51879  0.000724141
     3.55858  0.000728468
     3.59881  0.000720638
      3.6395  0.000728323
     3.68065  0.000722295
     3.72227  0.000726123
     3.76436  0.000725338
     3.80692  0.000724359
     3.84996  0.000727397
     3.89349  0.000722939
     3.93751  0.000727809
     3.98203  0.000722114
     4.02705   0.00072619
     4.07259  0.000721858
     4.11863  0.000726594
      4.1652  0.000724281
     4.21229  0.000727017
     4.25992  0.000724687
     4.30809  0.000725623
      4.3568  0.000723578
     4.40606  0.000724762
     4.45587  0.000724508
     4.50625  0.000726929
      4.5572  0.000725604
     4.60873   0.00072384
     4.66084   0.00072388
     4.71354  0.000725203
     4.76683  0.000725943
     4.82073  0.000724953
     4.87523  0.000724106
     4.93035  0.000724241
      4.9861  0.000725484
     5.04247  0.000726023
     5.09949  0.000725863
     5.15714  0.000725033
     5.21545  0.000723217
     5.27442  0.000724348
     5.33406  0.000724911
     5.39437  0.000724647
     5.45536  0.000725684
     5.51704  0.000726667
     5.57942  0.000726141
      5.6425  0.000723489
      5.7063  0.000724057
     5.77082  0.000724293
     5.83607  0.000724797
     5.90205  0.000725821
     5.96878  0.000725552
     6.03627   0.00072465
     6.10452  0.000725804
     6.17354  0.000724784
     6.24334  0.000724425
     6.31393   0.00072458
     6.38532  0.000724521
     6.45752  0.000724986
     6.53053  0.000725675
     6.60437  0.000725949
     6.67904  0.000723991
     6.75456  0.000725389
     6.83093  0.000724552
     6.90816  0.000724217
     6.98627  0.000725296
     7.06526  0.000726023
     7.14514  0.000724718
     7.22593  0.000724453
     7.30763  0.000725302
     7.39025  0.000724671
     7.47381  0.000724516
     7.55831  0.000725871
     7.64377  0.000724293
      7.7302  0.000725029
      7.8176  0.000724984
     7.90599  0.000725415
     7.99538  0.000725429
     8.08578   0.00072363
      8.1772  0.000724788
     8.26966  0.000726087
     8.36316  0.000724727
     8.45772  0.000724953
     8.55334  0.000724356
     8.65005  0.000725544
     8.74785  0.000724694
     8.84676   0.00072465
     8.94679  0.000725629
     9.04795   0.00072487
     9.15025  0.000724469
      9.2537  0.000725167
     9.35833  0.000724559
     9.46414  0.000725576
     9.57115   0.00072465
     9.67936  0.000725212
      9.7888  0.000724491
     9.89948  0.000724997
     10.0114  0.000725315
     10.1246  0.000724799
     10.2391  0.000724841
     10.3548  0.000724919
     10.4719  0.000725091
     10.5903   0.00072487
     10.7101  0.000724862
     10.8312  0.000725052
     10.9536  0.000724738
     11.0775  0.000725205
     11.2027  0.000724456
     11.3294  0.000725216
     11.4575  0.000724913
      11.587  0.000725047
      11.718  0.000724625
     11.8505  0.000724945
     11.9845  0.000725354
       12.12  0.000724529
      12.257  0.000724937
     12.3956  0.000724957
     12.5358  0.000725015
     12.6775  0.000724744
     12.8209  0.000724891
     12.9658  0.000725054
     13.1124  0.000724784
     13.2607  0.000725004
     13.4106  0.000724781
     13.5622  0.000725046
     13.7156   0.00072478
     13.8707  0.000724914
     14.0275  0.000725056
     14.1861  0.000724658
     14.3465  0.000724956
     14.5087  0.000724985
     14.6727  0.000724749
     14.8386  0.000724896
     15.0064  0.000724947
     15.1761  0.000724815
     15.3477   0.00072488
     15.5212  0.000724844
     15.6967  0.000724899
     15.8742  0.000724787
     16.0536  0.000724891
     16.2351  0.000724859
     16.4187  0.000724856
     16.6043  0.000724888
     16.7921  0.000724802
     16.9819  0.000724897
      17.174  0.000724807
     17.3681   0.00072485
     17.5645  0.000724833
     17.7631   0.00072488
     17.9639  0.000724701
      18.167  0.000724998
     18.3725  0.000724651
     18.5802  0.000724879
     18.7903  0.000724884
     19.0027  0.000724662
     19.2176  0.000724937
     19.4349  0.000724745
     19.6546  0.000724747
     19.8768  0.000724888
     20.1016  0.000724692
     20.3288  0.000724845
     20.5587  0.000724762
     20.7911  0.000724736
     21.0262  0.000724816
     21.2639  0.000724721
     21.5044  0.000724782
     21.7475  0.000724757
     21.9934  0.000724718
     22.2421  0.000724802
     22.4935   0.00072465
     22.7479  0.000724795
     23.0051  0.000724694
     23.2652  0.000724751
     23.5282  0.000724683
     23.7942  0.000724708
     24.0633  0.000724702
     24.3353  0.000724688
     24.6105  0.000724684
     24.8888  0.000724676
     25.1702  0.000724691
     25.4547  0.000724647
     25.7425  0.000724654
     26.0336  0.000724663
      26.328  0.000724639
     26.6256  0.000724635
     26.9267  0.000724623
     27.2311  0.000724615
      27.539  0.000724607
     27.8504  0.000724604
     28.1653  0.000724589
     28.4837  0.000724585
     28.8058  0.000724579
     29.1315   0.00072456
     29.4609   0.00072456
      29.794  0.000724546
     30.1308  0.000724531
     30.4715  0.000724527
      30.816  0.000724512
     31.1644  0.000724509
     31.5168  0.000724488
     31.8731  0.000724478
     32.2335  0.000724472
      32.598  0.000724456
     32.9665  0.000724451
     33.3393  0.000724433
     33.7162  0.000724424
     34.0974  0.000724409
      34.483  0.000724391
     34.8729  0.000724382
     35.2671  0.000724368
     35.6659  0.000724359
     36.0691  0.000724336
      36.477  0.000724326
     36.8894  0.000724313
     37.3065  0.000724289
     37.7283  0.000724282
     38.1549  0.000724263
     38.5863  0.000724248
     39.0225  0.000724228
     39.4638  0.000724213
       39.91  0.000724195
     40.3612  0.000724175
     40.8175  0.000724158
      41.279  0.000724141
     41.7458  0.000724124
     42.2178    0.0007241
     42.6951  0.000724079
     43.1778  0.000724063
      43.666  0.000724038
     44.1597  0.000724019
      44.659     0.000724
      45.164   0.00072397
     45.6746  0.000723951
      46.191  0.000723926
     46.7133  0.000723906
     47.2415  0.000723881
     47.7756  0.000723854
     48.3158  0.000723827
     48.8621  0.000723801
     49.4145  0.000723778
     49.9732  0.000723749
     50.5383  0.000723716
     51.1097  0.000723694
     51.6875  0.000723661
      52.272  0.000723634
      52.863  0.000723603
     53.4607  0.000723571
     54.0651  0.000723538
     54.6764  0.000723507
     55.2946  0.000723471
     55.9198  0.000723439
     56.5521  0.000723401
     57.1915  0.000723372
     57.8381  0.000723332
      58.492  0.000723294
     59.1534  0.000723255
     59.8222  0.000723218
     60.4986  0.000723175
     61.1826   0.00072314
     61.8744  0.000723095
      62.574  0.000723052
     63.2815  0.000723008
      63.997  0.000722968
     64.7205  0.000722918
     65.4523  0.000722873
     66.1923  0.000722824
     66.9408  0.000722778
     67.6976  0.000722728
      68.463  0.000722677
     69.2371  0.000722625
       70.02  0.000722572
     70.8116  0.000722517
     71.6123  0.000722464
      72.422  0.000722407
     73.2408  0.000722349
     74.0689  0.000722288
     74.9064   0.00072223
     75.7533  0.000722167
     76.6098  0.000722104
      77.476  0.000722041
      78.352  0.000721974
     79.2379  0.000721907
     80.1338  0.000721839
     81.0398  0.000721768
     81.9561  0.000721698
     82.8827  0.000721624
     83.8198  0.000721549
     84.7676  0.000721472
      85.726  0.000721394
     86.6952  0.000721314
     87.6755  0.000721233
     88.6668  0.000721149
     89.6693  0.000721064
     90.6831  0.000720977
     91.7084  0.000720889
     92.7454  0.000720797
      93.794  0.000720705
     94.8545  0.000720611
     95.9269  0.000720514
     97.0115  0.000720415
     98.1084  0.000720315
     99.2177  0.000720211
