 0.000992139     -6.93633
  0.00100336     -7.04138
   0.0010147     -7.21287
  0.00102617     -7.34798
  0.00103778     -7.53633
  0.00104951     -7.61691
  0.00106138     -7.88366
  0.00107338     -7.93262
  0.00108551      -8.2087
  0.00109779     -8.27512
   0.0011102     -8.52821
  0.00112275     -8.65002
  0.00113544     -8.86099
  0.00114828     -9.01195
  0.00116127     -9.24118
   0.0011744     -9.36668
  0.00118767     -9.62193
   0.0012011     -9.76431
  0.00121468     -10.0056
  0.00122842      -10.167
  0.00124231     -10.4034
  0.00125635     -10.5841
  0.00127056     -10.8384
  0.00128492     -10.9835
  0.00129945     -11.2869
  0.00131414     -11.4311
    0.001329     -11.7228
  0.00134403     -11.8909
  0.00135922     -12.1866
  0.00137459     -12.3608
  0.00139013     -12.6616
  0.00140585     -12.8499
  0.00142175     -13.1455
  0.00143782     -13.3577
  0.00145408     -13.6501
  0.00147052      -13.866
  0.00148715     -14.1789
  0.00150396     -14.3923
  0.00152096     -14.7133
  0.00153816     -14.9385
  0.00155555     -15.2615
  0.00157314     -15.5007
  0.00159093     -15.8211
  0.00160892     -16.0776
  0.00162711     -16.3996
   0.0016455     -16.6631
  0.00166411     -16.9936
  0.00168292     -17.2645
  0.00170195     -17.5991
   0.0017212     -17.8774
  0.00174066     -18.2216
  0.00176034      -18.501
  0.00178024      -18.855
  0.00180037     -19.1395
  0.00182072      -19.499
  0.00184131     -19.7884
  0.00186213     -20.1545
  0.00188318     -20.4486
  0.00190448      -20.817
  0.00192601     -21.1216
  0.00194779     -21.4868
  0.00196981      -21.801
  0.00199208     -22.1678
   0.0020146     -22.4835
  0.00203738     -22.8565
  0.00206042     -23.1715
  0.00208371     -23.5485
  0.00210727     -23.8643
   0.0021311     -24.2417
  0.00215519     -24.5596
  0.00217956     -24.9352
  0.00220421     -25.2543
  0.00222913     -25.6274
  0.00225433     -25.9455
  0.00227982     -26.3156
   0.0023056     -26.6315
  0.00233166     -26.9968
  0.00235803     -27.3092
  0.00238469     -27.6683
  0.00241165     -27.9754
  0.00243892     -28.3267
  0.00246649     -28.6269
  0.00249438     -28.9686
  0.00252258     -29.2601
  0.00255111     -29.5904
  0.00257995     -29.8708
  0.00260912      -30.188
  0.00263862     -30.4552
  0.00266845     -30.7571
  0.00269863     -31.0086
  0.00272914     -31.2929
  0.00275999     -31.5265
   0.0027912     -31.7906
  0.00282276     -32.0036
  0.00285468     -32.2451
  0.00288695     -32.4349
  0.00291959     -32.6507
   0.0029526     -32.8147
  0.00298599     -33.0021
  0.00301975      -33.137
  0.00305389     -33.2931
  0.00308842      -33.396
  0.00312334     -33.5176
  0.00315865     -33.5854
  0.00319437     -33.6693
  0.00323048     -33.6988
  0.00326701     -33.7418
  0.00330395     -33.7297
   0.0033413     -33.7286
  0.00337908     -33.6715
  0.00341729     -33.6231
  0.00345593     -33.5178
    0.003495     -33.4188
  0.00353452      -33.262
  0.00357448     -33.1092
   0.0036149     -32.8979
  0.00365577     -32.6883
   0.0036971     -32.4194
   0.0037389     -32.1501
  0.00378118     -31.8209
  0.00382393     -31.4892
  0.00386716     -31.0972
  0.00391089     -30.7009
  0.00395511     -30.2438
  0.00399983     -29.7809
  0.00404505     -29.2571
  0.00409079      -28.726
  0.00413704     -28.1341
  0.00418381     -27.5339
  0.00423112     -26.8732
  0.00427896     -26.2035
  0.00432734      -25.474
  0.00437626     -24.7352
  0.00442575     -23.9377
  0.00447578      -23.131
  0.00452639     -22.2669
  0.00457757     -21.3944
  0.00462932     -20.4665
  0.00468167     -19.5312
   0.0047346      -18.543
  0.00478813     -17.5492
  0.00484227     -16.5055
  0.00489702     -15.4586
  0.00495239     -14.3654
  0.00500838     -13.2719
  0.00506501     -12.1365
  0.00512228     -11.0045
  0.00518019     -9.83555
  0.00523876     -8.67441
  0.00529799     -7.48191
   0.0053579     -6.30233
  0.00541847     -5.09772
  0.00547974     -3.91183
   0.0055417     -2.70788
  0.00560435     -1.52912
  0.00566772    -0.339903
   0.0057318     0.817048
  0.00579661      1.97627
  0.00586215      3.09562
  0.00592843      4.20859
  0.00599546      5.27362
  0.00606325      6.32328
   0.0061318      7.31663
  0.00620113       8.2854
  0.00627124      9.18934
  0.00634215      10.0595
  0.00641386      10.8563
  0.00648637      11.6104
  0.00655971      12.2829
  0.00663388       12.904
  0.00670889      13.4361
  0.00678474      13.9089
  0.00686145      14.2858
  0.00693903      14.5966
  0.00701749      14.8059
  0.00709683      14.9436
  0.00717707      14.9758
  0.00725822      14.9326
  0.00734029      14.7816
  0.00742328      14.5534
  0.00750721      14.2175
  0.00759209      13.8049
  0.00767793       13.287
  0.00776474      12.6957
  0.00785253      12.0043
  0.00794132      11.2456
  0.00803111      10.3951
  0.00812191      9.48645
  0.00821374      8.49722
  0.00830661       7.4622
  0.00840053      6.36095
  0.00849551      5.22927
  0.00859157      4.04865
  0.00868871       2.8558
  0.00878695      1.63396
   0.0088863     0.420517
  0.00898677    -0.799801
  0.00908838     -1.98924
  0.00919114     -3.16197
  0.00929506     -4.28028
  0.00940015     -5.35769
  0.00950643     -6.35703
  0.00961392     -7.29179
  0.00972262      -8.1259
  0.00983255     -8.87345
  0.00994372     -9.50015
   0.0100561     -10.0214
   0.0101698     -10.4053
   0.0102848     -10.6694
   0.0104011      -10.785
   0.0105187     -10.7722
   0.0106377     -10.6061
   0.0107579     -10.3102
   0.0108796     -9.86402
   0.0110026     -9.29468
    0.011127     -8.58637
   0.0112528      -7.7703
     0.01138     -6.83539
   0.0115087     -5.81683
   0.0116388     -4.70804
   0.0117704     -3.54781
   0.0119035     -2.33349
   0.0120381      -1.1067
   0.0121742     0.132302
   0.0123118      1.34026
    0.012451      2.51535
   0.0125918      3.61426
   0.0127342      4.63535
   0.0128782      5.53708
   0.0130238      6.32002
    0.013171      6.94648
   0.0133199      7.42131
   0.0134705      7.71273
   0.0136228      7.83188
   0.0137769      7.75473
   0.0139326      7.50041
   0.0140902      7.05402
   0.0142495      6.44366
   0.0144106      5.66419
   0.0145735      4.75291
   0.0147383      3.71406
   0.0149049      2.59317
   0.0150735      1.40232
   0.0152439      0.19315
   0.0154162     -1.01719
   0.0155905     -2.17431
   0.0157668     -3.25987
   0.0159451     -4.22102
   0.0161254     -5.04294
   0.0163077     -5.67924
   0.0164921     -6.12354
   0.0166785     -6.34071
   0.0168671     -6.33735
   0.0170578     -6.09355
   0.0172507     -5.63209
   0.0174457     -4.95055
    0.017643     -4.08897
   0.0178425     -3.06216
   0.0180442     -1.92576
   0.0182482    -0.708551
   0.0184546     0.523034
   0.0186632      1.73253
   0.0188742      2.85037
   0.0190876       3.8412
   0.0193034      4.64193
   0.0195217      5.22837
   0.0197424      5.55389
   0.0199656      5.61489
   0.0201914      5.38944
   0.0204197       4.9011
   0.0206506      4.15694
    0.020884      3.20919
   0.0211202       2.0923
    0.021359     0.882223
   0.0216005    -0.367595
   0.0218447     -1.56916
   0.0220917     -2.66456
   0.0223415     -3.57049
   0.0225941      -4.2427
   0.0228495     -4.62095
   0.0231079     -4.69207
   0.0233691     -4.43397
   0.0236334       -3.876
   0.0239006     -3.04086
   0.0241708     -2.00116
   0.0244441    -0.818498
   0.0247205     0.403845
       0.025      1.58444
   0.0252826      2.61406
   0.0255685      3.42027
   0.0258576      3.91878
   0.0261499      4.07668
   0.0264456      3.86194
   0.0267446      3.30251
    0.027047      2.43135
   0.0273528      1.33925
   0.0276621     0.114068
   0.0279748     -1.11297
   0.0282911     -2.23284
    0.028611     -3.11665
   0.0289345      -3.6824
   0.0292617     -3.85247
   0.0295925     -3.61627
   0.0299271     -2.98171
   0.0302655     -2.02878
   0.0306077    -0.851109
   0.0309537     0.401508
   0.0313037      1.59108
   0.0316576      2.55688
   0.0320156      3.18719
   0.0323776      3.38467
   0.0327436       3.1322
   0.0331139      2.44814
   0.0334883      1.43728
   0.0338669     0.229427
   0.0342498    -0.987162
   0.0346371     -2.04172
   0.0350287     -2.75745
   0.0354247     -3.02972
   0.0358253     -2.79653
   0.0362303     -2.10159
     0.03664      -1.0429
   0.0370542     0.190931
   0.0374732      1.39841
   0.0378969      2.35097
   0.0383254      2.88289
   0.0387587      2.87672
   0.0391969      2.33789
   0.0396401      1.35167
   0.0400883     0.119679
   0.0405416     -1.12348
   0.0409999     -2.10883
   0.0414635     -2.63713
   0.0419323     -2.57814
   0.0424064     -1.95197
   0.0428859    -0.884921
   0.0433708     0.365962
   0.0438612      1.51489
   0.0443571      2.26785
   0.0448586       2.4434
   0.0453658      1.97801
   0.0458787      0.99698
   0.0463975      -0.2556
   0.0469221     -1.42938
   0.0474526     -2.20671
   0.0479891     -2.34814
   0.0485317     -1.81387
   0.0490804    -0.740259
   0.0496354     0.544644
   0.0501966      1.65898
   0.0507641       2.2388
   0.0513381      2.10405
   0.0519185      1.28246
   0.0525055    0.0583918
   0.0530992     -1.15774
   0.0536996     -1.92176
   0.0543067     -1.96144
   0.0549207     -1.24127
   0.0555417    -0.035766
   0.0561697       1.2052
   0.0568048      1.97845
    0.057447      1.97423
   0.0580966      1.16965
   0.0587534   -0.0989551
   0.0594177     -1.30625
   0.0600895     -1.91273
   0.0607689     -1.65273
    0.061456    -0.626542
   0.0621509     0.680219
   0.0628536      1.65398
   0.0635643      1.80181
   0.0642829      1.05158
   0.0650098    -0.232647
   0.0657448       -1.371
   0.0664881     -1.75972
   0.0672399     -1.16053
   0.0680001     0.099257
    0.068769      1.32667
   0.0695465      1.80054
   0.0703329      1.24513
   0.0711281   -0.0223357
   0.0719323     -1.20958
   0.0727456     -1.57118
   0.0735681    -0.849387
   0.0743999     0.481487
   0.0752411      1.54009
   0.0760918      1.57867
   0.0769522     0.564747
   0.0778222     -0.79986
   0.0787021     -1.50763
    0.079592     -1.03076
   0.0804919     0.292612
    0.081402      1.42888
   0.0823223       1.4832
   0.0832531     0.393016
   0.0841944    -0.926878
   0.0851464     -1.35532
   0.0861091     -0.48372
   0.0870827     0.933359
   0.0880673      1.64171
    0.089063     0.973606
     0.09007    -0.441938
   0.0910884     -1.25864
   0.0921183    -0.651316
   0.0931598     0.779592
   0.0942131       1.5906
   0.0952783     0.913464
   0.0963556    -0.536675
   0.0974451     -1.19649
   0.0985468    -0.297979
   0.0996611      1.16845
    0.100788      1.54825
    0.101927     0.392709
     0.10308    -0.886267
    0.104245    -0.696448
    0.105424     0.791605
    0.106616      1.71316
    0.107821     0.893197
    0.109041    -0.596658
    0.110273     -0.71582
     0.11152     0.730181
    0.112781       1.7598
    0.114056     0.899223
    0.115346    -0.574201
     0.11665      -0.4307
    0.117969      1.21276
    0.119303       1.8883
    0.120652     0.597154
    0.122016    -0.542297
    0.123395     0.444839
    0.124791      2.01695
    0.126202      1.59142
    0.127628   -0.0633959
    0.129071     0.063253
    0.130531      1.87493
    0.132007      2.21149
    0.133499      0.54363
    0.135009     0.193517
    0.136535      2.05965
    0.138079       2.7303
     0.13964      1.03639
    0.141219     0.636413
    0.142816      2.63426
     0.14443      3.12529
    0.146063      1.28044
    0.147715      1.43107
    0.149385      3.67195
    0.151074      3.41988
    0.152782      1.66663
    0.154509      3.05999
    0.156256      4.96328
    0.158023      3.41732
     0.15981       2.8025
    0.161617      5.46722
    0.163444      5.54901
    0.165292      3.67976
    0.167161       5.7633
    0.169051      7.59621
    0.170962      5.50211
    0.172895      6.58498
     0.17485      9.58048
    0.176827      7.84405
    0.178826      8.10831
    0.180848      11.9159
    0.182893      10.5755
    0.184961      10.5972
    0.187052      15.0609
    0.189167      13.8046
    0.191306      14.1618
    0.193469      19.2861
    0.195656      17.5699
    0.197869      19.2722
    0.200106      24.7131
    0.202368      22.3165
    0.204656      26.6435
     0.20697      31.2346
    0.209311      28.8412
    0.211677      36.8099
     0.21407      38.3665
    0.216491      39.0936
    0.218939      49.1997
    0.221414      47.0617
    0.223917      55.2198
    0.226449      61.7327
     0.22901      61.2722
    0.231599      75.8048
    0.234217      74.5918
    0.236866      85.9839
    0.239544      94.6831
    0.242252      96.8216
    0.244991      115.632
    0.247761      114.063
    0.250563      133.958
    0.253396      138.661
    0.256261      151.219
    0.259158      167.121
    0.262088      170.905
    0.265051      195.308
    0.268048      194.899
    0.271079      221.057
    0.274144      222.108
    0.277244      243.608
    0.280378      249.029
    0.283548      262.063
    0.286754      270.876
    0.289996      273.554
    0.293275      281.261
    0.296591      271.565
    0.299945      271.098
    0.303336      245.051
    0.306766      227.537
    0.310234      178.635
    0.313742      135.848
    0.317289       59.288
    0.320877     -5.94181
    0.324505     -95.2163
    0.328174     -31.6819
    0.331884      89.1225
    0.335637      104.022
    0.339431       63.861
    0.343269     -73.8465
     0.34715     -198.191
    0.351075     -146.286
    0.355045      -82.968
    0.359059     -21.7397
    0.363119      24.7957
    0.367225      61.3626
    0.371377      84.6032
    0.375576      100.104
    0.379822      107.066
    0.384117      109.667
     0.38846      107.532
    0.392852      103.345
    0.397293       96.686
    0.401785      89.2808
    0.406328      80.7904
    0.410922      72.3393
    0.415569      63.6264
    0.420267       55.469
    0.425019      47.6248
    0.429824      40.5841
    0.434684      34.1028
    0.439599      28.5154
    0.444569        23.54
    0.449596      19.3407
    0.454679      15.7082
     0.45982      12.7261
    0.465019      10.1651
    0.470277      8.10958
    0.475594      6.39123
    0.480971      5.02517
    0.486409      3.89044
    0.491909      3.03193
    0.497471      2.31473
    0.503096      1.76951
    0.508784      1.33254
    0.514536      1.01382
    0.520354     0.745006
    0.526237     0.568761
    0.532187     0.409346
    0.538205     0.300456
     0.54429     0.220969
    0.550444     0.158415
    0.556667     0.109466
    0.562961    0.0907382
    0.569327    0.0481306
    0.575764    0.0460888
    0.582274    0.0290009
    0.588857    0.0175708
    0.595515    0.0167942
    0.602248   0.00688486
    0.609057   0.00623393
    0.615944   0.00511356
    0.622908  -0.00162475
    0.629951   0.00836685
    0.637073   -0.0029603
    0.644277    0.0037105
    0.651561  -0.00161646
    0.658928   0.00138113
    0.666378  0.000905384
    0.673913  -0.00258002
    0.681532   0.00457163
    0.689238  -0.00325203
    0.697031   0.00233467
    0.704912  -0.00372691
    0.712882   0.00362209
    0.720942  -0.00206939
    0.729094    0.0014226
    0.737337 -0.000901225
    0.745674   0.00111302
    0.754105  -0.00216196
    0.762631   0.00134521
    0.771254 -0.000873782
    0.779974   0.00079955
    0.788793  0.000767134
    0.797711  -0.00132485
    0.806731  0.000502685
    0.815852 -0.000757041
    0.825076  0.000882839
    0.834405   0.00130254
    0.843839  -0.00182294
     0.85338  0.000505123
    0.863029 -0.000219716
    0.872787  0.000214656
    0.882655  0.000448925
    0.892635 -0.000979383
    0.902728  0.000671291
    0.912934  0.000169018
    0.923256 -0.000327746
    0.933695  0.000120543
    0.944252 -0.000466877
    0.954928   0.00071561
    0.965725 -0.000214419
    0.976644  -0.00101948
    0.987687   0.00110904
    0.998854 -0.000334838
     1.01015 -0.000193251
     1.02157  0.000471832
     1.03312  -0.00011369
      1.0448 -0.000332473
     1.05661 -0.000100939
     1.06856  0.000664556
     1.08064 -0.000405718
     1.09286 -0.000376223
     1.10522  0.000105458
     1.11771  0.000713557
     1.13035 -0.000653908
     1.14313  0.000670992
     1.15606 -0.000881414
     1.16913  0.000726201
     1.18234 -0.000278803
     1.19571 -4.21381e-05
     1.20923  0.000220621
      1.2229 -0.000390386
     1.23673  0.000555992
     1.25071 -0.000585228
     1.26486  0.000676982
     1.27916 -0.000506667
     1.29362  0.000152077
     1.30825  0.000223648
     1.32304 -0.000326552
       1.338  7.47074e-05
     1.35313  1.53903e-05
     1.36842 -0.000210804
      1.3839  0.000224902
     1.39954 -8.17646e-05
     1.41537 -5.36219e-05
     1.43137  3.50433e-05
     1.44755  0.000122738
     1.46392 -0.000182884
     1.48047  7.09474e-06
     1.49721  0.000235676
     1.51414 -0.000268781
     1.53126  6.56774e-05
     1.54857  4.33716e-05
     1.56608 -3.82374e-05
     1.58379  0.000168426
      1.6017 -0.000182419
     1.61981  0.000177325
     1.63812 -0.000217647
     1.65664  0.000141125
     1.67537  8.36541e-05
     1.69432 -0.000100124
     1.71347  3.62776e-05
     1.73285 -8.00589e-05
     1.75244  3.35512e-05
     1.77225  3.12962e-05
     1.79229  -6.4729e-05
     1.81255  5.52698e-05
     1.83305 -9.18778e-05
     1.85377  7.68467e-06
     1.87473   7.2808e-05
     1.89593 -5.30979e-05
     1.91737  4.38351e-05
     1.93905 -8.28911e-05
     1.96097  4.43059e-06
     1.98314  0.000107615
     2.00556 -1.43479e-05
     2.02824  2.19346e-05
     2.05117 -2.47224e-05
     2.07436 -2.88407e-05
     2.09782  1.73073e-05
     2.12154  4.90033e-06
     2.14552 -2.24009e-05
     2.16978   5.8005e-05
     2.19431  -9.6212e-05
     2.21912  5.92257e-05
     2.24422 -6.00466e-05
     2.26959  7.78476e-05
     2.29525 -4.18782e-05
      2.3212 -1.43367e-05
     2.34745  2.81325e-05
     2.37399  1.79948e-05
     2.40083  -2.4997e-05
     2.42798  2.89096e-05
     2.45543 -1.72063e-06
     2.48319 -1.58801e-05
     2.51127 -2.01686e-05
     2.53966  8.66959e-06
     2.56837  5.42349e-06
     2.59741  6.39304e-07
     2.62678  2.48346e-06
     2.65648 -1.60576e-05
     2.68652  5.60518e-07
     2.71689  3.31862e-05
     2.74761 -7.31636e-06
     2.77868  -2.3825e-05
     2.81009  1.87103e-05
     2.84187 -9.05184e-06
       2.874 -1.03039e-05
     2.90649  3.31958e-07
     2.93935 -4.16929e-06
     2.97259  3.78149e-05
      3.0062 -1.09466e-05
     3.04019 -1.37613e-05
     3.07456 -1.72817e-05
     3.10932  4.42356e-05
     3.14448 -2.80101e-07
     3.18003 -5.92172e-05
     3.21599  1.40496e-05
     3.25235   1.8502e-05
     3.28912 -2.24235e-06
     3.32631    9.462e-06
     3.36392 -1.29371e-05
     3.40196   2.7459e-05
     3.44042 -2.09696e-05
     3.47932  9.89494e-06
     3.51866 -5.11485e-07
     3.55844 -9.03677e-06
     3.59868 -6.77165e-06
     3.63936 -4.61138e-07
     3.68051  1.61781e-05
     3.72213   -7.946e-06
     3.76421 -2.25785e-05
     3.80677  3.76699e-05
     3.84981 -1.29836e-05
     3.89334 -1.32731e-06
     3.93736  4.87169e-06
     3.98188 -4.73801e-06
      4.0269 -4.84895e-06
     4.07243 -2.68402e-06
     4.11847  8.82837e-06
     4.16504 -4.73801e-06
     4.21213  4.64217e-06
     4.25976  1.25431e-05
     4.30792 -1.44311e-05
     4.35663 -4.25205e-07
     4.40589 -6.13684e-06
      4.4557  1.69353e-06
     4.50608  3.60042e-06
     4.55703 -3.19912e-06
     4.60855  8.12187e-06
     4.66066  -9.1721e-06
     4.71336  1.27136e-05
     4.76665 -1.05447e-05
     4.82054  1.24435e-05
     4.87504 -1.32982e-05
     4.93016  1.08429e-06
     4.98591 -9.17839e-06
     5.04228  1.57536e-05
     5.09929 -4.44922e-06
     5.15695  1.23176e-05
     5.21525 -1.03384e-05
     5.27422  3.79086e-06
     5.33385 -9.88438e-06
     5.39416 -2.21942e-06
     5.45515  9.37682e-06
     5.51683 -3.73312e-06
     5.57921  8.46838e-06
     5.64229  -9.4841e-06
     5.70608  3.17656e-06
      5.7706 -9.76582e-06
     5.83584  1.50632e-05
     5.90183 -6.28321e-06
     5.96856  3.50345e-06
     6.03604 -3.82306e-06
     6.10429 -4.09864e-06
      6.1733  4.75111e-06
      6.2431 -5.70394e-07
     6.31369  1.73506e-06
     6.38508  2.32878e-07
     6.45727 -2.97712e-06
     6.53028  4.06347e-06
     6.60411 -3.73552e-06
     6.67878  2.70477e-06
      6.7543  -3.5476e-06
     6.83066  2.49134e-06
      6.9079 -2.06286e-06
       6.986  1.29609e-06
     7.06499  2.79319e-06
     7.14487 -2.46188e-06
     7.22565 -2.58181e-06
     7.30735  1.79783e-06
     7.38997 -1.38148e-06
     7.47352  4.21476e-06
     7.55802  4.55892e-07
     7.64348  2.18398e-07
      7.7299 -6.30148e-06
      7.8173  1.53963e-06
     7.90569  1.94835e-06
     7.99507   4.1044e-06
     8.08547 -6.83385e-06
     8.17689  8.22483e-07
     8.26934  3.80414e-06
     8.36284  3.16759e-07
     8.45739  -4.6705e-06
     8.55301  9.72695e-07
     8.64972  3.42871e-06
     8.74752 -3.38708e-07
     8.84642 -3.98557e-06
     8.94644  2.45738e-06
      9.0476 -6.41723e-08
     9.14989 -3.21704e-07
     9.25335  8.87667e-07
     9.35797  6.26413e-09
     9.46378 -5.93207e-07
     9.57078 -6.47794e-07
     9.67899  1.07165e-06
     9.78843  -6.9572e-07
      9.8991 -6.65683e-08
      10.011  1.24641e-06
     10.1242 -1.07321e-06
     10.2387 -6.52172e-07
     10.3544  7.36152e-07
     10.4715    6.162e-07
     10.5899 -9.67644e-07
     10.7097  2.15615e-07
     10.8307 -1.56814e-07
     10.9532 -1.38475e-07
      11.077  1.43738e-06
     11.2023 -9.72584e-07
     11.3289  3.74491e-08
      11.457 -3.86008e-07
     11.5866  9.06462e-07
     11.7176  -6.2934e-07
     11.8501 -5.78987e-07
      11.984   1.4339e-06
     12.1195  -1.7688e-06
     12.2566  1.14587e-06
     12.3952  -8.3174e-08
     12.5353 -2.71515e-08
      12.677 -2.89149e-07
     12.8204  3.62864e-07
     12.9653  2.13836e-07
     13.1119 -9.45161e-07
     13.2602  9.64059e-07
     13.4101 -8.85909e-07
     13.5617  9.13151e-07
      13.715 -4.22448e-07
     13.8701 -6.34217e-07
     14.0269  9.98513e-07
     14.1855 -7.45349e-07
     14.3459  5.04516e-07
     14.5081 -1.62384e-07
     14.6722 -1.78308e-07
     14.8381  3.22464e-07
     15.0058 -1.69245e-07
     15.1755 -3.20191e-07
     15.3471  5.24533e-07
     15.5206 -4.56615e-07
     15.6961  3.37144e-07
     15.8735  -1.6037e-07
      16.053  2.63003e-07
     16.2345 -2.28151e-07
     16.4181 -1.24782e-07
     16.6037  1.55315e-07
     16.7914 -1.65872e-07
     16.9813  1.57681e-07
     17.1733 -1.60857e-07
     17.3675  3.06851e-07
     17.5638 -5.66564e-07
     17.7624  5.98198e-07
     17.9632 -4.53995e-07
     18.1663  1.63158e-07
     18.3717  1.04392e-07
     18.5795  -5.0352e-08
     18.7895  -2.6629e-07
      19.002  3.77634e-07
     19.2168 -3.13264e-07
     19.4341  3.40237e-08
     19.6538  2.61533e-07
     19.8761 -3.50022e-07
     20.1008  2.15126e-07
     20.3281  -1.2196e-07
     20.5579 -6.55896e-08
     20.7903  2.20137e-07
     21.0254 -2.51927e-07
     21.2631  1.69532e-07
     21.5035 -1.30967e-07
     21.7467  3.79399e-08
     21.9925  1.43515e-08
     22.2412 -2.11393e-07
     22.4927  3.32287e-07
      22.747 -2.06434e-07
     23.0042 -1.38753e-08
     23.2643 -6.30459e-08
     23.5273  6.90347e-08
     23.7933  2.30774e-08
     24.0623 -9.68882e-08
     24.3344  1.85241e-08
     24.6095  1.35964e-08
     24.8878  -4.7988e-10
     25.1692  -1.4422e-07
     25.4538  1.01381e-07
     25.7416  2.11318e-08
     26.0326 -1.23123e-07
     26.3269  3.11688e-08
     26.6246 -2.58919e-08
     26.9256  -7.9243e-09
     27.2301  -1.6705e-08
      27.538  -2.2661e-10
     27.8493 -5.17696e-08
     28.1642  1.51701e-08
     28.4826 -3.04407e-08
     28.8047 -4.22616e-08
     29.1304  1.83022e-08
     29.4597 -4.72257e-08
     29.7928 -2.69841e-08
     30.1297  1.12522e-08
     30.4703  -4.8544e-08
     30.8148   8.3659e-09
     31.1632 -6.96152e-08
     31.5156  1.01548e-08
     31.8719 -1.60458e-08
     32.2323 -4.24265e-08
     32.5967 -2.26854e-09
     32.9653 -5.02516e-08
      33.338 -9.44313e-09
     33.7149 -3.50251e-08
     34.0961 -3.69622e-08
     34.4816 -6.72646e-10
     34.8715 -4.14178e-08
     35.2658  -1.4322e-08
     35.6645 -6.27994e-08
     36.0678  5.53012e-09
     36.4756 -4.34498e-08
      36.888 -4.68977e-08
     37.3051 -9.60127e-10
     37.7268  -5.0776e-08
     38.1534 -2.88798e-08
     38.5848 -3.90257e-08
      39.021 -2.81901e-08
     39.4622 -3.62255e-08
     39.9084  -4.3488e-08
     40.3596 -2.78034e-08
      40.816 -3.90167e-08
     41.2775 -3.53429e-08
     41.7442 -5.45855e-08
     42.2161 -3.07663e-08
     42.6935 -3.48479e-08
     43.1762 -5.44589e-08
     43.6644 -3.44362e-08
      44.158 -3.97709e-08
     44.6573 -6.79167e-08
     45.1622 -2.11183e-08
     45.6729 -6.14604e-08
     46.1893 -3.65863e-08
     46.7115 -5.80754e-08
     47.2397 -5.00142e-08
     47.7738 -5.31979e-08
     48.3139 -4.85267e-08
     48.8602 -5.20463e-08
     49.4126 -5.78254e-08
     49.9713 -6.54508e-08
     50.5363 -3.73869e-08
     51.1077 -7.73792e-08
     51.6856 -4.81097e-08
     52.2699 -6.92097e-08
     52.8609 -5.82733e-08
     53.4586 -6.92235e-08
      54.063 -5.93668e-08
     54.6743 -7.47871e-08
     55.2925 -5.95505e-08
     55.9176 -8.10936e-08
     56.5499 -5.62059e-08
     57.1893 -8.92217e-08
     57.8359 -6.71712e-08
     58.4898 -8.02378e-08
     59.1511 -7.25391e-08
     59.8199 -8.89917e-08
     60.4963 -6.93123e-08
     61.1803 -9.60626e-08
      61.872  -7.8933e-08
     62.5716 -9.07955e-08
      63.279 -8.22287e-08
     63.9945  -1.0187e-07
     64.7181 -8.46405e-08
     65.4498 -1.01773e-07
     66.1898 -9.12211e-08
     66.9382 -1.04627e-07
      67.695 -9.87814e-08
     68.4604  -1.0632e-07
     69.2345 -1.04114e-07
     70.0173 -1.11886e-07
     70.8089 -1.06352e-07
     71.6095 -1.17774e-07
     72.4192 -1.12875e-07
      73.238  -1.2229e-07
     74.0661 -1.15974e-07
     74.9035 -1.28457e-07
     75.7504 -1.23493e-07
     76.6069 -1.30003e-07
      77.473 -1.32189e-07
      78.349 -1.35478e-07
     79.2348 -1.35535e-07
     80.1307 -1.44149e-07
     81.0367 -1.39845e-07
     81.9529 -1.50532e-07
     82.8795 -1.47771e-07
     83.8166  -1.5475e-07
     84.7643 -1.55328e-07
     85.7227 -1.61519e-07
     86.6919 -1.61518e-07
     87.6721 -1.69203e-07
     88.6634 -1.68683e-07
     89.6658 -1.75674e-07
     90.6797 -1.76009e-07
     91.7049 -1.84161e-07
     92.7418 -1.83223e-07
     93.7904 -1.91325e-07
     94.8508 -1.92408e-07
     95.9233 -1.98654e-07
     97.0078 -2.00449e-07
     98.1046 -2.07797e-07
     99.2139 -2.09183e-07
