 0.000992177     -406.846
  0.00100339     -405.136
  0.00101474     -403.649
  0.00102621     -401.917
  0.00103782     -400.328
  0.00104955     -398.454
  0.00106142     -396.903
  0.00107342     -394.949
  0.00108555     -393.297
  0.00109783     -391.264
  0.00111024     -389.525
  0.00112279     -387.489
  0.00113549     -385.599
  0.00114833     -383.521
  0.00116131     -381.571
  0.00117444     -379.338
  0.00118772     -377.358
  0.00120115     -375.093
  0.00121473     -372.969
  0.00122846     -370.609
  0.00124235      -368.39
   0.0012564     -366.014
  0.00127061     -363.691
  0.00128497     -361.114
   0.0012995     -358.821
  0.00131419     -356.159
  0.00132905     -353.685
  0.00134408     -350.968
  0.00135928     -348.416
  0.00137465     -345.586
  0.00139019     -342.931
  0.00140591     -340.006
   0.0014218      -337.23
  0.00143788     -334.256
  0.00145413     -331.333
  0.00147058     -328.236
   0.0014872     -325.265
  0.00150402     -322.027
  0.00152102     -318.938
  0.00153822     -315.611
  0.00155561     -312.406
   0.0015732     -308.974
  0.00159099     -305.627
  0.00160898     -302.122
  0.00162717     -298.645
  0.00164557     -295.013
  0.00166417     -291.436
  0.00168299     -287.691
  0.00170202     -283.976
  0.00172126     -280.124
  0.00174072     -276.306
   0.0017604     -272.308
  0.00178031     -268.388
  0.00180044     -264.274
  0.00182079     -260.227
  0.00184138     -255.988
   0.0018622     -251.833
  0.00188326     -247.463
  0.00190455     -243.186
  0.00192608     -238.724
  0.00194786     -234.288
  0.00196988     -229.738
  0.00199216     -225.176
  0.00201468     -220.493
  0.00203746     -215.838
   0.0020605      -211.02
  0.00208379     -206.264
  0.00210735     -201.327
  0.00213118     -196.456
  0.00215528     -191.416
  0.00217965     -186.429
  0.00220429     -181.292
  0.00222921     -176.195
  0.00225442     -170.954
  0.00227991      -165.76
  0.00230568     -160.424
  0.00233175     -155.133
  0.00235812     -149.711
  0.00238478      -144.33
  0.00241174     -138.827
  0.00243901     -133.364
  0.00246659     -127.789
  0.00249448     -122.253
  0.00252268     -116.615
   0.0025512     -111.015
  0.00258005     -105.322
  0.00260922     -99.6721
  0.00263872     -93.9359
  0.00266856     -88.2476
  0.00269873     -82.4797
  0.00272924     -76.7676
   0.0027601     -70.9815
  0.00279131     -65.2578
  0.00282287     -59.4703
  0.00285478     -53.7538
  0.00288706     -47.9807
  0.00291971      -42.285
  0.00295272     -36.5465
   0.0029861     -30.8908
  0.00301986     -25.2039
  0.00305401     -19.6107
  0.00308854     -13.9971
  0.00312346     -8.48532
  0.00315878     -2.96771
  0.00319449        2.439
  0.00323061      7.83749
  0.00326714      13.1144
  0.00330408      18.3704
  0.00334143      23.4917
  0.00337921      28.5783
  0.00341742      33.5182
  0.00345606       38.408
  0.00349514      43.1392
  0.00353465      47.8045
  0.00357462      52.2971
  0.00361503      56.7091
  0.00365591      60.9348
  0.00369724      65.0635
  0.00373905      68.9933
  0.00378132      72.8082
  0.00382408       76.411
  0.00386731      79.8824
  0.00391104      83.1294
  0.00395526      86.2283
  0.00399998      89.0877
  0.00404521      91.7849
  0.00409094      94.2299
   0.0041372      96.4969
  0.00418397      98.4987
  0.00423128      100.309
  0.00427912      101.843
   0.0043275      103.172
  0.00437643      104.214
  0.00442592       105.04
  0.00447596       105.57
  0.00452656      105.874
  0.00457774      105.875
   0.0046295      105.643
  0.00468185      105.102
  0.00473478      104.322
  0.00478832      103.232
  0.00484245        101.9
  0.00489721      100.259
  0.00495258      98.3764
  0.00500857      96.1875
   0.0050652      93.7622
  0.00512247      91.0374
  0.00518039      88.0844
  0.00523896      84.8441
   0.0052982      81.3866
   0.0053581      77.6579
  0.00541868      73.7283
  0.00547995      69.5478
  0.00554191      65.1878
  0.00560457      60.6012
  0.00566794      55.8619
  0.00573202      50.9262
  0.00579683      45.8676
  0.00586237       40.648
  0.00592866      35.3413
  0.00599569      29.9128
  0.00606348      24.4381
  0.00613204      18.8858
  0.00620137      13.3317
  0.00627148      7.74825
  0.00634239      2.21193
   0.0064141     -3.30177
  0.00648662     -8.71633
  0.00655997      -14.054
  0.00663414      -19.238
  0.00670914      -24.289
    0.006785     -29.1308
  0.00686172     -33.7825
   0.0069393     -38.1698
  0.00701776     -42.3108
   0.0070971     -46.1336
  0.00717735     -49.6569
   0.0072585     -52.8114
  0.00734057     -55.6174
  0.00742356     -58.0096
   0.0075075     -60.0105
  0.00759238     -61.5597
  0.00767823     -62.6836
  0.00776504     -63.3273
  0.00785284     -63.5223
  0.00794162     -63.2201
  0.00803142     -62.4582
  0.00812222     -61.1965
  0.00821406     -59.4782
  0.00830693     -57.2724
  0.00840085     -54.6297
  0.00849584     -51.5289
   0.0085919     -48.0282
  0.00868904      -44.116
  0.00878728     -39.8593
  0.00888664     -35.2559
  0.00898711     -30.3812
  0.00908873     -25.2419
  0.00919149     -19.9211
  0.00929541     -14.4347
  0.00940051     -8.87109
   0.0095068     -3.25375
  0.00961429      2.32395
  0.00972299      7.83389
  0.00983293      13.1801
   0.0099441      18.3322
   0.0100565      23.1942
   0.0101702      27.7367
   0.0102852      31.8674
   0.0104015      35.5612
   0.0105191      38.7332
   0.0106381      41.3663
   0.0107583      43.3872
     0.01088      44.7908
    0.011003       45.519
   0.0111274      45.5829
   0.0112532      44.9426
   0.0113804      43.6289
   0.0115091      41.6235
   0.0116392      38.9784
   0.0117708      35.6991
   0.0119039      31.8602
   0.0120385      27.4908
   0.0121746      22.6876
   0.0123123      17.5021
   0.0124515      12.0506
   0.0125923      6.40341
   0.0127347     0.691628
   0.0128786      -5.0015
   0.0130243     -10.5365
   0.0131715     -15.8251
   0.0133204     -20.7286
   0.0134711     -25.1632
   0.0136234      -29.001
   0.0137774     -32.1737
   0.0139332     -34.5752
   0.0140907     -36.1639
     0.01425      -36.866
   0.0144111     -36.6764
   0.0145741     -35.5632
   0.0147389     -33.5653
   0.0149055     -30.6982
    0.015074     -27.0491
   0.0152445     -22.6823
   0.0154168     -17.7317
   0.0155911     -12.3062
   0.0157674      -6.5789
   0.0159457    -0.692535
    0.016126      5.15459
   0.0163083      10.8029
   0.0164927      16.0489
   0.0166792      20.7385
   0.0168678      24.6868
   0.0170585       27.771
   0.0172514      29.8505
   0.0174464      30.8581
   0.0176437       30.721
   0.0178432      29.4485
   0.0180449      27.0518
   0.0182489      23.6278
   0.0184553       19.277
   0.0186639      14.1824
    0.018875      8.52448
   0.0190884      2.55464
   0.0193042     -3.49242
   0.0195225     -9.32995
   0.0197432     -14.7093
   0.0199664     -19.3546
   0.0201922     -23.0532
   0.0204205     -25.5921
   0.0206513     -26.8459
   0.0208848     -26.7124
    0.021121     -25.1947
   0.0213598     -22.3329
   0.0216013     -18.2786
   0.0218455      -13.219
   0.0220925     -7.44205
   0.0223423     -1.25251
   0.0225949      4.97268
   0.0228504      10.8752
   0.0231088      16.0675
     0.02337       20.227
   0.0236343      23.0506
   0.0239015      24.3464
   0.0241717      23.9843
    0.024445      21.9776
   0.0247214       18.423
   0.0250009      13.5663
   0.0252836      7.72625
   0.0255695      1.34122
   0.0258586     -5.12363
   0.0261509     -11.1458
   0.0264466     -16.2502
   0.0267456     -19.9863
    0.027048      -22.033
   0.0273539     -22.1698
   0.0276631     -20.3675
   0.0279759     -16.7382
   0.0282922     -11.5979
   0.0286121     -5.38606
   0.0289356       1.3068
   0.0292628      7.84986
   0.0295936      13.5717
   0.0299282      17.8885
   0.0302666      20.3099
   0.0306088      20.5585
   0.0309549      18.5539
   0.0313049      14.4935
   0.0316589      8.78786
   0.0320168      2.08551
   0.0323788     -4.84915
   0.0327449     -11.1637
   0.0331151     -16.0769
   0.0334896     -18.9256
   0.0338682     -19.3161
   0.0342511     -17.1365
   0.0346384     -12.6468
     0.03503     -6.40949
   0.0354261     0.715409
   0.0358267       7.7322
   0.0362317      13.5936
   0.0366414      17.4109
   0.0370557      18.5475
   0.0374746      16.7891
   0.0378983       12.351
   0.0383268      5.92317
   0.0387602     -1.46977
   0.0391984     -8.57103
   0.0396416     -14.1507
   0.0400898     -17.1759
   0.0405431     -17.0639
   0.0410015      -13.768
   0.0414651     -7.87035
   0.0419339    -0.456475
   0.0424081      7.01936
   0.0428875      13.0581
   0.0433725      16.3738
   0.0438628      16.2299
   0.0443588      12.5822
   0.0448603      6.18016
   0.0453675     -1.60302
   0.0458805     -9.00005
   0.0463992     -14.2901
   0.0469239     -16.1655
   0.0474544     -14.1253
   0.0479909     -8.59988
   0.0485336    -0.944186
   0.0490823      6.90834
   0.0496373       12.878
   0.0501985      15.3413
   0.0507661      13.5592
     0.05134      7.98319
   0.0519205     0.146418
   0.0525076     -7.67935
   0.0531012     -13.1695
   0.0537016     -14.6083
   0.0543088     -11.5042
   0.0549229     -4.76751
   0.0555438      3.46283
   0.0561718      10.5063
    0.056807      13.9714
   0.0574492      12.6394
   0.0580988      6.90886
   0.0587557      -1.2181
     0.05942     -8.82816
   0.0600919       -13.09
   0.0607713     -12.3761
   0.0614584      -6.9076
   0.0621533      1.19813
    0.062856      8.72989
   0.0635667      12.6014
   0.0642854      11.1879
   0.0650123      5.04234
   0.0657473     -3.20129
   0.0664907     -9.93814
   0.0672425     -12.1277
   0.0680028     -8.75396
   0.0687716     -1.34643
   0.0695492      6.59494
   0.0703356      11.2516
   0.0711308      10.3142
   0.0719351      4.24639
   0.0727484     -3.87988
   0.0735709     -9.83694
   0.0744028     -10.4788
    0.075244     -5.44281
   0.0760947      2.50005
   0.0769551      8.91506
   0.0778252      10.1288
   0.0787051      5.43437
    0.079595     -2.41435
    0.080495     -8.68708
   0.0814051     -9.54361
   0.0823255     -4.42947
   0.0832563      3.40242
   0.0841976      8.89228
   0.0851496      8.40602
   0.0861124      2.27711
    0.087086     -5.30583
   0.0880707     -9.03534
   0.0890664     -6.26027
   0.0900735      1.02455
   0.0910919      7.43145
   0.0921218      8.14533
   0.0931634      2.60324
   0.0942167      -4.8637
    0.095282     -8.33479
   0.0963593     -5.00554
   0.0974488      2.34741
   0.0985506      7.55045
   0.0996649      6.17052
    0.100792    -0.530306
    0.101931      -6.5872
    0.103084     -6.54772
    0.104249    -0.522635
    0.105428      5.82873
     0.10662      6.50693
    0.107826     0.971992
    0.109045     -5.28541
    0.110278     -6.07192
    0.111524    -0.747187
    0.112785      5.11847
    0.114061      5.43611
     0.11535    0.0253406
    0.116655     -5.20906
    0.117973     -4.60178
    0.119307      1.02161
    0.120656      5.27354
     0.12202      3.36437
      0.1234     -2.34204
    0.124795      -5.0704
    0.126206     -1.62363
    0.127633      3.65637
    0.129076      4.19447
    0.130536    -0.594733
    0.132012     -4.43378
    0.133504     -2.34666
    0.135014      2.74083
     0.13654      3.88621
    0.138084    -0.293032
    0.139645     -3.77612
    0.141224     -1.71627
    0.142821      2.63661
    0.144436      2.91324
    0.146069     -1.02703
     0.14772     -3.14185
    0.149391    -0.474331
     0.15108      2.65416
    0.152788      1.49869
    0.154515      -1.8444
    0.156262     -2.03057
    0.158029      1.03975
    0.159816      2.19695
    0.161623    -0.333028
     0.16345     -2.08365
    0.165298     -0.15557
    0.167167      1.79074
    0.169057     0.417022
    0.170969     -1.45298
    0.172902    -0.487314
    0.174857      1.16384
    0.176834     0.548777
    0.178833    -0.847745
    0.180855    -0.483913
      0.1829     0.644699
    0.184968     0.425025
    0.187059    -0.464609
    0.189174    -0.239645
    0.191313     0.361097
    0.193476      0.14689
    0.195664   -0.0970791
    0.197876   -0.0348795
    0.200114     -0.14417
    0.202376     0.156555
    0.204664     0.365404
    0.206978    -0.283789
    0.209319    -0.320681
    0.211685     0.594543
    0.214079     0.326036
    0.216499    -0.772112
    0.218947 -0.000694012
    0.221423      1.14273
    0.223926    -0.438132
    0.226458    -0.891611
    0.229018      1.26959
    0.231608     0.442456
    0.234226     -1.44341
    0.236875     0.690471
    0.239553      1.45351
    0.242261     -1.43656
    0.245001    -0.136641
    0.247771      2.11355
    0.250572     -1.11344
    0.253405    -0.814481
     0.25627      2.43806
    0.259168    -0.559879
    0.262098     -1.33995
    0.265062      2.71538
    0.268059    -0.291829
    0.271089     -1.49065
    0.274154      2.97505
    0.277254    -0.182373
    0.280389      -1.4176
    0.283559      3.40814
    0.286765    -0.487652
    0.290008    -0.823223
    0.293287      3.84255
    0.296603     -1.05223
    0.299956     0.320037
    0.303348      3.99939
    0.306777     -1.64869
    0.310246      2.30829
    0.313754      3.38363
    0.317301     -1.53461
    0.320889      4.60553
    0.324517      1.84009
    0.328186     0.254198
    0.331897      6.13407
    0.335649     0.147444
    0.339444      4.03143
    0.343282      5.38667
    0.347164      0.71004
    0.351089      7.79524
    0.355059      2.95819
    0.359073      5.05457
    0.363133       8.2243
    0.367239      2.83462
    0.371391      10.3019
     0.37559       5.3246
    0.379837      8.23913
    0.384131      10.2134
    0.388474      6.00149
    0.392867      13.0935
    0.397309      6.72921
    0.401801      12.2427
    0.406344      9.79533
    0.410938      9.25928
    0.415584      12.3497
    0.420283      6.22447
    0.425035      12.0513
    0.429841      3.86409
    0.434701      8.11204
    0.439616      1.23509
    0.444586      1.00508
    0.449613     -3.13846
    0.454697     -8.53072
    0.459838     -10.2866
    0.465037     -19.7077
    0.470295     -20.2102
    0.475612     -31.5506
     0.48099     -31.5068
    0.486428     -42.3277
    0.491928     -41.3944
     0.49749     -49.1024
    0.503115     -46.0818
    0.508803     -48.5175
    0.514556     -42.0085
    0.520374     -36.7069
    0.526258     -21.2076
    0.532208      14.3931
    0.538225      127.572
    0.544311      181.022
    0.550465      108.072
    0.556689      2.39444
    0.562983     -22.7391
    0.569348     -36.3638
    0.575786     -39.7914
    0.582296     -42.3509
     0.58888     -40.2302
    0.595538     -37.6183
    0.602271     -32.2588
    0.609081     -27.0591
    0.615967      -20.783
    0.622932     -15.4061
    0.629975     -10.0259
    0.637098     -5.87418
    0.644301      -2.1717
    0.651586     0.349107
    0.658953      2.35138
    0.666404      3.44144
    0.673939      4.15414
    0.681558      4.28645
    0.689264      4.23922
    0.697058      3.88356
    0.704939      3.49859
    0.712909      2.98629
     0.72097      2.53562
    0.729122      2.05478
    0.737365      1.67118
    0.745702      1.29898
    0.754134      1.02273
     0.76266     0.761846
    0.771283     0.583978
    0.780004     0.419561
    0.788823      0.31725
    0.797742     0.215615
    0.806762     0.161126
    0.815883     0.105994
    0.825108    0.0807467
    0.834437    0.0493364
    0.843872    0.0376596
    0.853413    0.0196115
    0.863062    0.0179599
    0.872821   0.00664518
    0.882689   0.00852828
    0.892669   0.00255107
    0.902762   0.00567511
    0.912969 -0.000599776
    0.923292   0.00119203
    0.933731 -0.000838447
    0.944288   0.00267764
    0.954965  -0.00160403
    0.965762    0.0032675
    0.976682  -0.00309058
    0.987725  0.000289821
    0.998892  4.24069e-05
     1.01019   0.00151192
     1.02161 -0.000971653
     1.03316  0.000504801
     1.04484  -0.00164636
     1.05665   0.00133009
      1.0686 -5.92808e-05
     1.08068  0.000707486
      1.0929  -0.00104487
     1.10526 -0.000791075
     1.11776  0.000886746
     1.13039  0.000429743
     1.14317 -0.000610651
      1.1561  0.000221491
     1.16917 -0.000800288
     1.18239   0.00146258
     1.19576 -0.000224355
     1.20928   -0.0011174
     1.22295  0.000348105
     1.23678  0.000839621
     1.25076  -0.00115526
      1.2649  0.000272055
     1.27921  0.000573655
     1.29367 -0.000320271
      1.3083 -0.000343528
     1.32309   0.00038137
     1.33805 -0.000188252
     1.35318 -0.000137022
     1.36848  0.000167448
     1.38395 -0.000108829
      1.3996  5.77445e-05
     1.41542  0.000217733
     1.43143 -0.000663192
     1.44761  0.000694511
     1.46398 -0.000496273
     1.48053  -3.2633e-06
     1.49727 -0.000190345
      1.5142   0.00106005
     1.53132  -0.00137825
     1.54863  0.000700282
     1.56614  0.000158547
     1.58385 -0.000562842
     1.60176  0.000233232
     1.61987  0.000158203
     1.63818 -0.000369614
     1.65671  0.000537832
     1.67544 -0.000575843
     1.69438  0.000336341
     1.71354  -0.00010011
     1.73291 -0.000374411
     1.75251  0.000702691
     1.77232 -0.000604363
     1.79236  0.000141066
     1.81262   9.0772e-05
     1.83312 -0.000164654
     1.85384 -9.08057e-06
     1.87481   0.00025371
       1.896 -0.000509351
     1.91744  0.000454459
     1.93912 -0.000254555
     1.96104  8.54138e-06
     1.98322 -2.74509e-06
     2.00564  9.86162e-05
     2.02832 -0.000273498
     2.05125  0.000389024
     2.07444 -0.000425612
      2.0979  0.000171337
     2.12162  2.32049e-05
     2.14561 -0.000108156
     2.16987  0.000126463
      2.1944 -0.000257015
     2.21921  0.000226078
      2.2443 -0.000213317
     2.26968  0.000159216
     2.29534 -0.000107755
     2.32129  6.63086e-05
     2.34754 -0.000151329
     2.37408  0.000112292
     2.40092 -0.000143707
     2.42807  0.000142611
     2.45552 -0.000206228
     2.48328  0.000190862
     2.51136 -0.000174199
     2.53976  9.04399e-05
     2.56847  -0.00012783
     2.59751  0.000112693
     2.62688 -0.000144887
     2.65658  0.000115372
     2.68662 -0.000124975
       2.717  8.48279e-05
     2.74772 -6.58969e-05
     2.77878 -1.71206e-05
      2.8102 -5.11314e-05
     2.84198  5.96114e-05
     2.87411 -2.83974e-05
      2.9066 -4.30317e-05
     2.93947 -4.05399e-05
      2.9727  2.90391e-05
     3.00631 -1.78566e-05
      3.0403 -2.50708e-05
     3.07468 -2.50781e-05
     3.10944  2.53443e-06
      3.1446 -8.37722e-06
     3.18016 -4.21044e-05
     3.21611  6.77113e-06
     3.25248 -1.47761e-05
     3.28925 -2.14371e-05
     3.32644 -2.42283e-05
     3.36405 -1.00817e-05
     3.40209  1.32244e-06
     3.44055 -3.92586e-05
     3.47945  1.36745e-05
     3.51879 -4.98473e-05
     3.55858  2.57925e-05
     3.59881 -5.04025e-05
      3.6395  1.90759e-06
     3.68065 -2.05425e-05
     3.72227  -1.9594e-05
     3.76436  7.33961e-07
     3.80692  -1.9295e-05
     3.84996 -1.84081e-05
     3.89349 -1.93248e-05
     3.93751 -1.33645e-05
     3.98203  -3.6944e-06
     4.02705 -4.28886e-05
     4.07259  1.55325e-05
     4.11863 -2.64992e-05
      4.1652 -1.99142e-05
     4.21229 -5.00756e-06
     4.25992 -1.90969e-05
     4.30809 -1.69195e-05
      4.3568 -5.75465e-06
     4.40606 -2.95852e-05
     4.45587  -2.1387e-06
     4.50625 -2.77469e-05
      4.5572  -8.8398e-06
     4.60873 -1.43707e-05
     4.66084 -1.23769e-05
     4.71354 -1.82714e-05
     4.76683 -7.94597e-06
     4.82073 -1.79629e-05
     4.87523 -1.76012e-05
     4.93035 -1.27643e-05
      4.9861 -2.49578e-05
     5.04247 -3.29017e-06
     5.09949 -2.31223e-05
     5.15714 -1.14988e-05
     5.21545 -1.06669e-05
     5.27442  -1.7042e-05
     5.33406 -1.38332e-05
     5.39437 -1.77217e-05
     5.45536 -1.13407e-05
     5.51704 -2.28307e-05
     5.57942 -5.09603e-06
      5.6425 -2.72704e-05
      5.7063 -3.86545e-06
     5.77082 -2.27433e-05
     5.83607 -4.03967e-06
     5.90205 -1.92653e-05
     5.96878 -1.63753e-05
     6.03627 -1.76605e-05
     6.10452 -1.17317e-05
     6.17354 -2.37498e-05
     6.24334 -3.59721e-06
     6.31393 -1.81709e-05
     6.38532  -1.1815e-05
     6.45752 -1.92736e-05
     6.53053 -1.32196e-05
     6.60437 -1.90322e-05
     6.67904 -1.01283e-05
     6.75456 -2.00482e-05
     6.83093 -7.61909e-06
     6.90816 -2.00744e-05
     6.98627 -1.07967e-05
     7.06526 -1.84753e-05
     7.14514 -1.32613e-05
     7.22593 -1.66592e-05
     7.30763 -1.32719e-05
     7.39025 -1.72345e-05
     7.47381 -1.21044e-05
     7.55831 -1.46426e-05
     7.64377 -1.64042e-05
      7.7302 -1.50031e-05
      7.8176  -1.6015e-05
     7.90599 -1.22642e-05
     7.99538 -1.65318e-05
     8.08578 -1.38484e-05
      8.1772 -1.58528e-05
     8.26966 -1.36522e-05
     8.36316 -1.56461e-05
     8.45772  -1.6523e-05
     8.55334  -1.3336e-05
     8.65005 -1.53127e-05
     8.74785 -1.21396e-05
     8.84676 -1.89227e-05
     8.94679 -1.28565e-05
     9.04795 -1.62172e-05
     9.15025 -1.34216e-05
      9.2537 -1.55418e-05
     9.35833 -1.42539e-05
     9.46414 -1.59031e-05
     9.57115 -1.49789e-05
     9.67936 -1.45416e-05
      9.7888 -1.40828e-05
     9.89948 -1.59576e-05
     10.0114  -1.4267e-05
     10.1246 -1.58004e-05
     10.2391 -1.41261e-05
     10.3548 -1.50399e-05
     10.4719 -1.47794e-05
     10.5903 -1.53652e-05
     10.7101 -1.42559e-05
     10.8312 -1.51804e-05
     10.9536 -1.50026e-05
     11.0775 -1.51468e-05
     11.2027 -1.39757e-05
     11.3294 -1.56296e-05
     11.4575 -1.49791e-05
      11.587  -1.4651e-05
      11.718 -1.45638e-05
     11.8505 -1.50259e-05
     11.9845 -1.52731e-05
       12.12 -1.47026e-05
      12.257 -1.45021e-05
     12.3956 -1.51343e-05
     12.5358 -1.52217e-05
     12.6775 -1.46482e-05
     12.8209 -1.45587e-05
     12.9658 -1.53496e-05
     13.1124 -1.47803e-05
     13.2607 -1.45911e-05
     13.4106 -1.52053e-05
     13.5622 -1.49497e-05
     13.7156 -1.44453e-05
     13.8707 -1.53504e-05
     14.0275 -1.46262e-05
     14.1861 -1.49905e-05
     14.3465 -1.46307e-05
     14.5087 -1.53189e-05
     14.6727 -1.45426e-05
     14.8386  -1.4841e-05
     15.0064 -1.49979e-05
     15.1761 -1.48794e-05
     15.3477 -1.45565e-05
     15.5212 -1.51953e-05
     15.6967 -1.46417e-05
     15.8742 -1.49845e-05
     16.0536 -1.47818e-05
     16.2351 -1.49297e-05
     16.4187 -1.47561e-05
     16.6043 -1.49409e-05
     16.7921 -1.47949e-05
     16.9819 -1.49165e-05
      17.174 -1.49356e-05
     17.3681 -1.46577e-05
     17.5645 -1.50491e-05
     17.7631 -1.47962e-05
     17.9639 -1.46258e-05
      18.167 -1.52536e-05
     18.3725  -1.4491e-05
     18.5802 -1.49229e-05
     18.7903 -1.50527e-05
     19.0027 -1.44239e-05
     19.2176  -1.5182e-05
     19.4349 -1.47177e-05
     19.6546  -1.4686e-05
     19.8768 -1.51438e-05
     20.1016 -1.44722e-05
     20.3288 -1.50479e-05
     20.5587 -1.47431e-05
     20.7911 -1.47823e-05
     21.0262 -1.49172e-05
     21.2639 -1.47113e-05
     21.5044 -1.48524e-05
     21.7475 -1.48728e-05
     21.9934 -1.46425e-05
     22.2421 -1.50063e-05
     22.4935 -1.46129e-05
     22.7479 -1.50153e-05
     23.0051 -1.45808e-05
     23.2652 -1.49313e-05
     23.5282 -1.47135e-05
     23.7942 -1.48567e-05
     24.0633 -1.47115e-05
     24.3353 -1.48093e-05
     24.6105 -1.47773e-05
     24.8888 -1.47825e-05
     25.1702 -1.47268e-05
     25.4547 -1.48167e-05
     25.7425  -1.4752e-05
     26.0336 -1.47668e-05
      26.328 -1.47289e-05
     26.6256 -1.47938e-05
     26.9267 -1.47084e-05
     27.2311 -1.47769e-05
      27.539 -1.47071e-05
     27.8504 -1.47591e-05
     28.1653 -1.47135e-05
     28.4837 -1.47559e-05
     28.8058 -1.46959e-05
     29.1315 -1.47601e-05
     29.4609 -1.46856e-05
      29.794 -1.47352e-05
     30.1308  -1.4688e-05
     30.4715 -1.47218e-05
      30.816 -1.46772e-05
     31.1644 -1.47031e-05
     31.5168 -1.46672e-05
     31.8731 -1.47021e-05
     32.2335 -1.46451e-05
      32.598 -1.46991e-05
     32.9665 -1.46406e-05
     33.3393 -1.46885e-05
     33.7162 -1.46325e-05
     34.0974 -1.46623e-05
      34.483 -1.46242e-05
     34.8729 -1.46481e-05
     35.2671  -1.4613e-05
     35.6659 -1.46316e-05
     36.0691 -1.46074e-05
      36.477 -1.46213e-05
     36.8894 -1.45757e-05
     37.3065 -1.46183e-05
     37.7283 -1.45621e-05
     38.1549 -1.45977e-05
     38.5863  -1.4554e-05
     39.0225 -1.45803e-05
     39.4638 -1.45386e-05
       39.91 -1.45581e-05
     40.3612 -1.45232e-05
     40.8175 -1.45422e-05
      41.279   -1.451e-05
     41.7458 -1.45238e-05
     42.2178 -1.44903e-05
     42.6951 -1.45061e-05
     43.1778 -1.44643e-05
      43.666 -1.44889e-05
     44.1597 -1.44541e-05
      44.659 -1.44598e-05
      45.164 -1.44354e-05
     45.6746 -1.44344e-05
      46.191 -1.44122e-05
     46.7133 -1.44214e-05
     47.2415 -1.43909e-05
     47.7756 -1.43968e-05
     48.3158 -1.43613e-05
     48.8621 -1.43712e-05
     49.4145 -1.43404e-05
     49.9732 -1.43424e-05
     50.5383 -1.43159e-05
     51.1097 -1.43131e-05
     51.6875 -1.42918e-05
      52.272 -1.42899e-05
      52.863 -1.42622e-05
     53.4607 -1.42605e-05
     54.0651 -1.42311e-05
     54.6764 -1.42275e-05
     55.2946 -1.42002e-05
     55.9198 -1.41934e-05
     56.5521 -1.41711e-05
     57.1915 -1.41659e-05
     57.8381 -1.41389e-05
      58.492 -1.41275e-05
     59.1534 -1.40991e-05
     59.8222 -1.40903e-05
     60.4986 -1.40642e-05
     61.1826 -1.40562e-05
     61.8744 -1.40269e-05
      62.574 -1.40126e-05
     63.2815 -1.39859e-05
      63.997 -1.39763e-05
     64.7205 -1.39448e-05
     65.4523 -1.39294e-05
     66.1923  -1.3899e-05
     66.9408 -1.38867e-05
     67.6976 -1.38553e-05
      68.463 -1.38402e-05
     69.2371 -1.38072e-05
       70.02 -1.37902e-05
     70.8116  -1.3756e-05
     71.6123 -1.37406e-05
      72.422 -1.37069e-05
     73.2408 -1.36863e-05
     74.0689   -1.365e-05
     74.9064 -1.36316e-05
     75.7533 -1.35943e-05
     76.6098 -1.35727e-05
      77.476  -1.3537e-05
      78.352 -1.35122e-05
     79.2379 -1.34737e-05
     80.1338 -1.34498e-05
     81.0398 -1.34094e-05
     81.9561  -1.3385e-05
     82.8827 -1.33436e-05
     83.8198 -1.33146e-05
     84.7676 -1.32734e-05
      85.726 -1.32434e-05
     86.6952 -1.32007e-05
     87.6755 -1.31701e-05
     88.6668 -1.31245e-05
     89.6693 -1.30904e-05
     90.6831 -1.30454e-05
     91.7084 -1.30113e-05
     92.7454 -1.29625e-05
      93.794 -1.29262e-05
     94.8545 -1.28775e-05
     95.9269 -1.28372e-05
     97.0115 -1.27874e-05
     98.1084 -1.27475e-05
     99.2177 -1.26942e-05
