 0.000992177     -316.912
  0.00100339     -313.491
  0.00101474      -315.02
  0.00102621      -309.25
  0.00103782     -311.788
  0.00104955     -311.345
  0.00106142     -306.693
  0.00107342     -307.865
  0.00108555     -304.201
  0.00109783      -305.68
  0.00111024     -303.037
  0.00112279     -300.149
  0.00113549     -301.889
  0.00114833         -297
  0.00116131      -297.21
  0.00117444      -296.91
  0.00118772     -293.934
  0.00120115     -291.184
  0.00121473     -291.296
  0.00122846     -288.892
  0.00124235      -289.44
   0.0012564     -283.508
  0.00127061     -284.202
  0.00128497     -284.776
   0.0012995     -278.367
  0.00131419     -278.948
  0.00132905     -276.875
  0.00134408     -275.277
  0.00135928     -272.145
  0.00137465     -271.456
  0.00139019     -268.317
  0.00140591     -267.316
   0.0014218     -265.162
  0.00143788     -261.372
  0.00145413     -261.276
  0.00147058     -258.508
   0.0014872     -255.085
  0.00150402     -254.279
  0.00152102      -251.05
  0.00153822      -249.28
  0.00155561     -246.234
   0.0015732     -244.059
  0.00159099      -242.44
  0.00160898     -238.172
  0.00162717     -237.206
  0.00164557     -233.552
  0.00166417     -231.574
  0.00168299     -227.846
  0.00170202     -226.712
  0.00172126     -222.513
  0.00174072     -220.321
   0.0017604     -217.599
  0.00178031     -214.327
  0.00180044     -211.492
  0.00182079     -208.326
  0.00184138     -205.789
   0.0018622     -201.821
  0.00188326      -199.84
  0.00190455     -195.862
  0.00192608     -192.451
  0.00194786     -190.368
  0.00196988     -185.401
  0.00199216     -183.498
  0.00201468      -179.34
  0.00203746      -176.06
   0.0020605      -172.89
  0.00208379     -168.754
  0.00210735     -165.896
  0.00213118     -161.747
  0.00215528     -158.515
  0.00217965     -154.613
  0.00220429     -150.913
  0.00222921     -147.144
  0.00225442     -143.525
  0.00227991     -139.525
  0.00230568     -135.806
  0.00233175     -131.866
  0.00235812     -127.942
  0.00238478     -123.989
  0.00241174     -119.996
  0.00243901     -116.065
  0.00246659     -111.891
  0.00249448     -107.994
  0.00252268     -103.684
   0.0025512     -99.8197
  0.00258005     -95.5288
  0.00260922     -91.5681
  0.00263872     -87.2378
  0.00266856     -83.2087
  0.00269873     -78.9237
  0.00272924     -74.7804
   0.0027601      -70.563
  0.00279131     -66.4379
  0.00282287     -62.2207
  0.00285478     -57.9843
  0.00288706     -53.8237
  0.00291971     -49.6651
  0.00295272     -45.4569
   0.0029861     -41.3707
  0.00301986     -37.2426
  0.00305401     -33.1251
  0.00308854      -29.046
  0.00312346     -25.0364
  0.00315878     -20.9925
  0.00319449     -17.0676
  0.00323061     -13.0911
  0.00326714     -9.23741
  0.00330408     -5.41814
  0.00334143     -1.63692
  0.00337921      2.06102
  0.00341742      5.70835
  0.00345606      9.28024
  0.00349514       12.758
  0.00353465        16.16
  0.00357462      19.5177
  0.00361503      22.7319
  0.00365591      25.8949
  0.00369724      28.9185
  0.00373905      31.8358
  0.00378132      34.6771
  0.00382408      37.3779
  0.00386731      40.0004
  0.00391104      42.4058
  0.00395526      44.7591
  0.00399998      46.9565
  0.00404521      49.0197
  0.00409094      50.8981
   0.0041372      52.6715
  0.00418397      54.2766
  0.00423128      55.7265
  0.00427912      56.9971
   0.0043275      58.1317
  0.00437643       59.062
  0.00442592      59.8582
  0.00447596      60.4489
  0.00452656      60.8799
  0.00457774      61.1238
   0.0046295      61.1877
  0.00468185      61.0866
  0.00473478      60.7675
  0.00478832      60.2894
  0.00484245      59.6343
  0.00489721      58.7817
  0.00495258        57.73
  0.00500857      56.5414
   0.0050652      55.1353
  0.00512247       53.619
  0.00518039      51.8717
  0.00523896      49.9861
   0.0052982      47.9296
   0.0053581       45.731
  0.00541868      43.3795
  0.00547995      40.8966
  0.00554191      38.2686
  0.00560457      35.5636
  0.00566794       32.695
  0.00573202      29.7498
  0.00579683      26.7194
  0.00586237      23.6081
  0.00592866      20.4354
  0.00599569      17.2202
  0.00606348      13.9536
  0.00613204       10.674
  0.00620137      7.39741
  0.00627148      4.12827
  0.00634239     0.894719
   0.0064141     -2.30704
  0.00648662     -5.43912
  0.00655997     -8.49512
  0.00663414     -11.4523
  0.00670914     -14.2933
    0.006785     -17.0016
  0.00686172     -19.5666
   0.0069393     -21.9493
  0.00701776      -24.179
   0.0070971     -26.1892
  0.00717735     -27.9969
   0.0072585     -29.5721
  0.00734057     -30.9201
  0.00742356      -32.004
   0.0075075     -32.8427
  0.00759238     -33.4079
  0.00767823     -33.7032
  0.00776504     -33.7195
  0.00785284     -33.4482
  0.00794162     -32.9091
  0.00803142     -32.0875
  0.00812222     -30.9864
  0.00821406     -29.6295
  0.00830693      -28.005
  0.00840085     -26.1532
  0.00849584     -24.0532
   0.0085919     -21.7576
  0.00868904     -19.2651
  0.00878728     -16.6078
  0.00888664     -13.8116
  0.00898711     -10.8938
  0.00908873     -7.89726
  0.00919149     -4.85765
  0.00929541     -1.78008
  0.00940051      1.25947
   0.0095068      4.26347
  0.00961429      7.16673
  0.00972299      9.95721
  0.00983293      12.5735
   0.0099441      15.0032
   0.0100565      17.2003
   0.0101702      19.1361
   0.0102852      20.7824
   0.0104015      22.1104
   0.0105191      23.1008
   0.0106381      23.7359
   0.0107583       23.998
     0.01088      23.8868
    0.011003      23.3901
   0.0111274      22.5159
   0.0112532      21.2851
   0.0113804      19.6936
   0.0115091      17.7774
   0.0116392      15.5657
   0.0117708      13.0936
   0.0119039      10.4001
   0.0120385      7.53379
   0.0121746      4.54952
   0.0123123      1.50251
   0.0124515     -1.54634
   0.0125923      -4.5414
   0.0127347     -7.40983
   0.0128786     -10.0974
   0.0130243     -12.5379
   0.0131715     -14.6834
   0.0133204     -16.4689
   0.0134711     -17.8607
   0.0136234     -18.8139
   0.0137774     -19.3052
   0.0139332     -19.3122
   0.0140907     -18.8325
     0.01425     -17.8728
   0.0144111     -16.4517
   0.0145741     -14.5999
   0.0147389     -12.3707
   0.0149055     -9.81361
    0.015074     -7.00591
   0.0152445     -4.02261
   0.0154168    -0.956158
   0.0155911      2.10536
   0.0157674      5.06038
   0.0159457      7.81673
    0.016126       10.277
   0.0163083      12.3614
   0.0164927      13.9871
   0.0166792      15.0991
   0.0168678      15.6462
   0.0170585       15.608
   0.0172514      14.9754
   0.0174464      13.7726
   0.0176437      12.0357
   0.0178432      9.83716
   0.0180449      7.25698
   0.0182489      4.40815
   0.0184553      1.40592
   0.0186639       -1.612
    0.018875     -4.51105
   0.0190884     -7.15391
   0.0193042     -9.41013
   0.0195225     -11.1671
   0.0197432     -12.3302
   0.0199664     -12.8326
   0.0201922     -12.6432
   0.0204205     -11.7592
   0.0206513      -10.227
   0.0208848     -8.11788
    0.021121     -5.55118
   0.0213598     -2.66673
   0.0216013     0.363341
   0.0218455      3.35918
   0.0220925      6.12966
   0.0223423      8.49875
   0.0225949       10.302
   0.0228504      11.4164
   0.0231088      11.7511
     0.02337      11.2773
   0.0236343      10.0116
   0.0239015      8.04004
   0.0241717      5.49298
    0.024445      2.55981
   0.0247214    -0.543298
   0.0250009     -3.57006
   0.0252836     -6.28049
   0.0255695      -8.4444
   0.0258586     -9.87751
   0.0261509      -10.446
   0.0264466     -10.0945
   0.0267456      -8.8431
    0.027048     -6.80221
   0.0273539     -4.15511
   0.0276631     -1.15568
   0.0279759       1.9039
   0.0282922      4.71057
   0.0286121      6.97177
   0.0289356      8.43852
   0.0292628      8.94473
   0.0295936      8.42102
   0.0299282      6.91748
   0.0302666      4.59601
   0.0306088      1.72584
   0.0309549     -1.35154
   0.0313049     -4.25278
   0.0316589     -6.60721
   0.0320168     -8.09806
   0.0323788     -8.51615
   0.0327449     -7.78635
   0.0331151     -5.99437
   0.0334896      -3.3753
   0.0338682    -0.296593
   0.0342511      2.79737
   0.0346384      5.44034
     0.03503       7.2235
   0.0354261      7.85629
   0.0358267      7.22758
   0.0362317      5.42769
   0.0366414      2.75152
   0.0370557    -0.348225
   0.0374746     -3.32512
   0.0378983     -5.64019
   0.0383268     -6.85564
   0.0387602     -6.73066
   0.0391984     -5.27286
   0.0396416      -2.7578
   0.0400898     0.318151
   0.0405431      3.32166
   0.0410015      5.61542
   0.0414651      6.68971
   0.0419339      6.28934
   0.0424081      4.48006
   0.0428875      1.65808
   0.0433725     -1.53057
   0.0438628     -4.32565
   0.0443588     -6.04024
   0.0448603     -6.23234
   0.0453675     -4.83907
   0.0458805     -2.20913
   0.0463992     0.962156
   0.0469239      3.81045
   0.0474544      5.53116
   0.0479909      5.62041
   0.0485336       4.0352
   0.0490823       1.2382
   0.0496373     -1.92139
   0.0501985     -4.44803
   0.0507661     -5.51745
     0.05134     -4.75289
   0.0519205     -2.38284
   0.0525076      0.80719
   0.0531012      3.71349
   0.0537016      5.29656
   0.0543088      4.96159
   0.0549229      2.81138
   0.0555438    -0.356996
   0.0561718     -3.32009
    0.056807      -4.8971
   0.0574492     -4.43107
   0.0580988     -2.09742
   0.0587557      1.12729
     0.05942      3.84184
   0.0600919      4.82508
   0.0607713      3.59969
   0.0614584     0.701394
   0.0621533     -2.52082
    0.062856      -4.5099
   0.0635667     -4.26599
   0.0642854     -1.88271
   0.0650123       1.4349
   0.0657473      3.94825
   0.0664907      4.29302
   0.0672425      2.25897
   0.0680028     -1.02731
   0.0687716     -3.67346
   0.0695492     -4.09758
   0.0703356     -1.99932
   0.0711308       1.3762
   0.0719351      3.93244
   0.0727484      4.01658
   0.0735709      1.53352
   0.0744028      -1.8994
    0.075244     -3.95617
   0.0760947      -3.1884
   0.0769551    -0.109968
   0.0778252      3.06061
   0.0787051      3.95512
    0.079595      1.84961
    0.080495     -1.67161
   0.0814051     -3.83593
   0.0823255     -2.85832
   0.0832563     0.518723
   0.0841976      3.49881
   0.0851496      3.51869
   0.0861124      0.52154
    0.087086     -2.83916
   0.0880707     -3.47146
   0.0890664    -0.719665
   0.0900735       2.8542
   0.0910919      3.77208
   0.0921218      1.05105
   0.0931634     -2.63718
   0.0942167     -3.50949
    0.095282     -0.60693
   0.0963593      2.99262
   0.0974488      3.32208
   0.0985506   -0.0604315
   0.0996649     -3.33558
    0.100792     -2.63237
    0.101931      1.34177
    0.103084      3.86204
    0.104249      1.80637
    0.105428     -2.28398
     0.10662     -3.13157
    0.107826     0.474756
    0.109045      3.78472
    0.110278      2.22549
    0.111524     -2.16521
    0.112785      -3.2104
    0.114061     0.689313
     0.11535      3.87498
    0.116655      1.52756
    0.117973     -2.83428
    0.119307     -2.33047
    0.120656      2.44613
     0.12202      3.87921
      0.1234    -0.466787
    0.124795     -3.33969
    0.126206     0.309683
    0.127633      4.26329
    0.129076      1.41413
    0.130536     -3.24261
    0.132012     -1.03785
    0.133504      4.16616
    0.135014        2.502
     0.13654     -2.87896
    0.138084     -1.14974
    0.139645      4.61826
    0.141224      2.70498
    0.142821      -3.0791
    0.144436    -0.323957
    0.146069      5.44813
     0.14772       1.5951
    0.149391     -3.44211
     0.15108      2.19333
    0.152788      6.13539
    0.154515    -0.857527
    0.156262     -2.06228
    0.158029      6.24258
    0.159816      4.10333
    0.161623     -3.39438
     0.16345      3.28539
    0.165298      7.99393
    0.167167      -1.4982
    0.169057     0.285616
    0.170969      10.1411
    0.172902      1.88357
    0.174857     -1.56506
    0.176834      11.1622
    0.178833      5.19758
    0.180855     -2.24778
      0.1829      12.5359
    0.184968      8.04609
    0.187059     -1.80585
    0.189174      15.4378
    0.191313      10.0129
    0.193476     -0.36021
    0.195664      20.3223
    0.197876      10.2957
    0.200114      3.39893
    0.202376      27.0463
    0.204664      8.67786
    0.206978      12.2464
    0.209319      33.1321
    0.211685      6.68985
    0.214079      28.6214
    0.216499      33.4505
    0.218947      12.0023
    0.221423      49.1952
    0.223926      27.0145
    0.226458      35.1964
    0.229018      60.0514
    0.231608      28.6419
    0.234226      71.8086
    0.236875       54.445
    0.239553      62.8612
    0.242261      91.8986
    0.245001       65.055
    0.247771      113.654
    0.250572      94.7666
    0.253405      121.206
     0.25627      139.957
    0.259168      135.475
    0.262098       182.62
    0.265062      171.411
    0.268059      219.166
    0.271089      228.766
    0.274154       259.46
    0.277254      299.368
    0.280389      315.261
    0.283559      377.737
    0.286765      393.115
    0.290008      464.592
    0.293287      493.141
    0.296603      563.805
    0.299956      612.385
    0.303348      679.522
    0.306777      748.296
    0.310246      814.132
    0.313754      899.614
    0.317301      968.281
    0.320889      1066.43
    0.324517      1139.96
    0.328186       1244.5
    0.331897      1315.41
    0.335649      1410.32
    0.339444      1444.97
    0.343282      1506.24
    0.347164      1279.75
    0.351089      718.636
    0.355059      478.699
    0.359073      478.639
    0.363133      853.295
    0.367239      1206.23
    0.371391      1142.52
     0.37559      1068.48
    0.379837      965.241
    0.384131      867.392
    0.388474      765.433
    0.392867      675.085
    0.397309      588.214
    0.401801       511.85
    0.406344      440.284
    0.410938      377.221
    0.415584      319.084
    0.420283      268.389
    0.425035      222.951
    0.429841      184.158
    0.434701      150.396
    0.439616       122.38
    0.444586      98.6167
    0.449613      79.2084
    0.454697      63.0634
    0.459838      50.1205
    0.465037      39.4103
    0.470295       30.915
    0.475612      24.0165
     0.48099      18.6132
    0.486428      14.2623
    0.491928      10.9475
     0.49749      8.27025
    0.503115      6.24273
    0.508803      4.67678
    0.514556       3.5041
    0.520374      2.56051
    0.526258      1.92646
    0.532208      1.39852
    0.538225      1.00992
    0.544311     0.740019
    0.550465     0.529699
    0.556689     0.369895
    0.562983     0.287075
    0.569348     0.171234
    0.575786     0.140517
    0.582296    0.0906453
     0.58888    0.0620162
    0.595538    0.0576664
    0.602271    0.0199878
    0.609081    0.0211786
    0.615967    0.0141197
    0.622932   0.00175503
    0.629975    0.0219497
    0.637098  -0.00741251
    0.644301   0.00947933
    0.651586  -0.00300313
    0.658953  -0.00171047
    0.666404  0.000643107
    0.673939  -0.00321416
    0.681558    0.0113626
    0.689264   -0.0101959
    0.697058   0.00824784
    0.704939    -0.009276
    0.712909   0.00628814
     0.72097   -0.0092201
    0.729122   0.00965132
    0.737365    -0.002311
    0.745702   0.00170538
    0.754134   -0.0048278
     0.76266   0.00136432
    0.771283   -0.0011097
    0.780004   0.00320414
    0.788823  -0.00109809
    0.797742   0.00300159
    0.806762   -0.0049075
    0.815883 -0.000394532
    0.825108   0.00351941
    0.834437  0.000654096
    0.843872  -0.00284676
    0.853413  -0.00171206
    0.863062   0.00317294
    0.872821 -0.000320216
    0.882689  0.000963892
    0.892669  -0.00135314
    0.902762  -0.00152003
    0.912969   0.00302625
    0.923292   0.00168141
    0.933731  -0.00470928
    0.944288   0.00162421
    0.954965   0.00240876
    0.965762  -0.00230047
    0.976682  -0.00104115
    0.987725   0.00248353
    0.998892    -0.000395
     1.01019  -0.00235422
     1.02161   0.00141267
     1.03316 -0.000334313
     1.04484  -0.00139666
     1.05665  0.000350993
      1.0686   0.00139977
     1.08068 -0.000461786
      1.0929   -0.0025145
     1.10526   0.00251137
     1.11776   0.00164883
     1.13039  -0.00284951
     1.14317   0.00180892
      1.1561  -0.00233511
     1.16917   0.00362198
     1.18239 -0.000841382
     1.19576 -0.000567401
     1.20928  0.000423285
     1.22295  9.97023e-05
     1.23678  0.000881798
     1.25076  -0.00245892
      1.2649   0.00146794
     1.27921 -0.000768495
     1.29367  0.000784701
      1.3083 -0.000109502
     1.32309   -0.0015041
     1.33805  0.000793845
     1.35318   0.00124912
     1.36848  -0.00195239
     1.38395  0.000939322
      1.3996  0.000446324
     1.41542 -0.000848226
     1.43143 -0.000604397
     1.44761   0.00039981
     1.46398 -0.000203384
     1.48053 -0.000539656
     1.49727   0.00127149
      1.5142  -0.00148887
     1.53132  0.000796297
     1.54863  5.37322e-05
     1.56614  1.22264e-05
     1.58385   0.00063217
     1.60176 -8.12134e-06
     1.61987  0.000343164
     1.63818 -0.000741192
     1.65671   0.00106961
     1.67544 -0.000213761
     1.69438  -0.00073536
     1.71354  0.000961572
     1.73291  -0.00113179
     1.75251  4.11692e-05
     1.77232  0.000697089
     1.79236 -0.000730258
     1.81262 -0.000158672
     1.83312  0.000412812
     1.85384 -0.000573221
     1.87481   0.00053154
       1.896 -0.000283361
     1.91744 -0.000247321
     1.93912  0.000219524
     1.96104  2.00053e-05
     1.98322 -5.40901e-05
     2.00564 -2.75837e-05
     2.02832 -3.66626e-05
     2.05125  0.000375889
     2.07444   0.00023593
      2.0979 -0.000179154
     2.12162  4.36474e-05
     2.14561 -0.000204334
     2.16987  0.000210952
      2.1944 -0.000653675
     2.21921  0.000373115
      2.2443 -0.000416448
     2.26968  0.000573037
     2.29534 -0.000522685
     2.32129  0.000502507
     2.34754 -8.20759e-05
     2.37408  0.000156567
     2.40092 -0.000327424
     2.42807  0.000157174
     2.45552 -5.51593e-05
     2.48328 -0.000203906
     2.51136  5.47896e-06
     2.53976 -2.70738e-05
     2.56847 -6.96186e-05
     2.59751 -0.000144478
     2.62688  0.000280575
     2.65658  1.46352e-05
     2.68662  2.94693e-06
       2.717  9.76631e-05
     2.74772 -2.41497e-07
     2.77878 -0.000142552
      2.8102  3.62847e-05
     2.84198 -4.42401e-05
     2.87411 -0.000133181
      2.9066  2.94927e-05
     2.93947 -3.50051e-05
      2.9727 -9.96973e-05
     3.00631  0.000178339
      3.0403  9.83475e-05
     3.07468 -8.20918e-05
     3.10944 -5.38243e-05
      3.1446 -0.000114127
     3.18016 -1.49799e-05
     3.21611  8.16231e-05
     3.25248 -0.000156518
     3.28925  4.64571e-05
     3.32644  5.20394e-05
     3.36405 -7.33406e-06
     3.40209  8.47199e-05
     3.44055 -7.65245e-05
     3.47945 -2.80149e-05
     3.51879 -1.64723e-05
     3.55858 -7.47188e-05
     3.59881  7.70932e-05
      3.6395 -0.000123062
     3.68065  1.63639e-05
     3.72227 -5.20126e-06
     3.76436   2.2193e-05
     3.80692 -4.15907e-05
     3.84996  -5.1261e-05
     3.89349  9.94791e-05
     3.93751 -7.02377e-05
     3.98203  7.46213e-06
     4.02705 -0.000111692
     4.07259  1.10599e-05
     4.11863 -1.56654e-05
      4.1652  0.000129043
     4.21229 -3.59646e-06
     4.25992  -3.6738e-05
     4.30809 -7.27111e-05
      4.3568  -2.4194e-05
     4.40606 -2.72765e-05
     4.45587 -1.29864e-05
     4.50625 -3.20891e-05
      4.5572 -9.45087e-06
     4.60873  6.50592e-06
     4.66084  3.74977e-05
     4.71354 -5.53485e-07
     4.76683  5.32721e-06
     4.82073 -3.35133e-05
     4.87523 -1.61301e-05
     4.93035 -4.54633e-05
      4.9861 -7.27318e-05
     5.04247 -5.27221e-05
     5.09949  6.01473e-05
     5.15714  8.09951e-05
     5.21545  3.37883e-05
     5.27442 -9.15583e-05
     5.33406 -5.38288e-05
     5.39437  -1.5589e-06
     5.45536 -3.19643e-06
     5.51704 -2.02873e-06
     5.57942  -4.1374e-05
      5.6425 -2.02209e-05
      5.7063 -1.62959e-05
     5.77082  3.51204e-05
     5.83607   1.5757e-05
     5.90205  4.57569e-05
     5.96878 -5.86765e-05
     6.03627 -9.28624e-05
     6.10452 -4.12208e-05
     6.17354  6.20298e-06
     6.24334  7.13762e-05
     6.31393 -1.52416e-05
     6.38532 -1.54895e-05
     6.45752  1.70426e-05
     6.53053 -6.59148e-05
     6.60437 -3.81441e-05
     6.67904   1.1995e-05
     6.75456  2.89742e-06
     6.83093 -3.66962e-05
     6.90816  3.60576e-05
     6.98627  3.71739e-06
     7.06526 -6.58902e-05
     7.14514  5.22316e-06
     7.22593 -1.87817e-05
     7.30763 -5.25935e-05
     7.39025  4.06297e-05
     7.47381 -2.51318e-06
     7.55831  -1.1527e-05
     7.64377   1.4269e-05
      7.7302  -7.5068e-05
      7.8176 -5.21446e-05
     7.90599  7.91958e-05
     7.99538 -3.78869e-05
     8.08578 -9.71021e-06
      8.1772 -3.46016e-05
     8.26966  2.34313e-05
     8.36316  5.86202e-06
     8.45772 -0.000101094
     8.55334  3.04945e-05
     8.65005  4.15824e-05
     8.74785 -4.57765e-05
     8.84676 -2.36276e-05
     8.94679 -2.70804e-05
     9.04795  1.04426e-05
     9.15025  -1.6323e-05
      9.2537 -9.63388e-06
     9.35833  2.11273e-05
     9.46414  -6.8162e-05
     9.57115  1.17901e-05
     9.67936  -1.4909e-05
      9.7888  3.64607e-06
     9.89948 -1.87593e-05
     10.0114 -7.14211e-06
     10.1246 -1.51333e-05
     10.2391 -1.89536e-05
     10.3548  5.31229e-06
     10.4719 -1.17733e-05
     10.5903 -2.48928e-05
     10.7101  9.88725e-07
     10.8312 -2.38038e-05
     10.9536 -1.10047e-05
     11.0775 -5.40176e-06
     11.2027 -8.92217e-06
     11.3294 -1.87618e-05
     11.4575 -2.00981e-05
      11.587 -1.66162e-06
      11.718 -3.48415e-06
     11.8505 -2.39211e-05
     11.9845 -2.48454e-06
       12.12 -2.62699e-05
      12.257  9.09069e-06
     12.3956  -2.1755e-05
     12.5358 -1.59837e-05
     12.6775 -7.74302e-06
     12.8209 -9.14354e-06
     12.9658 -1.03674e-05
     13.1124 -2.24516e-05
     13.2607  5.00344e-06
     13.4106 -2.40356e-05
     13.5622 -1.06324e-06
     13.7156 -1.13261e-05
     13.8707 -1.85679e-05
     14.0275 -5.20976e-06
     14.1861 -1.29516e-05
     14.3465 -7.64986e-06
     14.5087 -1.91358e-05
     14.6727 -8.01847e-06
     14.8386 -8.19656e-06
     15.0064 -1.66689e-05
     15.1761 -1.27833e-05
     15.3477 -6.21287e-06
     15.5212  -1.8289e-05
     15.6967 -1.01862e-05
     15.8742 -1.23386e-05
     16.0536 -1.04577e-05
     16.2351 -1.24091e-05
     16.4187  -1.1568e-05
     16.6043 -9.05148e-06
     16.7921 -1.15189e-05
     16.9819 -1.01281e-05
      17.174 -1.31648e-05
     17.3681 -5.85197e-06
     17.5645 -1.87614e-05
     17.7631 -5.50343e-06
     17.9639 -1.19678e-05
      18.167 -1.71626e-05
     18.3725 -4.57943e-06
     18.5802  -1.3288e-05
     18.7903 -1.79166e-05
     19.0027  9.62415e-08
     19.2176 -2.13294e-05
     19.4349 -8.48793e-06
     19.6546 -7.63962e-06
     19.8768   -1.895e-05
     20.1016 -4.63903e-06
     20.3288 -1.50893e-05
     20.5587 -1.20136e-05
     20.7911 -7.82383e-06
     21.0262 -1.65449e-05
     21.2639 -7.06932e-06
     21.5044 -1.37691e-05
     21.7475 -1.05135e-05
     21.9934 -9.34066e-06
     22.2421 -1.62107e-05
     22.4935 -5.62435e-06
     22.7479 -1.57091e-05
     23.0051 -8.39149e-06
     23.2652 -1.28683e-05
     23.5282 -1.04849e-05
     23.7942 -1.17971e-05
     24.0633 -1.23755e-05
     24.3353 -1.09714e-05
     24.6105 -1.17386e-05
     24.8888 -1.03231e-05
     25.1702 -1.27682e-05
     25.4547 -1.02505e-05
     25.7425 -1.15004e-05
     26.0336  -1.1771e-05
      26.328 -1.05832e-05
     26.6256 -1.15561e-05
     26.9267 -1.16408e-05
     27.2311 -1.16231e-05
      27.539 -1.14477e-05
     27.8504 -1.16103e-05
     28.1653 -1.11486e-05
     28.4837 -1.11148e-05
     28.8058 -1.14621e-05
     29.1315 -1.07037e-05
     29.4609 -1.14922e-05
      29.794  -1.1191e-05
     30.1308 -1.12911e-05
     30.4715  -1.1591e-05
      30.816 -1.09711e-05
     31.1644 -1.15542e-05
     31.5168  -1.1407e-05
     31.8731 -1.15336e-05
     32.2335 -1.16481e-05
      32.598 -1.09121e-05
     32.9665 -1.13537e-05
     33.3393 -1.08134e-05
     33.7162 -1.12277e-05
     34.0974 -1.13188e-05
      34.483 -1.14742e-05
     34.8729 -1.15174e-05
     35.2671 -1.10255e-05
     35.6659 -1.12616e-05
     36.0691 -1.11781e-05
      36.477 -1.12374e-05
     36.8894 -1.13744e-05
     37.3065 -1.12536e-05
     37.7283  -1.1422e-05
     38.1549 -1.09643e-05
     38.5863 -1.12495e-05
     39.0225 -1.11683e-05
     39.4638 -1.12445e-05
       39.91 -1.12013e-05
     40.3612 -1.13528e-05
     40.8175 -1.12763e-05
      41.279 -1.10135e-05
     41.7458 -1.09584e-05
     42.2178 -1.12626e-05
     42.6951 -1.12885e-05
     43.1778 -1.11894e-05
      43.666 -1.11923e-05
     44.1597 -1.10035e-05
      44.659 -1.09932e-05
      45.164 -1.12855e-05
     45.6746 -1.13614e-05
      46.191 -1.11089e-05
     46.7133  -1.0933e-05
     47.2415 -1.08442e-05
     47.7756 -1.10786e-05
     48.3158 -1.12399e-05
     48.8621 -1.11764e-05
     49.4145 -1.08763e-05
     49.9732 -1.10903e-05
     50.5383 -1.12839e-05
     51.1097 -1.10035e-05
     51.6875 -1.09547e-05
      52.272 -1.09634e-05
      52.863 -1.08752e-05
     53.4607 -1.09869e-05
     54.0651 -1.09838e-05
     54.6764 -1.10233e-05
     55.2946   -1.103e-05
     55.9198 -1.10435e-05
     56.5521 -1.10139e-05
     57.1915 -1.06177e-05
     57.8381 -1.07625e-05
      58.492 -1.10304e-05
     59.1534 -1.09344e-05
     59.8222  -1.0922e-05
     60.4986  -1.0984e-05
     61.1826 -1.06318e-05
     61.8744 -1.07804e-05
      62.574 -1.09945e-05
     63.2815 -1.08266e-05
      63.997 -1.05567e-05
     64.7205 -1.08017e-05
     65.4523  -1.0802e-05
     66.1923  -1.0833e-05
     66.9408 -1.06822e-05
     67.6976 -1.06471e-05
      68.463 -1.06858e-05
     69.2371 -1.06258e-05
       70.02 -1.06758e-05
     70.8116 -1.07245e-05
     71.6123 -1.05451e-05
      72.422 -1.05174e-05
     73.2408 -1.05612e-05
     74.0689 -1.06639e-05
     74.9064  -1.0456e-05
     75.7533 -1.05391e-05
     76.6098 -1.05419e-05
      77.476 -1.03517e-05
      78.352 -1.05032e-05
     79.2379 -1.04542e-05
     80.1338 -1.03601e-05
     81.0398 -1.04519e-05
     81.9561 -1.02567e-05
     82.8827  -1.0314e-05
     83.8198 -1.03423e-05
     84.7676 -1.02611e-05
      85.726 -1.02667e-05
     86.6952 -1.02223e-05
     87.6755 -1.01356e-05
     88.6668 -1.01767e-05
     89.6693 -1.01891e-05
     90.6831 -1.01205e-05
     91.7084 -1.00138e-05
     92.7454 -1.00963e-05
      93.794 -9.99726e-06
     94.8545 -9.95625e-06
     95.9269 -1.00031e-05
     97.0115 -9.92686e-06
     98.1084 -9.82538e-06
     99.2177  -9.8515e-06
