 0.000992139      1.85248
  0.00100336      1.88544
   0.0010147        1.934
  0.00102617       1.9643
  0.00103778       2.0117
  0.00104951      2.05547
  0.00106138      2.09019
  0.00107338      2.14317
  0.00108551      2.17838
  0.00109779       2.2312
   0.0011102      2.27323
  0.00112275      2.31876
  0.00113544      2.37127
  0.00114828      2.41455
  0.00116127       2.4662
   0.0011744      2.51758
  0.00118767      2.56699
   0.0012011       2.6186
  0.00121468      2.67332
  0.00122842      2.72476
  0.00124231       2.7832
  0.00125635      2.83452
  0.00127056      2.89241
  0.00128492       2.9539
  0.00129945      3.00549
  0.00131414      3.07072
    0.001329      3.12743
  0.00134403      3.19174
  0.00135922      3.25075
  0.00137459      3.31748
  0.00139013      3.37858
  0.00140585      3.44624
  0.00142175       3.5114
  0.00143782      3.57819
  0.00145408      3.64705
  0.00147052      3.71673
  0.00148715      3.78487
  0.00150396      3.85858
  0.00152096      3.92831
  0.00153816      4.00335
  0.00155555      4.07578
  0.00157314       4.1517
  0.00159093      4.22767
  0.00160892       4.3038
  0.00162711      4.38246
   0.0016455      4.46065
  0.00166411      4.54064
  0.00168292      4.62069
  0.00170195      4.70275
   0.0017212      4.78457
  0.00174066      4.86754
  0.00176034      4.95217
  0.00178024       5.0359
  0.00180037      5.12241
  0.00182072      5.20751
  0.00184131      5.29576
  0.00186213      5.38184
  0.00188318      5.47163
  0.00190448      5.55927
  0.00192601      5.64928
  0.00194779      5.73923
  0.00196981      5.82934
  0.00199208      5.92041
   0.0020146      6.01178
  0.00203738       6.1028
  0.00206042      6.19549
  0.00208371      6.28646
  0.00210727      6.37977
   0.0021311      6.47096
  0.00215519       6.5642
  0.00217956      6.65556
  0.00220421      6.74838
  0.00222913      6.83949
  0.00225433      6.93176
  0.00227982      7.02215
   0.0023056       7.1135
  0.00233166      7.20288
  0.00235803      7.29286
  0.00238469      7.38081
  0.00241165      7.46904
  0.00243892      7.55511
  0.00246649       7.6411
  0.00249438      7.72481
  0.00252258      7.80808
  0.00255111      7.88889
  0.00257995      7.96895
  0.00260912      8.04627
  0.00263862      8.12255
  0.00266845      8.19578
  0.00269863      8.26768
  0.00272914      8.33617
  0.00275999      8.40304
   0.0027912      8.46614
  0.00282276      8.52728
  0.00285468      8.58428
  0.00288695      8.63896
  0.00291959      8.68914
   0.0029526      8.73657
  0.00298599      8.77916
  0.00301975      8.81856
  0.00305389      8.85273
  0.00308842      8.88329
  0.00312334      8.90822
  0.00315865      8.92908
  0.00319437      8.94392
  0.00323048      8.95422
  0.00326701      8.95807
  0.00330395      8.95695
   0.0033413      8.94894
  0.00337908      8.93551
  0.00341729      8.91476
  0.00345593      8.88813
    0.003495      8.85377
  0.00353452      8.81308
  0.00357448      8.76425
   0.0036149      8.70866
  0.00365577      8.64455
   0.0036971      8.57326
   0.0037389      8.49309
  0.00378118      8.40537
  0.00382393      8.30843
  0.00386716      8.20359
  0.00391089      8.08927
  0.00395511      7.96675
  0.00399983       7.8345
  0.00404505      7.69382
  0.00409079      7.54325
  0.00413704      7.38409
  0.00418381      7.21494
  0.00423112      7.03712
  0.00427896       6.8493
  0.00432734      6.65282
  0.00437626      6.44644
  0.00442575      6.23153
  0.00447578      6.00691
  0.00452639      5.77401
  0.00457757      5.53173
  0.00462932      5.28155
  0.00468167      5.02246
   0.0047346      4.75599
  0.00478813      4.48125
  0.00484227       4.1998
  0.00489702      3.91086
  0.00495239      3.61607
  0.00500838      3.31475
  0.00506501      3.00861
  0.00512228      2.69708
  0.00518019      2.38193
  0.00523876      2.06273
  0.00529799      1.74132
   0.0053579      1.41736
  0.00541847      1.09278
  0.00547974     0.767357
   0.0055417     0.443073
  0.00560435     0.119826
  0.00566772    -0.200342
   0.0057318    -0.517431
  0.00579661     -0.82935
  0.00586215     -1.13601
  0.00592843     -1.43527
  0.00599546     -1.72697
  0.00606325     -2.00895
   0.0061318       -2.281
  0.00620113     -2.54095
  0.00627124     -2.78856
  0.00634215     -3.02168
  0.00641386     -3.24007
  0.00648637     -3.44164
  0.00655971     -3.62617
  0.00663388     -3.79166
  0.00670889     -3.93796
  0.00678474      -4.0632
  0.00686145     -4.16733
  0.00693903     -4.24865
  0.00701749     -4.30728
  0.00709683     -4.34171
  0.00717707     -4.35226
  0.00725822      -4.3377
  0.00734029     -4.29859
  0.00742328     -4.23398
  0.00750721     -4.14474
  0.00759209     -4.03027
  0.00767793     -3.89178
  0.00776474     -3.72903
  0.00785253      -3.5436
  0.00794132     -3.33567
  0.00803111     -3.10722
  0.00812191     -2.85886
  0.00821374     -2.59297
  0.00830661     -2.31058
  0.00840053     -2.01449
  0.00849551     -1.70615
  0.00859157     -1.38871
  0.00868871     -1.06404
  0.00878695    -0.735598
   0.0088863    -0.405565
  0.00898677   -0.0776817
  0.00908838     0.245653
  0.00919114     0.560537
  0.00929506      0.86445
  0.00940015      1.15346
  0.00950643      1.42507
  0.00961392      1.67546
  0.00972262      1.90233
  0.00983255      2.10214
  0.00994372      2.27296
   0.0100561      2.41174
   0.0101698      2.51708
   0.0102848      2.58663
   0.0104011      2.61974
   0.0105187      2.61489
   0.0106377      2.57236
   0.0107579      2.49166
   0.0108796      2.37412
   0.0110026      2.22038
    0.011127      2.03294
   0.0112528      1.81364
     0.01138      1.56615
   0.0115087      1.29349
   0.0116388      1.00045
   0.0117704     0.691114
   0.0119035     0.371225
   0.0120381    0.0457179
   0.0121742    -0.278976
   0.0123118    -0.597399
    0.012451    -0.902817
   0.0125918     -1.18968
   0.0127342     -1.45141
   0.0128782     -1.68288
   0.0130238     -1.87823
    0.013171     -2.03331
   0.0133199     -2.14353
   0.0134705     -2.20628
   0.0136228     -2.21881
   0.0137769     -2.18054
   0.0139326     -2.09099
   0.0140902       -1.952
   0.0142495     -1.76563
   0.0144106     -1.53631
   0.0145735     -1.26867
   0.0147383    -0.969613
   0.0149049    -0.646093
   0.0150735     -0.30706
   0.0152439    0.0388208
   0.0154162     0.381313
   0.0155905     0.710956
   0.0157668      1.01729
   0.0159451      1.29126
   0.0161254      1.52347
   0.0163077      1.70658
   0.0164921      1.83363
   0.0166785      1.90033
   0.0168671      1.90336
   0.0170578      1.84256
   0.0172507      1.71912
   0.0174457      1.53761
    0.017643      1.30404
   0.0178425      1.02762
   0.0180442     0.718658
   0.0182482     0.390136
   0.0184546    0.0553392
   0.0186632    -0.270752
   0.0188742    -0.573981
   0.0190876    -0.839787
   0.0193034     -1.05579
   0.0195217      -1.2106
   0.0197424     -1.29638
   0.0199656     -1.30747
   0.0201914     -1.24282
   0.0204197     -1.10433
   0.0206506    -0.898858
    0.020884    -0.636253
   0.0211202    -0.330835
    0.021359   0.00101086
   0.0216005     0.339843
   0.0218447     0.665982
   0.0220917     0.958892
   0.0223415      1.20024
   0.0225941       1.3734
   0.0228495      1.46647
   0.0231079      1.47154
   0.0233691      1.38728
   0.0236334      1.21766
   0.0239006      0.97372
   0.0241708     0.671462
   0.0244441     0.332669
   0.0247205   -0.0181586
       0.025    -0.353826
   0.0252826    -0.648204
   0.0255685    -0.876708
   0.0258576     -1.02017
   0.0261499      -1.0651
   0.0264456      -1.0069
   0.0267446    -0.849087
    0.027047    -0.605175
   0.0273528    -0.296261
   0.0276621    0.0488511
   0.0279748     0.397725
   0.0282911     0.715658
    0.028611     0.970796
   0.0289345      1.13598
   0.0292617      1.19361
   0.0295925      1.13647
   0.0299271     0.970838
   0.0302655     0.714859
   0.0306077     0.398792
   0.0309537    0.0604214
   0.0313037    -0.257503
   0.0316576    -0.513988
   0.0320156    -0.673544
   0.0323776    -0.712803
   0.0327436    -0.622761
   0.0331139    -0.412491
   0.0334883     -0.10733
   0.0338669     0.252172
   0.0342498     0.616894
   0.0346371     0.934388
   0.0350287      1.15831
   0.0354247      1.25441
   0.0358253      1.20833
   0.0362303       1.0275
     0.03664     0.742754
   0.0370542     0.402814
   0.0374732    0.0683947
   0.0378969    -0.199545
   0.0383254     -0.34935
   0.0387587    -0.350443
   0.0391969    -0.198798
   0.0396401    0.0791731
   0.0400883     0.431737
   0.0405416     0.789393
   0.0409999      1.07997
   0.0414635      1.24235
   0.0419323      1.24204
   0.0424064      1.07892
   0.0428859     0.790822
   0.0433708     0.445386
   0.0438612     0.127278
   0.0443571   -0.0829975
   0.0448586    -0.127776
   0.0453658    0.0102486
   0.0458787     0.302812
   0.0463975     0.679457
   0.0469221      1.04588
   0.0474526      1.30722
   0.0479891      1.39655
   0.0485317      1.29434
   0.0490804       1.0384
   0.0496354     0.714106
   0.0501966     0.432011
   0.0507641     0.292598
   0.0513381     0.354598
   0.0519185     0.611521
   0.0525055     0.991707
   0.0530992      1.37785
   0.0536996      1.64752
   0.0543067      1.71559
   0.0549207      1.56942
   0.0555417      1.27613
   0.0561697     0.962784
   0.0568048     0.768068
    0.057447     0.788637
   0.0580966      1.03545
   0.0587534      1.42612
   0.0594177      1.81383
   0.0600895      2.05017
   0.0607689      2.05052
    0.061456      1.83827
   0.0621509      1.53847
   0.0628536      1.32514
   0.0635643      1.33709
   0.0642829      1.60799
   0.0650098       2.0417
   0.0657448      2.45707
   0.0664881       2.6786
   0.0672399      2.63436
   0.0680001      2.40034
    0.068769      2.16684
   0.0695465      2.13208
   0.0703329      2.38594
   0.0711281      2.84734
   0.0719323      3.30675
   0.0727456      3.55059
   0.0735681      3.50169
   0.0743999      3.27693
   0.0752411      3.12125
   0.0760918      3.24418
   0.0769522      3.67198
   0.0778222      4.21716
   0.0787021      4.60706
    0.079592      4.68348
   0.0804919       4.5337
    0.081402      4.43497
   0.0823223      4.64535
   0.0832531      5.18958
   0.0841944       5.8267
   0.0851464      6.23866
   0.0861091      6.30539
   0.0870827        6.222
   0.0880673      6.34228
    0.089063      6.85834
     0.09007      7.61126
   0.0910884      8.22272
   0.0921183      8.45857
   0.0931598      8.47358
   0.0942131      8.68015
   0.0952783      9.33199
   0.0963556      10.2474
   0.0974451      10.9819
   0.0985468      11.3127
   0.0996611      11.5065
    0.100788      12.0446
    0.101927      13.0669
     0.10308      14.1849
    0.104245      14.9279
    0.105424      15.3333
    0.106616      15.9311
    0.107821      17.0887
    0.109041      18.5138
    0.110273       19.619
     0.11152      20.3223
    0.112781      21.2048
    0.114056      22.7215
    0.115346      24.5367
     0.11665      25.9838
    0.117969      27.0724
    0.119303      28.5206
    0.120652      30.6704
    0.122016       32.917
    0.123395      34.6562
    0.124791       36.306
    0.126202      38.6691
    0.127628      41.5697
    0.129071      44.1226
    0.130531      46.3045
    0.132007        49.07
    0.133499      52.6328
    0.135009      56.0235
    0.136535      58.9098
    0.138079       62.309
     0.13964      66.6234
    0.141219      70.7803
    0.142816      74.3894
     0.14443      78.6403
    0.146063      83.8364
    0.147715      88.6746
    0.149385      93.0786
    0.151074      98.4825
    0.152782      104.595
    0.154509      109.959
    0.156256      115.388
    0.158023      122.158
     0.15981      128.837
    0.161617      134.706
    0.163444      141.704
    0.165292       149.54
    0.167161      156.205
    0.169051      163.257
    0.170962       171.76
    0.172895      179.011
     0.17485      185.669
    0.176827      193.945
    0.178826      200.653
    0.180848      205.556
    0.182893      211.836
    0.184961      215.303
    0.187052      215.247
    0.189167       216.17
    0.191306      211.174
    0.193469      201.995
    0.195656      196.996
    0.197869      168.991
    0.200106      104.908
    0.202368      50.6025
    0.204656      27.8703
     0.20697      24.8127
    0.209311      47.5005
    0.211677      89.2301
     0.21407      149.192
    0.216491      225.546
    0.218939      266.134
    0.221414       264.84
    0.223917      262.678
    0.226449       255.36
     0.22901      242.684
    0.231599      229.941
    0.234217      212.956
    0.236866      197.653
    0.239544      180.647
    0.242252      164.861
    0.244991      149.588
    0.247761      134.663
    0.250563      121.504
    0.253396      108.187
    0.256261      96.9695
    0.259158      85.5019
    0.262088      75.9633
    0.265051      66.3411
    0.268048      58.3341
    0.271079      50.4646
    0.274144      43.8782
    0.277244      37.5774
    0.280378      32.2904
    0.283548      27.3888
    0.286754         23.3
    0.289996      19.6016
    0.293275      16.5174
    0.296591      13.7749
    0.299945      11.5073
    0.303336      9.53663
    0.306766      7.91663
    0.310234      6.50988
    0.313742      5.35092
    0.317289      4.36464
    0.320877      3.56863
    0.324505      2.89305
    0.328174      2.33883
    0.331884      1.86984
    0.335637      1.50107
    0.339431       1.1997
    0.343269      0.95701
     0.34715     0.748733
    0.351075     0.587226
    0.355045     0.461658
    0.359059     0.365168
    0.363119      0.27875
    0.367225     0.211525
    0.371377     0.164721
    0.375576     0.132939
    0.379822    0.0992009
    0.384117    0.0709506
     0.38846    0.0553231
    0.392852    0.0476324
    0.397293     0.031516
    0.401785    0.0189284
    0.406328    0.0189474
    0.410922    0.0184206
    0.415569   0.00701967
    0.420267   0.00356932
    0.425019   0.00908587
    0.429824   0.00535126
    0.434684  -0.00251726
    0.439599   0.00304494
    0.444569   0.00568478
    0.449596  -0.00211956
    0.454679 -0.000998934
     0.45982   0.00535088
    0.465019 -0.000464287
    0.470277  -0.00303776
    0.475594   0.00269238
    0.480971  0.000207318
    0.486409  -0.00316322
    0.491909   0.00258562
    0.497471   0.00124594
    0.503096  -0.00287408
    0.508784   0.00240269
    0.514536   0.00132212
    0.520354  -0.00396352
    0.526237   0.00202244
    0.532187  0.000581928
    0.538205  -0.00278284
     0.54429   0.00384302
    0.550444  -0.00127653
    0.556667  -0.00176409
    0.562961   0.00303153
    0.569327  -0.00381821
    0.575764   0.00221556
    0.582274  0.000988474
    0.588857  -0.00240189
    0.595515   0.00318464
    0.602248  -0.00307138
    0.609057   0.00127243
    0.615944  0.000776227
    0.622908  -0.00227789
    0.629951   0.00249227
    0.637073  -0.00208123
    0.644277   0.00227487
    0.651561  -0.00116125
    0.658928 -0.000557155
    0.666378   0.00101132
    0.673913  -0.00189597
    0.681532   0.00262087
    0.689238  -0.00253986
    0.697031   0.00241346
    0.704912  -0.00250088
    0.712882   0.00224406
    0.720942  -0.00187454
    0.729094   0.00141693
    0.737337  -0.00112873
    0.745674  0.000946145
    0.754105 -0.000866619
    0.762631  0.000709838
    0.771254 -0.000439934
    0.779974  0.000313547
    0.788793 -0.000465178
    0.797711  0.000557701
    0.806731 -0.000482967
    0.815852  8.91977e-05
    0.825076  0.000156897
    0.834405  0.000119125
    0.843839 -0.000257568
     0.85338  5.36947e-05
    0.863029 -1.41997e-05
    0.872787  0.000166203
    0.882655  0.000127524
    0.892635 -0.000312053
    0.902728 -4.26049e-05
    0.912934  3.50078e-05
    0.923256  0.000272699
    0.933695 -0.000211683
    0.944252  -8.8041e-05
    0.954928  0.000134945
    0.965725  7.10729e-05
    0.976644  8.99678e-05
    0.987687 -0.000275867
    0.998854  0.000121907
     1.01015 -7.44216e-05
     1.02157  0.000143453
     1.03312 -2.48252e-05
      1.0448 -4.90892e-06
     1.05661  4.15175e-05
     1.06856  4.55806e-05
     1.08064 -7.67528e-05
     1.09286 -2.19217e-05
     1.10522  0.000144678
     1.11771 -0.000221573
     1.13035  3.34705e-05
     1.14313   0.00014473
     1.15606  6.08836e-05
     1.16913 -0.000261276
     1.18234  9.13169e-06
     1.19571   0.00017463
     1.20923 -6.71315e-05
      1.2229 -5.30321e-05
     1.23673  6.66078e-05
     1.25071 -5.53068e-05
     1.26486  9.32878e-05
     1.27916 -6.44474e-05
     1.29362  -6.4949e-05
     1.30825 -4.32769e-05
     1.32304  0.000135772
       1.338  3.26865e-05
     1.35313  -0.00011335
     1.36842 -2.03047e-05
      1.3839  0.000142018
     1.39954 -0.000187554
     1.41537  2.72117e-05
     1.43137   8.3121e-05
     1.44755  7.86793e-05
     1.46392 -0.000135521
     1.48047  5.01586e-05
     1.49721   2.6217e-05
     1.51414  4.58931e-05
     1.53126 -9.24025e-05
     1.54857  0.000113898
     1.56608 -5.16349e-05
     1.58379 -0.000139469
      1.6017  0.000120131
     1.61981 -3.64567e-05
     1.63812  2.86735e-05
     1.65664 -4.17004e-05
     1.67537  5.78106e-06
     1.69432  2.64769e-05
     1.71347 -1.80086e-05
     1.73285  8.09511e-05
     1.75244 -3.42529e-05
     1.77225 -4.36611e-05
     1.79229  2.62277e-05
     1.81255  1.40697e-05
     1.83305 -5.79855e-06
     1.85377 -3.55179e-05
     1.87473    1.136e-05
     1.89593 -5.74819e-05
     1.91737  0.000102584
     1.93905 -6.37605e-05
     1.96097  4.35028e-05
     1.98314 -4.85333e-05
     2.00556  5.34675e-05
     2.02824 -2.79272e-05
     2.05117 -2.30744e-05
     2.07436  2.20874e-05
     2.09782 -3.60661e-05
     2.12154  7.99039e-05
     2.14552 -8.83635e-05
     2.16978  7.06887e-05
     2.19431  -3.1221e-05
     2.21912  5.01092e-05
     2.24422 -4.58474e-05
     2.26959  7.39728e-06
     2.29525   1.4438e-05
      2.3212 -7.46553e-06
     2.34745 -1.65741e-05
     2.37399  7.47876e-06
     2.40083 -2.34283e-07
     2.42798   6.5012e-06
     2.45543 -2.81687e-05
     2.48319  3.44488e-05
     2.51127 -2.20018e-05
     2.53966  4.93133e-08
     2.56837 -6.65411e-06
     2.59741  2.53152e-05
     2.62678 -2.56363e-05
     2.65648  1.65995e-05
     2.68652  4.94103e-06
     2.71689  -1.6033e-06
     2.74761 -5.96546e-06
     2.77868  2.45705e-05
     2.81009 -1.89671e-05
     2.84187 -5.63732e-06
       2.874  5.48013e-06
     2.90649 -9.50142e-06
     2.93935 -5.89388e-06
     2.97259  1.68648e-05
      3.0062 -1.36038e-05
     3.04019  4.23316e-06
     3.07456  8.43092e-06
     3.10932 -1.21133e-05
     3.14448  9.78007e-06
     3.18003  7.06653e-06
     3.21599 -1.68833e-05
     3.25235  1.21408e-05
     3.28912 -1.87735e-06
     3.32631  -2.4492e-06
     3.36392  8.71193e-06
     3.40196 -1.76295e-05
     3.44042  1.14204e-05
     3.47932 -7.70231e-06
     3.51866 -1.98206e-06
     3.55844  8.13674e-06
     3.59868  -2.2892e-06
     3.63936   1.4467e-05
     3.68051 -1.22288e-05
     3.72213 -8.90023e-07
     3.76421  2.27713e-06
     3.80677 -7.07663e-06
     3.84981  3.46681e-06
     3.89334 -5.39945e-06
     3.93736  9.51433e-06
     3.98188 -5.84431e-06
      4.0269  8.07704e-06
     4.07243 -6.39168e-06
     4.11847  3.38753e-06
     4.16504 -3.25069e-06
     4.21213  3.35385e-06
     4.25976 -9.41618e-07
     4.30792  2.84199e-06
     4.35663 -6.45859e-06
     4.40589 -1.44168e-06
      4.4557  4.38518e-07
     4.50608  5.90701e-06
     4.55703  1.36437e-06
     4.60855 -4.42523e-06
     4.66066  -4.5281e-06
     4.71336  3.08935e-07
     4.76665  9.06688e-06
     4.82054  2.05041e-07
     4.87504 -1.70569e-06
     4.93016 -3.32518e-06
     4.98591 -1.80984e-06
     5.04228  1.00513e-06
     5.09929  7.18266e-07
     5.15695 -3.22086e-06
     5.21525  1.78807e-06
     5.27422  4.49762e-06
     5.33385  5.44077e-06
     5.39416 -3.80251e-06
     5.45515 -6.73938e-06
     5.51683   1.2426e-07
     5.57921 -9.29523e-07
     5.64229 -1.34299e-07
     5.70608  2.66723e-06
      5.7706  3.67479e-06
     5.83584  1.24058e-06
     5.90183 -7.15459e-07
     5.96856 -3.43073e-06
     6.03604 -2.59759e-06
     6.10429 -4.42521e-07
      6.1733  2.35118e-06
      6.2431 -5.78352e-07
     6.31369  3.43489e-06
     6.38508  1.86902e-06
     6.45727 -4.44767e-06
     6.53028  2.01807e-06
     6.60411 -2.75139e-06
     6.67878 -2.17275e-06
      6.7543  2.05255e-06
     6.83066  5.46598e-06
      6.9079 -4.13507e-06
       6.986  2.52487e-07
     7.06499  9.26219e-07
     7.14487 -2.47844e-06
     7.22565 -1.58768e-06
     7.30735  5.39598e-06
     7.38997 -2.07749e-06
     7.47352 -1.52983e-06
     7.55802  2.62473e-06
     7.64348 -1.71756e-06
      7.7299  1.31024e-06
      7.8173 -7.31873e-07
     7.90569 -3.36869e-06
     7.99507   4.3203e-06
     8.08547 -1.45361e-06
     8.17689  1.38423e-06
     8.26934  4.44839e-08
     8.36284 -3.65465e-06
     8.45739  3.05342e-06
     8.55301 -1.28027e-06
     8.64972  1.52354e-06
     8.74752  2.47955e-08
     8.84642 -1.79098e-06
     8.94644  1.38624e-06
      9.0476 -1.44524e-06
     9.14989  3.46803e-07
     9.25335  2.61639e-06
     9.35797 -2.79475e-06
     9.46378  1.85909e-06
     9.57078 -2.82485e-06
     9.67899  2.28292e-06
     9.78843 -1.73843e-07
      9.8991  2.62954e-08
      10.011 -4.81671e-07
     10.1242 -5.88173e-07
     10.2387  1.24172e-06
     10.3544 -4.77177e-07
     10.4715 -1.54359e-07
     10.5899  7.13732e-08
     10.7097 -1.49198e-07
     10.8307  6.93615e-07
     10.9532 -1.29973e-06
      11.077  1.28552e-06
     11.2023 -6.71189e-07
     11.3289  9.65528e-07
      11.457 -1.56675e-06
     11.5866  6.07401e-07
     11.7176  7.99221e-07
     11.8501 -4.93505e-07
      11.984 -6.55322e-07
     12.1195  3.11718e-07
     12.2566  8.94475e-07
     12.3952 -9.13189e-07
     12.5353 -1.90126e-08
      12.677  4.48571e-07
     12.8204 -2.31124e-08
     12.9653  -2.5638e-07
     13.1119  -1.6203e-09
     13.2602  2.00019e-07
     13.4101 -7.69042e-08
     13.5617 -1.51557e-07
      13.715  2.74768e-07
     13.8701 -5.75478e-08
     14.0269 -4.89465e-07
     14.1855  6.91432e-07
     14.3459 -1.57245e-07
     14.5081 -4.57225e-07
     14.6722  5.07756e-07
     14.8381 -7.20935e-08
     15.0058 -2.51066e-07
     15.1755  1.70579e-07
     15.3471  1.63244e-08
     15.5206 -2.35587e-08
     15.6961 -9.62122e-08
     15.8735  1.97537e-07
      16.053 -1.06214e-07
     16.2345  8.67052e-09
     16.4181  1.25371e-08
     16.6037 -7.98251e-08
     16.7914  1.43877e-07
     16.9813 -1.34734e-07
     17.1733  6.98174e-08
     17.3675  4.11864e-08
     17.5638  -6.0193e-08
     17.7624  -1.1341e-07
     17.9632  4.13968e-07
     18.1663 -6.25332e-07
     18.3717  5.84431e-07
     18.5795 -2.02271e-07
     18.7895 -2.88458e-07
      19.002  5.76693e-07
     19.2168 -5.21144e-07
     19.4341  2.13862e-07
     19.6538  1.59389e-07
     19.8761 -3.59931e-07
     20.1008  3.64526e-07
     20.3281 -2.32757e-07
     20.5579  4.64707e-08
     20.7903  1.29678e-07
     21.0254 -1.91225e-07
     21.2631  1.72582e-07
     21.5035 -9.18902e-08
     21.7467 -5.10143e-09
     21.9925  1.20815e-07
     22.2412 -2.28606e-07
     22.4927  2.95086e-07
      22.747 -2.33997e-07
     23.0042  1.51147e-07
     23.2643 -1.11627e-07
     23.5273  8.74815e-08
     23.7933 -2.06742e-08
     24.0623 -8.22185e-09
     24.3344  1.58014e-08
     24.6095 -2.24304e-09
     24.8878  2.81371e-08
     25.1692 -5.18568e-08
     25.4538  5.12289e-08
     25.7416   4.1337e-09
     26.0326  -2.2748e-08
     26.3269  2.04106e-08
     26.6246 -4.07155e-10
     26.9256  6.08768e-09
     27.2301  5.13949e-09
      27.538   8.3619e-09
     27.8493 -3.18181e-09
     28.1642  1.14862e-08
     28.4826  5.87383e-09
     28.8047 -6.39046e-09
     29.1304  2.10362e-08
     29.4597 -6.90076e-09
     29.7928  7.42601e-09
     30.1297  1.15792e-08
     30.4703 -1.13996e-09
     30.8148  1.39115e-08
     31.1632 -5.39116e-09
     31.5156  1.26676e-08
     31.8719  1.01865e-08
     32.2323 -2.12473e-09
     32.5967  1.64908e-08
     32.9653 -3.95141e-09
      33.338  1.46731e-08
     33.7149  1.83151e-09
     34.0961   6.7718e-09
     34.4816  1.17258e-08
     34.8715  4.93935e-09
     35.2658  1.04697e-08
     35.6645  6.43451e-10
     36.0678  1.49492e-08
     36.4756  6.69723e-09
      36.888  2.45145e-09
     37.3051  1.79766e-08
     37.7268   1.6957e-09
     38.1534  1.25215e-08
     38.5848   5.6355e-09
      39.021  1.26128e-08
     39.4622  7.58431e-09
     39.9084  9.60911e-09
     40.3596  1.04973e-08
      40.816  1.10065e-08
     41.2775  1.00062e-08
     41.7442  8.57002e-09
     42.2161  1.16352e-08
     42.6935  1.36955e-08
     43.1762  7.39847e-09
     43.6644  1.45686e-08
      44.158  1.19085e-08
     44.6573  7.96878e-09
     45.1622  1.71134e-08
     45.6729  1.00488e-08
     46.1893   1.4793e-08
     46.7115  1.21034e-08
     47.2397  1.28836e-08
     47.7738  1.42711e-08
     48.3139  1.41147e-08
     48.8602  1.55762e-08
     49.4126  1.35633e-08
     49.9713  1.37656e-08
     50.5363  1.90714e-08
     51.1077   1.2382e-08
     51.6856  1.81761e-08
     52.2699  1.53785e-08
     52.8609  1.72859e-08
     53.4586   1.6729e-08
      54.063  1.83944e-08
     54.6743  1.69112e-08
     55.2925  1.98247e-08
     55.9176  1.69625e-08
     56.5499  2.19888e-08
     57.1893  1.68466e-08
     57.8359  2.12845e-08
     58.4898  2.01871e-08
     59.1511  2.17471e-08
     59.8199  2.00412e-08
     60.4963   2.4053e-08
     61.1803  2.03171e-08
      61.872  2.38528e-08
     62.5716  2.30838e-08
      63.279  2.49659e-08
     63.9945  2.27377e-08
     64.7181  2.63541e-08
     65.4498    2.463e-08
     66.1898  2.69677e-08
     66.9382  2.60712e-08
      67.695  2.74848e-08
     68.4604  2.77978e-08
     69.2345  2.85383e-08
     70.0173  2.88337e-08
     70.8089  3.02943e-08
     71.6095  2.98992e-08
     72.4192  3.13209e-08
      73.238  3.13234e-08
     74.0661  3.30862e-08
     74.9035  3.25408e-08
     75.7504  3.40935e-08
     76.6069  3.47551e-08
      77.473  3.49803e-08
      78.349   3.6305e-08
     79.2348  3.70173e-08
     80.1307  3.73371e-08
     81.0367  3.89825e-08
     81.9529  3.89322e-08
     82.8795  4.03574e-08
     83.8166  4.10634e-08
     84.7643  4.19189e-08
     85.7227  4.28259e-08
     86.6919  4.38704e-08
     87.6721  4.45362e-08
     88.6634  4.57629e-08
     89.6658  4.66042e-08
     90.6797  4.77556e-08
     91.7049  4.84263e-08
     92.7418  4.99027e-08
     93.7904  5.06378e-08
     94.8508  5.18145e-08
     95.9233    5.296e-08
     97.0078  5.40871e-08
     98.1046  5.50862e-08
     99.2139  5.63777e-08
