 0.000992139     -2.72573
  0.00100336     -2.80023
   0.0010147     -2.83838
  0.00102617     -2.92001
  0.00103778     -2.96409
  0.00104951     -3.03274
  0.00106138      -3.0973
  0.00107338     -3.15843
  0.00108551     -3.22706
  0.00109779     -3.29259
   0.0011102     -3.35742
  0.00112275      -3.4364
  0.00113544     -3.49297
  0.00114828      -3.5792
  0.00116127     -3.64179
   0.0011744     -3.72244
  0.00118767     -3.79291
   0.0012011     -3.87791
  0.00121468      -3.9469
  0.00122842     -4.03687
  0.00124231     -4.10645
  0.00125635     -4.20142
  0.00127056     -4.27703
  0.00128492     -4.36422
  0.00129945     -4.45311
  0.00131414     -4.54065
    0.001329      -4.6286
  0.00134403     -4.72239
  0.00135922       -4.813
  0.00137459     -4.90894
  0.00139013     -5.00247
  0.00140585     -5.10247
  0.00142175     -5.19652
  0.00143782     -5.30286
  0.00145408     -5.39788
  0.00147052     -5.50588
  0.00148715      -5.6074
  0.00150396     -5.71562
  0.00152096     -5.82074
  0.00153816     -5.93255
  0.00155555     -6.03982
  0.00157314     -6.15573
  0.00159093     -6.26403
  0.00160892     -6.38482
  0.00162711     -6.49512
   0.0016455     -6.61837
  0.00166411     -6.73226
  0.00168292     -6.85806
  0.00170195     -6.97447
   0.0017212      -7.1028
  0.00174066     -7.22295
  0.00176034     -7.35232
  0.00178024     -7.47619
  0.00180037     -7.60749
  0.00182072     -7.73404
  0.00184131     -7.86718
  0.00186213     -7.99658
  0.00188318     -8.13146
  0.00190448     -8.26263
  0.00192601     -8.40051
  0.00194779     -8.53207
  0.00196981     -8.67267
  0.00199208     -8.80565
   0.0020146     -8.94701
  0.00203738     -9.08231
  0.00206042      -9.2238
  0.00208371      -9.3608
  0.00210727     -9.50266
   0.0021311     -9.64037
  0.00215519     -9.78272
  0.00217956     -9.92045
  0.00220421      -10.063
  0.00222913     -10.2004
  0.00225433     -10.3424
  0.00227982     -10.4791
   0.0023056     -10.6201
  0.00233166     -10.7556
  0.00235803      -10.895
  0.00238469     -11.0286
  0.00241165     -11.1658
  0.00243892      -11.297
  0.00246649     -11.4314
  0.00249438     -11.5594
  0.00252258     -11.6902
  0.00255111     -11.8143
  0.00257995     -11.9407
  0.00260912     -12.0601
  0.00263862     -12.1813
  0.00266845     -12.2951
  0.00269863     -12.4102
  0.00272914     -12.5176
  0.00275999     -12.6255
   0.0027912     -12.7255
  0.00282276     -12.8253
  0.00285468     -12.9168
  0.00288695     -13.0075
  0.00291959     -13.0894
   0.0029526     -13.1698
  0.00298599     -13.2409
  0.00301975     -13.3099
  0.00305389     -13.3691
  0.00308842     -13.4254
  0.00312334     -13.4714
  0.00315865     -13.5137
  0.00319437     -13.5452
  0.00323048     -13.5724
  0.00326701     -13.5881
  0.00330395     -13.5986
   0.0033413     -13.5972
  0.00337908     -13.5899
  0.00341729     -13.5699
  0.00345593     -13.5434
    0.003495     -13.5036
  0.00353452     -13.4565
  0.00357448     -13.3955
   0.0036149     -13.3265
  0.00365577     -13.2431
   0.0036971      -13.151
   0.0037389     -13.0439
  0.00378118     -12.9274
  0.00382393     -12.7955
  0.00386716     -12.6536
  0.00391089     -12.4957
  0.00395511     -12.3274
  0.00399983     -12.1428
  0.00404505     -11.9471
  0.00409079      -11.735
  0.00413704     -11.5114
  0.00418381     -11.2711
  0.00423112     -11.0193
  0.00427896     -10.7505
  0.00432734     -10.4701
  0.00437626     -10.1729
  0.00442575     -9.86402
  0.00447578     -9.53859
  0.00452639      -9.2017
  0.00457757     -8.84865
  0.00462932     -8.48454
  0.00468167     -8.10487
   0.0047346     -7.71474
  0.00478813     -7.30988
  0.00484227      -6.8954
  0.00489702     -6.46723
  0.00495239     -6.03052
  0.00500838     -5.58145
  0.00506501     -5.12517
  0.00512228      -4.6581
  0.00518019     -4.18546
  0.00523876     -3.70387
  0.00529799     -3.21862
   0.0053579     -2.72656
  0.00541847     -2.23303
  0.00547974     -1.73511
   0.0055417      -1.2382
  0.00560435     -0.73959
  0.00566772    -0.244748
   0.0057318     0.248828
  0.00579661     0.735629
  0.00586215      1.21797
  0.00592843      1.69029
  0.00599546      2.15475
  0.00606325      2.60578
   0.0061318      3.04538
  0.00620113      3.46799
  0.00627124      3.87551
  0.00634215      4.26242
  0.00641386      4.63055
  0.00648637      4.97448
  0.00655971      5.29599
  0.00663388       5.5898
  0.00670889      5.85773
  0.00678474      6.09467
  0.00686145      6.30253
  0.00693903      6.47646
  0.00701749      6.61853
  0.00709683      6.72417
  0.00717707       6.7957
  0.00725822      6.82892
  0.00734029      6.82644
  0.00742328      6.78452
  0.00750721      6.70613
  0.00759209      6.58806
  0.00767793      6.43369
  0.00776474       6.2404
  0.00785253      6.01208
  0.00794132      5.74672
  0.00803111      5.44878
  0.00812191      5.11691
  0.00821374      4.75614
  0.00830661      4.36583
  0.00840053       3.9516
  0.00849551      3.51349
  0.00859157      3.05769
  0.00868871      2.58492
  0.00878695      2.10189
   0.0088863      1.60989
  0.00898677      1.11611
  0.00908838     0.622296
  0.00919114     0.135965
  0.00929506    -0.340789
  0.00940015    -0.800301
  0.00950643     -1.24033
  0.00961392     -1.65325
  0.00972262     -2.03692
  0.00983255     -2.38399
  0.00994372     -2.69266
   0.0100561     -2.95617
   0.0101698     -3.17331
   0.0102848      -3.3382
   0.0104011     -3.45056
   0.0105187     -3.50564
   0.0106377     -3.50439
   0.0107579     -3.44348
   0.0108796     -3.32533
   0.0110026     -3.14825
    0.011127     -2.91634
   0.0112528     -2.62971
     0.01138     -2.29426
   0.0115087     -1.91197
   0.0116388     -1.49051
   0.0117704     -1.03364
   0.0119035    -0.550683
   0.0120381   -0.0469829
   0.0121742     0.466821
   0.0123118     0.984194
    0.012451      1.49363
   0.0125918      1.98798
   0.0127342      2.45551
   0.0128782      2.88914
   0.0130238      3.27769
    0.013171      3.61499
   0.0133199      3.89126
   0.0134705      4.10213
   0.0136228      4.24011
   0.0137769      4.30346
   0.0139326      4.28779
   0.0140902      4.19473
   0.0142495      4.02361
   0.0144106      3.77992
   0.0145735      3.46701
   0.0147383      3.09437
   0.0149049      2.66929
   0.0150735      2.20494
   0.0152439      1.71196
   0.0154162      1.20635
   0.0155905      0.70102
   0.0157668     0.213443
   0.0159451     -0.24281
   0.0161254    -0.650579
   0.0163077    -0.997589
   0.0164921     -1.26908
   0.0166785     -1.45618
   0.0168671     -1.54863
   0.0170578     -1.54296
   0.0172507     -1.43516
   0.0174457     -1.22867
    0.017643    -0.926825
   0.0178425    -0.540577
   0.0180442   -0.0807149
   0.0182482     0.434859
   0.0184546      0.98912
   0.0186632      1.55908
   0.0188742      2.12404
   0.0190876      2.65908
   0.0193034       3.1435
   0.0195217      3.55455
   0.0197424      3.87587
   0.0199656      4.09126
   0.0201914       4.1929
   0.0204197      4.17493
   0.0206506      4.04116
    0.020884      3.79823
   0.0211202      3.46264
    0.021359      3.05322
   0.0216005      2.59737
   0.0218447      2.12283
   0.0220917      1.66314
   0.0223415      1.24887
   0.0225941     0.912515
   0.0228495     0.679529
   0.0231079     0.573198
   0.0233691     0.605957
   0.0236334     0.784802
   0.0239006      1.10354
   0.0241708      1.54929
   0.0244441      2.09617
   0.0247205      2.71325
       0.025      3.35983
   0.0252826      3.99482
   0.0255685      4.57323
   0.0258576      5.05645
   0.0261499      5.40912
   0.0264456      5.60913
   0.0267446       5.6437
    0.027047      5.51783
   0.0273528      5.24824
   0.0276621      4.86927
   0.0279748      4.42398
   0.0282911      3.96713
    0.028611      3.55378
   0.0289345      3.24021
   0.0292617      3.07155
   0.0295925      3.08271
   0.0299271      3.28742
   0.0302655      3.68179
   0.0306077      4.23726
   0.0309537      4.90879
   0.0313037      5.63291
   0.0316576      6.34079
   0.0320156      6.96023
   0.0323776       7.4312
   0.0327436       7.7082
   0.0331139      7.77379
   0.0334883      7.63647
   0.0338669      7.33759
   0.0342498      6.94119
   0.0346371      6.53246
   0.0350287      6.19993
   0.0354247       6.0284
   0.0358253      6.07913
   0.0362303      6.38463
     0.03664      6.93534
   0.0370542      7.68467
   0.0374732      8.54852
   0.0378969       9.4239
   0.0383254      10.2001
   0.0387587       10.785
   0.0391969      11.1172
   0.0396401      11.1867
   0.0400883      11.0337
   0.0405416        10.75
   0.0409999      10.4579
   0.0414635      10.2918
   0.0419323      10.3646
   0.0424064      10.7474
   0.0428859      11.4439
   0.0433708      12.3923
   0.0438612      13.4685
   0.0443571      14.5184
   0.0448586      15.3882
   0.0453658      15.9688
   0.0458787      16.2218
   0.0463975      16.2003
   0.0469221       16.035
   0.0474526      15.9101
   0.0479891      16.0091
   0.0485317      16.4682
   0.0490804      17.3273
   0.0496354      18.5176
   0.0501966      19.8699
   0.0507641      21.1672
   0.0513381      22.2057
   0.0519185      22.8695
   0.0525055      23.1701
   0.0530992      23.2581
   0.0536996      23.3743
   0.0543067      23.7763
   0.0549207      24.6391
   0.0555417      25.9906
   0.0561697      27.6844
   0.0568048      29.4523
    0.057447      30.9974
   0.0580966      32.1216
   0.0587534        32.81
   0.0594177      33.2582
   0.0600895      33.7962
   0.0607689      34.7579
    0.061456      36.3228
   0.0621509      38.4284
   0.0628536      40.7775
   0.0635643      42.9742
   0.0642829      44.7102
   0.0650098      45.9374
   0.0657448      46.9084
   0.0664881      48.0731
   0.0672399       49.844
   0.0680001      52.3729
    0.068769      55.4414
   0.0695465      58.5704
   0.0703329      61.2828
   0.0711281      63.4051
   0.0719323      65.1962
   0.0727456      67.2279
   0.0735681       70.036
   0.0743999      73.7738
   0.0752411      78.0771
   0.0760918      82.2894
   0.0769522      85.9031
   0.0778222      88.9533
   0.0787021      92.0361
    0.079592       95.919
   0.0804919      100.965
    0.081402      106.831
   0.0823223      112.689
   0.0832531      117.888
   0.0841944       122.52
   0.0851464      127.426
   0.0861091      133.525
   0.0870827      141.027
   0.0880673      149.184
    0.089063       156.94
     0.09007      163.918
   0.0910884      170.877
   0.0921183      179.069
   0.0931598      189.039
   0.0942131      200.013
   0.0952783       210.63
   0.0963556      220.382
   0.0974451      230.283
   0.0985468      241.889
   0.0996611      255.588
    0.100788      270.063
    0.101927      283.751
     0.10308      296.764
    0.104245      310.955
    0.105424      327.755
    0.106616      346.317
    0.107821      364.451
    0.109041       381.52
    0.110273      399.526
     0.11152      420.606
    0.112781      444.013
    0.114056      466.978
    0.115346      488.717
     0.11665      511.943
    0.117969      539.083
    0.119303       568.47
    0.120652      596.687
    0.122016       624.18
    0.123395      655.093
    0.124791      690.676
    0.126202      726.829
    0.127628      760.972
    0.129071      797.155
    0.130531      839.482
    0.132007        884.3
    0.133499      926.298
    0.135009      968.949
    0.136535      1018.75
    0.138079      1071.85
     0.13964      1120.07
    0.141219      1167.52
    0.142816      1222.88
     0.14443       1278.8
    0.146063      1323.38
    0.147715      1365.56
    0.149385         1415
    0.151074      1451.46
    0.152782      1462.32
    0.154509      1478.21
    0.156256      1494.95
    0.158023      1410.76
     0.15981      1156.46
    0.161617      827.808
    0.163444      559.026
    0.165292      357.633
    0.167161       192.69
    0.169051      98.7378
    0.170962      84.1431
    0.172895      124.219
     0.17485      262.609
    0.176827      490.532
    0.178826      642.655
    0.180848      641.695
    0.182893      606.253
    0.184961      594.738
    0.187052      562.081
    0.189167      523.274
    0.191306      495.211
    0.193469       454.42
    0.195656      416.717
    0.197869      386.425
    0.200106      348.244
    0.202368      318.301
    0.204656      290.922
     0.20697      259.912
    0.209311      238.415
    0.211677      214.102
     0.21407      191.974
    0.216491      175.419
    0.218939      154.564
    0.221414      140.465
    0.223917      124.809
    0.226449      110.066
     0.22901      99.5264
    0.231599      85.3529
    0.234217      77.1944
    0.236866      65.8356
    0.239544      58.0164
    0.242252      50.3067
    0.244991      42.5323
    0.247761      37.8489
    0.250563      30.6907
    0.253396      27.9035
    0.256261      21.9209
    0.259158      20.1643
    0.262088       15.576
    0.265051      14.3515
    0.268048      11.0098
    0.271079      10.0479
    0.274144      7.68886
    0.277244      6.94007
    0.280378      5.33328
    0.283548      4.74582
    0.286754      3.63313
    0.289996      3.17241
    0.293275      2.42858
    0.296591      2.10983
    0.299945       1.6145
    0.303336      1.37337
    0.306766        1.032
    0.310234     0.877195
    0.313742     0.666522
    0.317289      0.56123
    0.320877     0.407915
    0.324505     0.336025
    0.328174     0.250487
    0.331884      0.21796
    0.335637     0.156206
    0.339431      0.12679
    0.343269     0.088745
     0.34715    0.0808193
    0.351075    0.0565474
    0.355045    0.0450712
    0.359059    0.0257633
    0.363119     0.026084
    0.367225    0.0212846
    0.371377    0.0183099
    0.375576   0.00553889
    0.379822   0.00954037
    0.384117    0.0122365
     0.38846   0.00799796
    0.392852  -0.00470481
    0.397293  0.000226473
    0.401785    0.0068477
    0.406328   0.00017924
    0.410922  -0.00705528
    0.415569   0.00496467
    0.420267   0.00666294
    0.425019   -0.0038831
    0.429824  -0.00299722
    0.434684   0.00704546
    0.439599  -0.00239953
    0.444569  -0.00441598
    0.449596   0.00496324
    0.454679   0.00201502
     0.45982  -0.00600036
    0.465019   0.00219908
    0.470277   0.00248216
    0.475594  -0.00400006
    0.480971 -0.000557185
    0.486409   0.00346465
    0.491909  -0.00128493
    0.497471  0.000540445
    0.503096   0.00313389
    0.508784   -0.0020897
    0.514536  -0.00388261
    0.520354   0.00267056
    0.526237  -0.00227395
    0.532187 -0.000994626
    0.538205   0.00530838
     0.54429  -0.00305207
    0.550444   0.00149296
    0.556667   0.00177946
    0.562961  -0.00641175
    0.569327   0.00476012
    0.575764  -0.00166693
    0.582274  0.000565261
    0.588857   0.00316494
    0.595515  -0.00461483
    0.602248   0.00324877
    0.609057  -0.00142623
    0.615944 -4.56137e-05
    0.622908   0.00158287
    0.629951  -0.00219323
    0.637073   0.00122974
    0.644277  -0.00165547
    0.651561   0.00178825
    0.658928 -0.000483579
    0.666378  -0.00272204
    0.673913   0.00428886
    0.681532  -0.00212277
    0.689238   0.00217917
    0.697031   -0.0025858
    0.704912   0.00194383
    0.712882  -0.00336094
    0.720942   0.00322993
    0.729094  -0.00140318
    0.737337    0.0014761
    0.745674  -0.00247453
    0.754105   0.00108897
    0.762631 -0.000475192
    0.771254  0.000557724
    0.779974  4.37149e-05
    0.788793   0.00052554
    0.797711 -0.000596538
    0.806731  0.000104923
    0.815852  0.000139151
    0.825076 -0.000633778
    0.834405  0.000657513
    0.843839  -0.00017075
     0.85338  -0.00101763
    0.863029  0.000687572
    0.872787 -2.31996e-05
    0.882655  0.000372377
    0.892635  0.000108176
    0.902728 -0.000790892
    0.912934  7.14477e-05
    0.923256   0.00101878
    0.933695 -0.000451779
    0.944252   -0.0006525
    0.954928 -2.11559e-05
    0.965725  0.000825323
    0.976644 -0.000452705
    0.987687  0.000742182
    0.998854 -0.000860127
     1.01015  0.000710658
     1.02157  4.99272e-05
     1.03312 -0.000632918
      1.0448  0.000243589
     1.05661  0.000181055
     1.06856 -0.000134592
     1.08064  0.000177198
     1.09286 -0.000245831
     1.10522  0.000219415
     1.11771  0.000256664
     1.13035 -0.000473686
     1.14313  8.23323e-05
     1.15606 -0.000296817
     1.16913  0.000513207
     1.18234  -4.1655e-05
     1.19571 -0.000334942
     1.20923  2.89487e-06
      1.2229  0.000124692
     1.23673  7.72827e-05
     1.25071 -0.000525593
     1.26486  0.000555861
     1.27916 -0.000403093
     1.29362  0.000440855
     1.30825 -3.63609e-05
     1.32304 -0.000204959
       1.338 -0.000354014
     1.35313  0.000674762
     1.36842 -0.000220817
      1.3839 -0.000212918
     1.39954  0.000203335
     1.41537  0.000289257
     1.43137 -0.000618862
     1.44755  0.000300552
     1.46392  -3.0857e-05
     1.48047  0.000328173
     1.49721 -0.000498568
     1.51414  0.000232112
     1.53126  0.000198434
     1.54857 -0.000381687
     1.56608  0.000187003
     1.58379  0.000160903
      1.6017 -0.000131595
     1.61981 -0.000218889
     1.63812  0.000109579
     1.65664  5.00595e-05
     1.67537 -7.89015e-05
     1.69432  0.000105738
     1.71347  2.22858e-05
     1.73285 -0.000194818
     1.75244  0.000268445
     1.77225 -7.18403e-05
     1.79229  9.22019e-06
     1.81255 -8.53872e-05
     1.83305 -4.12043e-07
     1.85377  3.03039e-05
     1.87473  1.61711e-05
     1.89593  4.86726e-05
     1.91737 -6.77211e-05
     1.93905 -3.31436e-05
     1.96097  0.000118026
     1.98314 -0.000103773
     2.00556  -4.7524e-06
     2.02824  -5.1003e-05
     2.05117  7.33518e-05
     2.07436 -4.99547e-05
     2.09782  5.32763e-05
     2.12154  -0.00010973
     2.14552  0.000207897
     2.16978 -0.000133809
     2.19431  0.000104189
     2.21912 -0.000117664
     2.24422  0.000125922
     2.26959 -3.47858e-05
     2.29525 -3.98291e-05
      2.3212 -1.77965e-06
     2.34745  3.94527e-05
     2.37399  -3.8717e-05
     2.40083 -2.90081e-05
     2.42798  8.80631e-07
     2.45543  5.25548e-05
     2.48319   -8.371e-05
     2.51127  5.70004e-05
     2.53966  2.52528e-06
     2.56837  8.29532e-06
     2.59741 -4.18771e-05
     2.62678  5.74728e-05
     2.65648 -2.28825e-05
     2.68652 -6.09819e-06
     2.71689  1.07662e-05
     2.74761  1.51183e-05
     2.77868 -5.43958e-05
     2.81009  5.54181e-05
     2.84187  -3.6708e-06
       2.874 -1.42995e-05
     2.90649  6.95078e-06
     2.93935 -1.10285e-05
     2.97259 -2.76875e-05
      3.0062  2.56408e-05
     3.04019  -1.1522e-06
     3.07456 -2.70836e-05
     3.10932  3.23286e-05
     3.14448 -1.74283e-05
     3.18003  1.66982e-05
     3.21599  4.02731e-05
     3.25235 -3.12438e-05
     3.28912 -9.43958e-06
     3.32631 -7.14432e-06
     3.36392 -9.71716e-06
     3.40196   3.3754e-05
     3.44042 -3.66132e-05
     3.47932  1.48235e-06
     3.51866  1.54482e-05
     3.55844 -7.07696e-07
     3.59868  2.82937e-05
     3.63936 -3.78879e-05
     3.68051  2.19854e-05
     3.72213 -5.35733e-06
     3.76421 -5.21999e-06
     3.80677   7.2032e-06
     3.84981  -2.1034e-05
     3.89334  1.12741e-05
     3.93736 -1.50947e-05
     3.98188  2.56117e-05
      4.0269 -1.24581e-05
     4.07243  1.89681e-05
     4.11847 -1.25042e-05
     4.16504  9.63823e-06
     4.21213   -1.973e-05
     4.25976  5.72269e-06
     4.30792 -5.80141e-06
     4.35663  1.79716e-05
     4.40589 -9.00689e-06
      4.4557 -1.94003e-06
     4.50608 -1.48891e-06
     4.55703  4.54454e-06
     4.60855 -4.45686e-06
     4.66066 -2.22309e-06
     4.71336  7.67945e-06
     4.76665 -2.91453e-06
     4.82054  1.63923e-06
     4.87504 -1.04513e-06
     4.93016  6.46235e-06
     4.98591 -9.28303e-07
     5.04228 -1.06425e-05
     5.09929 -5.67438e-06
     5.15695  5.28812e-06
     5.21525 -1.28007e-06
     5.27422  1.15812e-05
     5.33385  1.01034e-05
     5.39416 -5.03388e-06
     5.45515  -1.1942e-05
     5.51683 -5.98106e-06
     5.57921 -1.18533e-06
     5.64229 -2.87172e-06
     5.70608  1.45788e-05
      5.7706  8.79753e-06
     5.83584 -8.56121e-06
     5.90183  8.91852e-08
     5.96856  -1.8665e-06
     6.03604 -8.63097e-06
     6.10429  6.43528e-06
      6.1733  -3.4983e-06
      6.2431  1.57278e-06
     6.31369  6.15742e-06
     6.38508  2.81703e-06
     6.45727  -2.1351e-06
     6.53028 -7.63478e-06
     6.60411  4.31761e-06
     6.67878 -9.11985e-06
      6.7543  9.18395e-06
     6.83066  9.86328e-07
      6.9079  2.64463e-06
       6.986 -2.79651e-06
     7.06499 -3.93864e-06
     7.14487 -4.19904e-07
     7.22565  1.38736e-06
     7.30735  2.21969e-06
     7.38997  1.44231e-06
     7.47352 -4.29834e-06
     7.55802  4.24076e-06
     7.64348 -5.62642e-06
      7.7299  7.41573e-06
      7.8173 -2.44938e-06
     7.90569 -6.40311e-06
     7.99507  1.77069e-06
     8.08547  6.00322e-06
     8.17689  1.17528e-06
     8.26934  -4.3681e-06
     8.36284  -5.4857e-06
     8.45739  8.24086e-06
     8.55301   -2.491e-06
     8.64972  3.27687e-09
     8.74752 -2.89224e-07
     8.84642  2.49156e-06
     8.94644 -4.25083e-06
      9.0476   6.6782e-07
     9.14989   1.1366e-06
     9.25335  2.39279e-06
     9.35797 -2.49794e-06
     9.46378  8.82535e-07
     9.57078 -2.54961e-06
     9.67899  1.81175e-06
     9.78843   8.8174e-07
      9.8991  8.28755e-07
      10.011 -3.21936e-06
     10.1242   1.1216e-06
     10.2387  1.17002e-06
     10.3544 -1.59114e-07
     10.4715 -1.28818e-06
     10.5899   9.5567e-07
     10.7097 -2.20651e-07
     10.8307  1.61315e-07
     10.9532 -1.81899e-07
      11.077 -7.87497e-07
     11.2023  1.95469e-06
     11.3289 -7.77338e-07
      11.457 -9.41871e-07
     11.5866 -3.09292e-07
     11.7176  2.01245e-06
     11.8501 -9.94816e-08
      11.984 -3.15542e-06
     12.1195   2.8071e-06
     12.2566 -6.59229e-08
     12.3952 -6.87631e-07
     12.5353 -6.48246e-07
      12.677  1.18524e-06
     12.8204 -3.13135e-08
     12.9653 -9.97691e-07
     13.1119  9.15593e-07
     13.2602 -6.76049e-07
     13.4101  8.40961e-07
     13.5617  -1.0859e-06
      13.715  8.98986e-07
     13.8701  3.71064e-08
     14.0269 -1.39826e-06
     14.1855  1.78789e-06
     14.3459 -6.36915e-07
     14.5081 -7.47605e-07
     14.6722  9.90317e-07
     14.8381  -2.0839e-07
     15.0058  -4.9729e-07
     15.1755  4.78159e-07
     15.3471 -2.09103e-07
     15.5206   1.7886e-07
     15.6961 -3.78046e-07
     15.8735  5.04043e-07
      16.053 -3.20022e-07
     16.2345  6.98242e-08
     16.4181   5.8127e-08
     16.6037 -2.45006e-07
     16.7914  3.77599e-07
     16.9813 -3.85183e-07
     17.1733  2.61361e-07
     17.3675  -1.0399e-07
     17.5638  1.09379e-07
     17.7624    -4.67e-07
     17.9632  9.90277e-07
     18.1663 -1.33631e-06
     18.3717  1.17138e-06
     18.5795  -4.4369e-07
     18.7895 -4.75932e-07
      19.002  1.00135e-06
     19.2168  -9.3526e-07
     19.4341  3.86734e-07
     19.6538  2.53738e-07
     19.8761 -6.39619e-07
     20.1008  6.53219e-07
     20.3281 -4.43689e-07
     20.5579  1.03251e-07
     20.7903  1.85385e-07
     21.0254 -3.18193e-07
     21.2631  2.75736e-07
     21.5035 -1.53798e-07
     21.7467 -3.54884e-08
     21.9925  2.19255e-07
     22.2412 -4.14452e-07
     22.4927  4.98458e-07
      22.747 -4.25945e-07
     23.0042  2.76822e-07
     23.2643 -2.19028e-07
     23.5273  1.47193e-07
     23.7933 -6.01651e-08
     24.0623 -1.12447e-08
     24.3344  9.15523e-09
     24.6095 -1.68246e-08
     24.8878  3.44942e-08
     25.1692 -8.93248e-08
     25.4538  6.45865e-08
     25.7416 -9.24618e-09
     26.0326 -4.23692e-08
     26.3269  1.73218e-08
     26.6246 -1.40161e-08
     26.9256 -4.08515e-09
     27.2301 -5.94189e-09
      27.538 -1.87254e-09
     27.8493  -1.7477e-08
     28.1642  1.10255e-09
     28.4826  -4.5773e-09
     28.8047   -2.507e-08
     29.1304  1.61277e-08
     29.4597 -2.63345e-08
     29.7928 -3.81227e-09
     30.1297 -9.17887e-10
     30.4703 -1.73442e-08
     30.8148  2.38971e-09
     31.1632 -2.36274e-08
     31.5156 -7.93782e-10
     31.8719 -2.79628e-09
     32.2323 -2.22599e-08
     32.5967  5.67518e-09
     32.9653 -2.57072e-08
      33.338  2.19222e-09
     33.7149 -1.83014e-08
     34.0961  -9.8624e-09
     34.4816 -5.59952e-09
     34.8715 -1.37053e-08
     35.2658 -7.73145e-09
     35.6645 -2.03246e-08
     36.0678 -3.04331e-09
     36.4756 -1.30007e-08
      36.888 -2.08997e-08
     37.3051  1.11529e-09
     37.7268 -2.31419e-08
     38.1534 -7.07381e-09
     38.5848 -1.88773e-08
      39.021 -8.36105e-09
     39.4622 -1.72632e-08
     39.9084 -1.36022e-08
     40.3596 -1.45504e-08
      40.816 -1.31479e-08
     41.2775 -1.63157e-08
     41.7442 -1.75629e-08
     42.2161 -1.55644e-08
     42.6935 -1.22565e-08
     43.1762 -2.24106e-08
     43.6644 -1.25688e-08
      44.158 -1.78395e-08
     44.6573 -2.26964e-08
     45.1622 -1.24947e-08
     45.6729 -2.16233e-08
     46.1893 -1.70455e-08
     46.7115 -2.04594e-08
     47.2397 -2.11607e-08
     47.7738 -1.92972e-08
     48.3139 -2.13116e-08
     48.8602 -1.93648e-08
     49.4126  -2.3692e-08
     49.9713 -2.35566e-08
     50.5363 -1.84229e-08
     51.1077  -2.7256e-08
     51.6856 -2.14545e-08
     52.2699 -2.53639e-08
     52.8609 -2.46185e-08
     53.4586 -2.56716e-08
      54.063 -2.52859e-08
     54.6743 -2.75935e-08
     55.2925 -2.56083e-08
     55.9176 -2.97894e-08
     56.5499 -2.51043e-08
     57.1893 -3.22506e-08
     57.8359  -2.8371e-08
     58.4898 -3.04271e-08
     59.1511 -3.02632e-08
     59.8199 -3.31446e-08
     60.4963 -2.99015e-08
     61.1803 -3.54313e-08
      61.872 -3.28414e-08
     62.5716 -3.46805e-08
      63.279 -3.42366e-08
     63.9945 -3.79817e-08
     64.7181 -3.53968e-08
     65.4498 -3.85839e-08
     66.1898 -3.76754e-08
     66.9382 -3.98706e-08
      67.695 -4.02031e-08
     68.4604 -4.09384e-08
     69.2345 -4.21841e-08
     70.0173 -4.30251e-08
     70.8089 -4.34159e-08
     71.6095 -4.52185e-08
     72.4192 -4.57122e-08
      73.238 -4.71095e-08
     74.0661 -4.72361e-08
     74.9035 -4.94115e-08
     75.7504 -4.98752e-08
     76.6069 -5.06175e-08
      77.473 -5.28294e-08
      78.349 -5.28315e-08
     79.2348 -5.45015e-08
     80.1307 -5.58748e-08
     81.0367 -5.64397e-08
     81.9529 -5.83858e-08
     82.8795 -5.93076e-08
     83.8166 -6.04072e-08
     84.7643 -6.21316e-08
     85.7227 -6.30855e-08
     86.6919 -6.46596e-08
     87.6721 -6.60296e-08
     88.6634  -6.7465e-08
     89.6658 -6.87316e-08
     90.6797 -7.03548e-08
     91.7049 -7.19543e-08
     92.7418 -7.32686e-08
     93.7904 -7.49088e-08
     94.8508 -7.67019e-08
     95.9233 -7.79517e-08
     97.0078 -7.99144e-08
     98.1046 -8.14749e-08
     99.2139 -8.33426e-08
