  0.00099205    0.0289828
  0.00100327    0.0262645
  0.00101461    0.0314079
  0.00102608    0.0289392
  0.00103768    0.0340916
  0.00104942    0.0318284
  0.00106128     0.037034
  0.00107328    0.0349916
  0.00108542    0.0402297
  0.00109769    0.0384518
   0.0011101    0.0437095
  0.00112265    0.0422228
  0.00113534    0.0475118
  0.00114818      0.04631
  0.00116116    0.0516759
  0.00117429    0.0507455
  0.00118757    0.0562109
    0.001201    0.0555751
  0.00121457     0.061146
  0.00122831    0.0608265
  0.00124219    0.0665277
  0.00125624    0.0665339
  0.00127044    0.0724011
  0.00128481    0.0727342
  0.00129933     0.078799
  0.00131403    0.0794882
  0.00132888    0.0857605
  0.00134391    0.0868419
   0.0013591    0.0933527
  0.00137447    0.0948463
  0.00139001     0.101625
  0.00140573     0.103554
  0.00142162     0.110627
  0.00143769     0.113021
  0.00145395     0.120423
  0.00147039     0.123306
  0.00148701      0.13108
  0.00150383     0.134482
  0.00152083     0.142662
  0.00153802     0.146619
  0.00155541     0.155242
    0.001573     0.159793
  0.00159079     0.168903
  0.00160877     0.174092
  0.00162696     0.183738
  0.00164536     0.189604
  0.00166396     0.199834
  0.00168277     0.206423
   0.0017018      0.21729
  0.00172104     0.224653
   0.0017405     0.236212
  0.00176018       0.2444
  0.00178008      0.25671
  0.00180021     0.265781
  0.00182056     0.278907
  0.00184115     0.288925
  0.00186196     0.302935
  0.00188301     0.313965
  0.00190431     0.328925
  0.00192584     0.341038
  0.00194761     0.357026
  0.00196963     0.370297
   0.0019919     0.387392
  0.00201442     0.401899
   0.0020372     0.420188
  0.00206023     0.436014
  0.00208353     0.455584
  0.00210708     0.472816
  0.00213091     0.493756
    0.002155      0.51248
  0.00217937     0.534884
  0.00220401       0.5552
  0.00222893     0.579173
  0.00225413     0.601184
  0.00227962     0.626831
  0.00230539     0.650642
  0.00233146      0.67807
  0.00235782     0.703785
  0.00238448     0.733107
  0.00241144     0.760841
   0.0024387     0.792172
  0.00246627     0.822038
  0.00249416     0.855499
  0.00252236     0.887615
  0.00255088     0.923318
  0.00257972     0.957794
  0.00260889     0.995856
  0.00263838      1.03281
  0.00266822      1.07335
  0.00269838       1.1129
  0.00272889      1.15603
  0.00275975      1.19827
  0.00279095       1.2441
  0.00282251      1.28914
  0.00285442      1.33777
  0.00288669      1.38572
  0.00291933      1.43726
  0.00295234      1.48821
  0.00298572      1.54275
  0.00301948       1.5968
  0.00305362      1.65442
  0.00308814      1.71163
  0.00312306       1.7724
  0.00315837      1.83282
  0.00319408      1.89678
  0.00323019      1.96045
  0.00326672      2.02763
  0.00330365      2.09457
  0.00334101      2.16496
  0.00337878      2.23516
  0.00341698      2.30874
  0.00345562      2.38214
  0.00349469      2.45884
   0.0035342      2.53536
  0.00357416      2.61509
  0.00361457      2.69459
  0.00365544      2.77719
  0.00369677      2.85952
  0.00373857      2.94479
  0.00378084       3.0297
  0.00382359      3.11738
  0.00386682      3.20456
  0.00391054      3.29431
  0.00395475      3.38343
  0.00399947      3.47487
  0.00404469      3.56548
  0.00409042      3.65813
  0.00413667      3.74971
  0.00418344      3.84302
  0.00423074      3.93499
  0.00427857      4.02832
  0.00432695      4.11998
  0.00437587       4.2126
  0.00442535      4.30318
  0.00447538      4.39426
  0.00452598      4.48287
  0.00457716      4.57146
  0.00462891       4.6571
  0.00468125      4.74216
  0.00473418      4.82373
   0.0047877      4.90409
  0.00484183      4.98036
  0.00489658      5.05477
  0.00495194      5.12446
  0.00500793      5.19156
  0.00506455      5.25325
  0.00512182      5.31158
  0.00517973      5.36375
  0.00523829      5.41176
  0.00529752      5.45283
  0.00535741       5.4889
  0.00541799      5.51724
  0.00547925      5.53973
   0.0055412      5.55367
  0.00560385      5.56091
  0.00566721       5.5588
  0.00573129      5.54914
  0.00579609      5.52932
  0.00586162      5.50114
   0.0059279      5.46205
  0.00599492      5.41383
   0.0060627      5.35401
  0.00613125      5.28438
  0.00620057      5.20256
  0.00627068      5.11034
  0.00634158      5.00547
  0.00641328      4.88977
  0.00648579       4.7611
  0.00655912      4.62136
  0.00663329      4.46854
  0.00670829      4.30462
  0.00678413      4.12774
  0.00686084      3.93998
  0.00693841      3.73966
  0.00701686      3.52896
   0.0070962       3.3064
  0.00717643      3.07431
  0.00725757       2.8314
  0.00733963      2.58016
  0.00742261      2.31952
  0.00750654      2.05213
  0.00759141      1.77715
  0.00767724      1.49739
  0.00776405      1.21226
  0.00785183      0.92472
  0.00794061     0.634401
  0.00803039     0.344431
  0.00812118     0.054646
  0.00821301    -0.231681
  0.00830587     -0.51453
  0.00839978    -0.790513
  0.00849475     -1.05946
   0.0085908     -1.31791
  0.00868793     -1.56559
  0.00878616     -1.79904
   0.0088855     -2.01794
  0.00898596     -2.21887
  0.00908756     -2.40157
  0.00919031     -2.56277
  0.00929422     -2.70235
  0.00939931     -2.81724
  0.00950558     -2.90756
  0.00961306     -2.97057
  0.00972175     -3.00673
  0.00983167     -3.01377
  0.00994283     -2.99257
   0.0100552     -2.94139
   0.0101689     -2.86168
   0.0102839     -2.75233
   0.0104002     -2.61543
   0.0105178     -2.45059
   0.0106367     -2.26062
    0.010757     -2.04588
   0.0108786     -1.80991
   0.0110016     -1.55389
    0.011126     -1.28206
   0.0112518    -0.996335
    0.011379    -0.701625
   0.0115076    -0.400478
   0.0116378   -0.0983353
   0.0117693     0.201788
   0.0119024     0.494105
    0.012037     0.775328
   0.0121731       1.0396
   0.0123107      1.28368
   0.0124499      1.50198
   0.0125907      1.69164
    0.012733      1.84767
    0.012877      1.96798
   0.0130226      2.04859
   0.0131698       2.0886
   0.0133187      2.08536
   0.0134693      2.03947
   0.0136216         1.95
   0.0137756      1.81933
   0.0139314      1.64841
   0.0140889      1.44153
   0.0142482      1.20159
   0.0144093     0.934786
   0.0145722     0.645819
    0.014737     0.342489
   0.0149036     0.030945
   0.0150721    -0.279887
   0.0152425    -0.583027
   0.0154149    -0.869111
   0.0155892     -1.13116
   0.0157654     -1.36033
   0.0159437     -1.55058
   0.0161239     -1.69459
   0.0163062     -1.78834
   0.0164906       -1.827
   0.0166771     -1.80952
   0.0168656     -1.73446
   0.0170563     -1.60443
   0.0172492     -1.42186
   0.0174442     -1.19324
   0.0176414    -0.924861
   0.0178409    -0.626847
   0.0180426    -0.308721
   0.0182466    0.0167431
   0.0184529     0.338093
   0.0186615     0.641497
   0.0188725     0.915382
   0.0190859      1.14694
   0.0193017      1.32675
     0.01952      1.44533
   0.0197407      1.49764
   0.0199639      1.47954
   0.0201896      1.39209
   0.0204178      1.23785
   0.0206487      1.02479
   0.0208822      0.76228
   0.0211183     0.464608
    0.021357     0.146568
   0.0215985     -0.17337
   0.0218427    -0.477887
   0.0220897    -0.747902
   0.0223394    -0.967591
    0.022592     -1.12165
   0.0228475     -1.20017
   0.0231058     -1.19571
    0.023367     -1.10789
   0.0236312    -0.939936
   0.0238984    -0.702591
   0.0241686    -0.409966
   0.0244419   -0.0826036
   0.0247183     0.257506
   0.0249977     0.584644
   0.0252804     0.874913
   0.0255662       1.1045
   0.0258553      1.25533
   0.0261476      1.31323
   0.0264432      1.27308
   0.0267422      1.13611
   0.0270446     0.913946
   0.0273504     0.624487
   0.0276596     0.294351
   0.0279723    -0.046742
   0.0282886    -0.365047
   0.0286085    -0.629529
   0.0289319    -0.811534
    0.029259    -0.891524
   0.0295899    -0.858111
   0.0299244    -0.713466
   0.0302628    -0.470335
   0.0306049     -0.15483
    0.030951     0.199308
   0.0313009     0.550722
   0.0316548     0.858537
   0.0320127      1.08395
   0.0323747      1.19882
   0.0327407      1.18656
   0.0331109      1.04862
   0.0334853     0.801976
   0.0338639     0.481275
   0.0342467      0.13146
    0.034634    -0.194581
   0.0350256    -0.446838
   0.0354216    -0.582533
   0.0358221    -0.576811
   0.0362271    -0.424314
   0.0366367    -0.144835
   0.0370509     0.221757
   0.0374698     0.617612
   0.0378935     0.979309
   0.0383219      1.24541
   0.0387552      1.37124
   0.0391934      1.33483
   0.0396366      1.14617
   0.0400847     0.843872
   0.0405379      0.49273
   0.0409963     0.168831
   0.0414598   -0.0523006
   0.0419286    -0.115327
   0.0424026   0.00490558
   0.0428821     0.292268
   0.0433669     0.693788
   0.0438572      1.12612
   0.0443531      1.49696
   0.0448546      1.72368
   0.0453617      1.75812
   0.0458746      1.59795
   0.0463933      1.29367
   0.0469178     0.935466
   0.0474483     0.634669
   0.0479848     0.490543
   0.0485273     0.564614
    0.049076     0.856792
   0.0496309      1.30459
   0.0501921       1.7947
   0.0507596      2.19859
   0.0513335      2.40923
   0.0519139      2.38102
   0.0525008       2.1461
   0.0530944      1.81212
   0.0536948      1.52646
   0.0543019      1.42981
   0.0549158      1.60077
   0.0555367      2.02581
   0.0561647      2.59454
   0.0567997      3.13974
   0.0574419      3.49685
   0.0580914      3.57511
   0.0587482      3.39741
   0.0594124      3.10224
   0.0600842      2.88813
   0.0607635      2.93312
   0.0614505       3.3088
   0.0621453      3.94303
    0.062848      4.64075
   0.0635586       5.1741
   0.0642772      5.39038
   0.0650039      5.29935
   0.0657389      5.07691
   0.0664822      4.98786
   0.0672339      5.24551
    0.067994      5.89363
   0.0687628      6.76616
   0.0695403      7.57234
   0.0703266      8.05725
   0.0711217      8.16363
   0.0719258      8.07953
   0.0727391      8.14249
   0.0735615      8.62964
   0.0743932      9.57491
   0.0752344      10.7248
    0.076085      11.6964
   0.0769453      12.2354
   0.0778152       12.415
   0.0786951      12.6053
   0.0795848      13.2243
   0.0804847      14.4178
   0.0813947      15.9294
   0.0823149       17.272
   0.0832456      18.1153
   0.0841869      18.5735
   0.0851387      19.1506
   0.0861014      20.3309
   0.0870749      22.1522
   0.0880594       24.133
    0.089055      25.6854
   0.0900619      26.6648
   0.0910802      27.5564
     0.09211       29.047
   0.0931515      31.3548
   0.0942047      33.9621
   0.0952698      36.1058
    0.096347      37.5787
   0.0974363      39.0165
    0.098538      41.2583
   0.0996521      44.4103
    0.100779      47.6543
    0.101918      50.1514
    0.103071      52.0668
    0.104236      54.4711
    0.105415      58.0662
    0.106606      62.2495
    0.107812      65.7903
    0.109031      68.4489
    0.110264      71.4148
     0.11151      75.7907
    0.112771      81.0031
    0.114046      85.4895
    0.115336      88.9514
     0.11664      92.9768
    0.117958      98.7865
    0.119292      105.279
    0.120641      110.584
    0.122005      115.126
    0.123384      121.213
    0.124779      129.319
     0.12619      137.049
    0.127617      143.136
     0.12906      149.968
    0.130519      159.631
    0.131995      169.867
    0.133487      177.869
    0.134996      185.811
    0.136523      197.148
    0.138066      209.462
    0.139627      218.433
    0.141206      226.744
    0.142803      239.113
    0.144417      251.264
     0.14605      257.221
    0.147702      262.692
    0.149372      273.018
     0.15106       277.41
    0.152768      270.717
    0.154496       271.14
    0.156242        276.6
    0.158009      235.269
    0.159796      119.612
    0.161602     -9.39914
    0.163429     -80.4604
    0.165277     -97.9863
    0.167146     -85.5002
    0.169036      -30.135
    0.170947      64.6375
     0.17288      178.584
    0.174835      328.965
    0.176811      501.744
     0.17881      603.902
    0.180832      603.754
    0.182877      577.618
    0.184944      560.176
    0.187035      527.574
     0.18915      490.396
    0.191289      458.511
    0.193452      419.468
    0.195639      382.932
    0.197851      351.161
    0.200088      315.939
     0.20235      286.449
    0.204638      259.243
    0.206952      231.096
    0.209292      209.196
    0.211658      186.531
    0.214051      166.028
    0.216471      149.329
    0.218919      130.993
    0.221394      117.132
    0.223897      102.978
    0.226429      90.0015
    0.228989      79.8628
    0.231578        68.25
    0.234196      60.4621
    0.236844      51.3092
    0.239522      44.5566
     0.24223      38.1783
    0.244969      32.1132
    0.247739      28.0149
     0.25054      22.8009
    0.253373      20.2137
    0.256238      16.0294
    0.259135      14.3412
    0.262065      11.1987
    0.265028      10.0338
    0.268024      7.77608
    0.271055      6.91801
    0.274119      5.33956
    0.277219       4.7058
    0.280353      3.63325
    0.283523       3.1634
    0.286729      2.43108
     0.28997      2.08546
    0.293249      1.59947
    0.296565      1.36326
    0.299918      1.04147
    0.303309     0.873162
    0.306738     0.658097
    0.310206     0.551301
    0.313714     0.416453
    0.317261     0.344752
    0.320848     0.251864
    0.324475     0.207046
    0.328144     0.154047
    0.331854     0.130315
    0.335606    0.0932867
    0.339401    0.0769654
    0.343238    0.0548972
    0.347119    0.0472839
    0.351044    0.0315254
    0.355013    0.0260049
    0.359027     0.016312
    0.363086    0.0148481
    0.367192     0.010393
    0.371343   0.00969879
    0.375542   0.00398224
    0.379788   0.00509832
    0.384082   0.00555375
    0.388425   0.00487838
    0.392816 -0.000639062
    0.397258  0.000750019
    0.401749   0.00295338
    0.406292  0.000178985
    0.410886  -0.00338147
    0.415531   0.00174602
    0.420229   0.00262041
    0.424981  -0.00133845
    0.429786   -0.0011782
    0.434645   0.00293438
     0.43956  -0.00120687
     0.44453  -0.00122624
    0.449556   0.00231677
    0.454639   0.00048165
    0.459779  -0.00223307
    0.464977    0.0012729
    0.470235  0.000295487
    0.475551  -0.00159632
    0.480928 -0.000141502
    0.486366  0.000886135
    0.491865  0.000163516
    0.497426   0.00102142
     0.50305   0.00098927
    0.508738 -0.000486207
     0.51449  -0.00213816
    0.520307  0.000224277
     0.52619 -0.000519057
     0.53214 -0.000325893
    0.538156   0.00248336
    0.544241 -0.000707568
    0.550394  0.000448452
    0.556617  0.000505035
    0.562911  -0.00317185
    0.569275   0.00154928
    0.575712 -0.000750219
    0.582221  0.000704879
    0.588804    0.0013349
    0.595462  -0.00143493
    0.602194   0.00127935
    0.609003  -0.00101838
    0.615889 -7.65091e-05
    0.622852  0.000203964
    0.629894 -0.000117476
    0.637016  0.000174991
    0.644219 -0.000185492
    0.651503  0.000645734
    0.658869 -0.000347128
    0.666318  -0.00139888
    0.673852    0.0018118
    0.681471 -0.000597436
    0.689176  0.000527637
    0.696968  -0.00088287
    0.704849  0.000434761
    0.712818  -0.00109306
    0.720878   0.00158165
    0.729028 -0.000507445
    0.737271  0.000269628
    0.745607 -0.000980054
    0.754037  0.000614468
    0.762563 -6.02988e-05
    0.771185  0.000148859
    0.779904  0.000156499
    0.788722  0.000189253
     0.79764 -0.000454754
    0.806658 -0.000255888
    0.815779  0.000282548
    0.825003  3.25704e-05
     0.83433  0.000512265
    0.843764   -0.0003378
    0.853304 -0.000749278
    0.862952  0.000548524
    0.872709  0.000254289
    0.882576  9.81695e-05
    0.892555 -0.000177167
    0.902647 -0.000373989
    0.912852  0.000118301
    0.923174   0.00059649
    0.933612 -0.000345046
    0.944167 -0.000400857
    0.954843  3.23977e-05
    0.965639  0.000427763
    0.976557 -0.000290878
    0.987598  0.000299395
    0.998764 -0.000585634
     1.01006   0.00052913
     1.02148  7.64115e-05
     1.03303 -0.000500902
     1.04471  0.000108699
     1.05652  0.000168912
     1.06846  1.50191e-05
     1.08054  0.000118398
     1.09276 -0.000226633
     1.10512  7.91541e-05
     1.11761  0.000188424
     1.13025 -0.000432088
     1.14303  0.000262257
     1.15595 -0.000121347
     1.16902  8.68096e-05
     1.18224  0.000113402
     1.19561  6.21834e-05
     1.20912 -0.000155326
      1.2228 -2.81827e-05
     1.23662  9.66985e-05
      1.2506 -0.000177626
     1.26474  0.000296121
     1.27904 -0.000330739
      1.2935  0.000250479
     1.30813  4.95371e-05
     1.32292 -0.000141308
     1.33788 -0.000217224
       1.353  0.000261959
      1.3683  -1.7222e-05
     1.38377 -4.65657e-05
     1.39942 -9.98225e-07
     1.41524   0.00013467
     1.43124 -0.000274314
     1.44742  9.11712e-05
     1.46379 -4.47487e-07
     1.48034  0.000224069
     1.49708 -0.000227397
       1.514  0.000143665
     1.53112 -4.97239e-05
     1.54843 -0.000125242
     1.56594  8.74791e-05
     1.58365  9.37639e-05
     1.60155  -8.9977e-05
     1.61966 -0.000104508
     1.63797  0.000151012
     1.65649 -4.56392e-05
     1.67522 -2.86324e-05
     1.69416  0.000160598
     1.71332 -0.000159759
     1.73269 -6.23048e-05
     1.75228  0.000184601
     1.77209 -0.000115347
     1.79213  6.43523e-05
     1.81239 -6.99243e-06
     1.83288 -0.000120767
     1.85361   0.00010429
     1.87457 -1.44202e-07
     1.89576 -7.07175e-05
     1.91719  8.75846e-05
     1.93887 -0.000113253
     1.96079  0.000157177
     1.98296 -7.66088e-05
     2.00538  2.07877e-05
     2.02806 -4.99138e-05
     2.05099  5.51971e-05
     2.07418 -7.65759e-06
     2.09763 -1.65585e-05
     2.12135 -2.31086e-05
     2.14533   2.1026e-05
     2.16959  1.12451e-05
     2.19412 -4.63603e-06
     2.21893 -4.48007e-05
     2.24401  6.66468e-05
     2.26939 -4.40562e-05
     2.29505  2.07112e-05
     2.32099 -3.17331e-05
     2.34724  4.63587e-05
     2.37378   -1.825e-05
     2.40061 -7.57185e-06
     2.42776  1.53631e-05
     2.45521  2.73705e-06
     2.48297 -1.05099e-05
     2.51104 -8.38183e-06
     2.53943  2.60893e-05
     2.56814 -3.37137e-05
     2.59718  2.50516e-08
     2.62655   2.5387e-05
     2.65624 -4.18784e-06
     2.68628 -2.34808e-05
     2.71665  2.34635e-05
     2.74736  4.16037e-06
     2.77843 -1.70723e-05
     2.80984  1.76479e-05
     2.84161 -9.90447e-06
     2.87374 -2.24493e-05
     2.90623  2.28016e-05
     2.93909  7.89138e-06
     2.97232 -2.29576e-05
     3.00593   2.2987e-05
     3.03992 -8.80971e-08
     3.07429 -1.37068e-05
     3.10905  1.36203e-05
      3.1442 -1.11716e-05
     3.17975 -5.86057e-06
      3.2157     1.61e-05
     3.25206 -2.86883e-05
     3.28883  1.86895e-05
     3.32601  2.03105e-05
     3.36362 -2.84786e-05
     3.40165  1.83405e-05
     3.44011 -1.28899e-05
     3.47901  1.19272e-05
     3.51834 -7.89651e-06
     3.55812 -1.44264e-05
     3.59835   2.6521e-05
     3.63904 -1.36114e-05
     3.68018  2.26107e-06
     3.72179 -2.30661e-06
     3.76387  3.68603e-07
     3.80643  4.74273e-06
     3.84947  -1.0063e-05
     3.89299  1.69698e-05
     3.93701 -1.50282e-05
     3.98152  1.27913e-05
     4.02654 -1.36105e-05
     4.07206  7.75234e-06
     4.11811 -7.93541e-06
     4.16467  5.86033e-06
     4.21175  1.96401e-06
     4.25938  7.12505e-07
     4.30753  1.26469e-06
     4.35624 -5.52736e-06
     4.40549 -3.61729e-06
      4.4553  4.93827e-06
     4.50568  2.19164e-06
     4.55662  1.58106e-06
     4.60814  -2.2341e-06
     4.66024 -4.38332e-06
     4.71293  6.49718e-08
     4.76622  6.29187e-06
     4.82011  -6.3283e-07
     4.87461 -2.34381e-06
     4.92972 -2.82865e-06
     4.98546 -9.06956e-09
     5.04183  2.92995e-06
     5.09883  4.75102e-06
     5.15648 -5.81451e-06
     5.21479  1.85237e-06
     5.27375 -2.80765e-06
     5.33338  1.56051e-06
     5.39368 -4.78224e-07
     5.45466 -2.38391e-06
     5.51633  6.52523e-06
     5.57871  -2.3156e-06
     5.64178    1.279e-06
     5.70557 -5.02685e-06
     5.77008  1.63213e-06
     5.83532  2.01222e-07
      5.9013  2.36122e-06
     5.96802 -2.14941e-06
      6.0355  1.30613e-06
     6.10374  -1.7237e-06
     6.17275  2.66975e-06
     6.24254 -2.08837e-06
     6.31312  2.92571e-07
      6.3845  4.39894e-07
     6.45669 -2.74679e-06
     6.52969  4.55261e-06
     6.60352 -2.18517e-06
     6.67818  4.17622e-07
     6.75369  -1.2543e-06
     6.83005  2.97301e-06
     6.90728 -4.35335e-06
     6.98537  1.91448e-06
     7.06435  1.93039e-06
     7.14423 -1.09267e-06
       7.225 -2.11931e-06
     7.30669  3.12798e-06
     7.38931 -1.99335e-06
     7.47285 -1.76061e-07
     7.55735  1.62395e-06
     7.64279 -7.43863e-07
     7.72921  -7.2765e-07
      7.8166  3.43509e-07
     7.90498 -1.37921e-07
     7.99435    2.585e-06
     8.08474  -3.7438e-06
     8.17615  4.93399e-07
      8.2686  2.26274e-06
     8.36209 -1.21116e-06
     8.45663   7.9286e-08
     8.55225 -9.97176e-07
     8.64894  1.58766e-06
     8.74673 -3.11362e-07
     8.84563 -1.69149e-06
     8.94564  2.30726e-06
     9.04679 -9.31919e-07
     9.14907 -6.38754e-07
     9.25252  1.20388e-06
     9.35713 -1.46656e-06
     9.46293  1.62986e-06
     9.56992 -1.40086e-06
     9.67812   1.1867e-06
     9.78755 -8.86785e-07
     9.89821  5.98447e-09
     10.0101  7.85599e-07
     10.1233  -6.8519e-07
     10.2378  2.40205e-07
     10.3535 -2.02691e-07
     10.4706  3.49993e-07
      10.589 -2.21202e-07
     10.7087 -1.31623e-07
     10.8298  4.78606e-07
     10.9522 -8.09651e-07
     11.0761  1.14982e-06
     11.2013 -1.26929e-06
     11.3279  9.81531e-07
      11.456 -6.10223e-07
     11.5855  5.10487e-07
     11.7165 -3.80975e-07
      11.849 -1.70178e-07
      11.983  7.84356e-07
     12.1185 -8.57012e-07
     12.2555  4.89219e-07
      12.394  -2.3363e-07
     12.5342  2.35678e-07
     12.6759 -2.04393e-07
     12.8192 -7.31982e-09
     12.9642  2.35331e-07
     13.1107 -3.32803e-07
      13.259  3.43728e-07
     13.4089 -3.43543e-07
     13.5605  3.14442e-07
     13.7138 -1.95774e-07
     13.8689  -2.0384e-08
     14.0257  2.31102e-07
     14.1843 -2.81732e-07
     14.3446  1.40742e-07
     14.5068  4.18132e-08
     14.6709 -1.04072e-07
     14.8367  3.73668e-08
     15.0045  4.99539e-08
     15.1741 -8.06552e-08
     15.3457  7.12342e-08
     15.5192  -6.7391e-08
     15.6947  7.76853e-08
     15.8721 -7.83401e-08
     16.0516  5.41612e-08
     16.2331 -1.73652e-08
     16.4166 -1.70582e-08
     16.6022  4.60982e-08
     16.7899  -6.5319e-08
     16.9798  6.91267e-08
     17.1718 -6.06631e-08
     17.3659  5.32755e-08
     17.5623 -6.47774e-08
     17.7608  1.01455e-07
     17.9616 -1.45604e-07
     18.1647  1.64737e-07
     18.3701 -1.34731e-07
     18.5778  5.97509e-08
     18.7879  2.49372e-08
     19.0003 -7.67634e-08
     19.2151  7.59779e-08
     19.4324 -3.41907e-08
     19.6521 -1.83039e-08
     19.8743  5.32788e-08
      20.099 -5.99663e-08
     20.3262  4.39931e-08
      20.556 -1.78015e-08
     20.7885 -5.65616e-09
     21.0235  1.76282e-08
     21.2612 -1.68146e-08
     21.5016  6.86213e-09
     21.7447  7.70248e-09
     21.9906 -2.30328e-08
     22.2392  3.53263e-08
     22.4907 -4.03457e-08
     22.7449  3.67804e-08
     23.0021  -2.8937e-08
     23.2622  2.15086e-08
     23.5252 -1.48865e-08
     23.7912  8.59116e-09
     24.0602 -3.95599e-09
     24.3322  1.60027e-09
     24.6073 -2.31619e-10
     24.8856 -1.38786e-09
     25.1669  2.63032e-09
     25.4515 -2.01198e-09
     25.7393 -1.23779e-10
     26.0303  1.75749e-09
     26.3246 -1.94752e-09
     26.6222  1.47752e-09
     26.9232 -1.10006e-09
     27.2276  9.65566e-10
     27.5355  -1.0186e-09
     27.8468  1.07112e-09
     28.1617 -8.83983e-10
     28.4801  4.48556e-10
     28.8021  3.03541e-11
     29.1277 -2.43131e-10
     29.4571  8.14077e-11
     29.7901  3.30657e-10
      30.127 -6.93478e-10
     30.4676  8.83001e-10
     30.8121 -9.52109e-10
     31.1604  9.29058e-10
     31.5128 -6.86006e-10
     31.8691  3.30889e-10
     32.2294 -4.85312e-11
     32.5938 -6.89718e-11
     32.9623  8.69372e-11
      33.335  9.72872e-12
     33.7119 -1.53229e-10
     34.0931  3.44273e-10
     34.4786 -4.55992e-10
     34.8684  5.03116e-10
     35.2626 -5.17218e-10
     35.6613  5.72034e-10
     36.0645 -5.09117e-10
     36.4723  3.59264e-10
     36.8847 -1.43443e-10
     37.3017  5.43016e-11
     37.7235 -4.47503e-11
       38.15  1.24773e-10
     38.5813 -1.36578e-10
     39.0175  1.86486e-10
     39.4587 -1.95956e-10
     39.9048  2.62851e-10
      40.356 -2.44146e-10
     40.8123  2.70695e-10
     41.2738  -2.4184e-10
     41.7404  2.90501e-10
     42.2124 -2.25078e-10
     42.6896  2.16898e-10
     43.1723 -1.43849e-10
     43.6604  2.11554e-10
     44.1541 -2.15752e-10
     44.6533   3.2663e-10
     45.1582 -2.83793e-10
     45.6688  3.23468e-10
     46.1851 -2.30053e-10
     46.7073  2.71587e-10
     47.2354 -1.74303e-10
     47.7695   2.3869e-10
     48.3096 -1.51989e-10
     48.8558   2.2898e-10
     49.4082 -1.45011e-10
     49.9668  2.63958e-10
     50.5318 -1.87681e-10
     51.1031    2.912e-10
     51.6809 -1.64974e-10
     52.2653  2.60823e-10
     52.8562 -1.27435e-10
     53.4538  2.48253e-10
     54.0582 -1.14942e-10
     54.6694  2.55438e-10
     55.2875 -1.11524e-10
     55.9126  2.68315e-10
     56.5448 -1.10047e-10
     57.1841  2.72857e-10
     57.8307  -8.1589e-11
     58.4846  2.55743e-10
     59.1458 -5.87081e-11
     59.8146  2.65717e-10
     60.4908 -5.31312e-11
     61.1748  2.73488e-10
     61.8665 -2.80978e-11
      62.566  2.68509e-10
     63.2734 -8.87341e-12
     63.9888   2.8134e-10
     64.7123  7.38404e-12
     65.4439  2.85778e-10
     66.1839  3.22927e-11
     66.9322  2.90618e-10
      67.689  5.79187e-11
     68.4543  2.97824e-10
     69.2283  8.08285e-11
      70.011  3.12381e-10
     70.8026  1.00746e-10
     71.6031  3.28814e-10
     72.4127  1.24945e-10
     73.2314  3.45758e-10
     74.0594  1.49319e-10
     74.8968  3.64828e-10
     75.7436  1.79277e-10
        76.6  3.81695e-10
     77.4661  2.11663e-10
     78.3419   4.0487e-10
     79.2277  2.40635e-10
     80.1235  4.34038e-10
     81.0294   2.7225e-10
     81.9456  4.63321e-10
     82.8721  3.10042e-10
     83.8091  4.93615e-10
     84.7567  3.50714e-10
      85.715  5.29076e-10
     86.6841   3.9307e-10
     87.6642  5.68882e-10
     88.6554  4.39452e-10
     89.6578  6.12027e-10
     90.6715   4.8978e-10
     91.6967  6.60235e-10
     92.7335  5.44378e-10
      93.782  7.12224e-10
     94.8423  6.04637e-10
     95.9147  7.69216e-10
     96.9991   6.6929e-10
     98.0958  8.32492e-10
      99.205  7.39694e-10
