 0.000992177     -4.81747
  0.00100339     -4.79065
  0.00101474      -4.7633
  0.00102621     -4.73539
  0.00103782     -4.70695
  0.00104955     -4.67796
  0.00106142     -4.64836
  0.00107342     -4.61824
  0.00108555     -4.58747
  0.00109783     -4.55617
  0.00111024     -4.52421
  0.00112279     -4.49166
  0.00113549     -4.45849
  0.00114833     -4.42469
  0.00116131     -4.39024
  0.00117444     -4.35516
  0.00118772     -4.31939
  0.00120115     -4.28298
  0.00121473     -4.24588
  0.00122846     -4.20811
  0.00124235     -4.16964
   0.0012564     -4.13046
  0.00127061     -4.09057
  0.00128497     -4.04999
   0.0012995     -4.00863
  0.00131419     -3.96659
  0.00132905     -3.92376
  0.00134408     -3.88022
  0.00135928     -3.83588
  0.00137465     -3.79082
  0.00139019     -3.74495
  0.00140591     -3.69832
   0.0014218     -3.65089
  0.00143788     -3.60268
  0.00145413     -3.55367
  0.00147058     -3.50385
   0.0014872     -3.45321
  0.00150402     -3.40179
  0.00152102     -3.34951
  0.00153822     -3.29644
  0.00155561     -3.24252
   0.0015732     -3.18779
  0.00159099     -3.13222
  0.00160898     -3.07582
  0.00162717     -3.01858
  0.00164557     -2.96051
  0.00166417      -2.9016
  0.00168299     -2.84186
  0.00170202     -2.78128
  0.00172126     -2.71988
  0.00174072     -2.65764
   0.0017604     -2.59459
  0.00178031     -2.53071
  0.00180044     -2.46603
  0.00182079     -2.40053
  0.00184138     -2.33426
   0.0018622     -2.26717
  0.00188326     -2.19933
  0.00190455      -2.1307
  0.00192608     -2.06134
  0.00194786     -1.99123
  0.00196988      -1.9204
  0.00199216     -1.84887
  0.00201468     -1.77666
  0.00203746     -1.70376
   0.0020605     -1.63024
  0.00208379     -1.55608
  0.00210735     -1.48135
  0.00213118     -1.40603
  0.00215528     -1.33019
  0.00217965     -1.25382
  0.00220429     -1.17699
  0.00222921     -1.09972
  0.00225442     -1.02205
  0.00227991    -0.944008
  0.00230568    -0.865658
  0.00233175     -0.78702
  0.00235812    -0.708163
  0.00238478    -0.629116
  0.00241174    -0.549949
  0.00243901    -0.470699
  0.00246659     -0.39144
  0.00249448    -0.312214
  0.00252268      -0.2331
   0.0025512    -0.154148
  0.00258005   -0.0754411
  0.00260922   0.00296527
  0.00263872    0.0809819
  0.00266856     0.158547
  0.00269873     0.235566
  0.00272924     0.311971
   0.0027601      0.38766
  0.00279131     0.462561
  0.00282287     0.536565
  0.00285478     0.609594
  0.00288706     0.681533
  0.00291971     0.752298
  0.00295272     0.821768
   0.0029861     0.889853
  0.00301986     0.956427
  0.00305401      1.02139
  0.00308854      1.08462
  0.00312346      1.14601
  0.00315878      1.20542
  0.00319449      1.26275
  0.00323061      1.31786
  0.00326714      1.37063
  0.00330408      1.42093
  0.00334143      1.46863
  0.00337921       1.5136
  0.00341742      1.55572
  0.00345606      1.59483
  0.00349514      1.63083
  0.00353465      1.66356
  0.00357462       1.6929
  0.00361503      1.71872
  0.00365591      1.74089
  0.00369724      1.75927
  0.00373905      1.77376
  0.00378132      1.78421
  0.00382408      1.79051
  0.00386731      1.79255
  0.00391104      1.79021
  0.00395526      1.78339
  0.00399998        1.772
  0.00404521      1.75593
  0.00409094      1.73511
   0.0041372      1.70945
  0.00418397       1.6789
  0.00423128       1.6434
  0.00427912       1.6029
   0.0043275      1.55738
  0.00437643      1.50682
  0.00442592       1.4512
  0.00447596      1.39056
  0.00452656      1.32491
  0.00457774      1.25431
   0.0046295      1.17882
  0.00468185      1.09853
  0.00473478      1.01355
  0.00478832     0.924023
  0.00484245      0.83009
  0.00489721     0.731944
  0.00495258     0.629786
  0.00500857     0.523863
   0.0050652     0.414429
  0.00512247     0.301791
  0.00518039     0.186266
  0.00523896    0.0682205
   0.0052982   -0.0519621
   0.0053581    -0.173848
  0.00541868    -0.296986
  0.00547995    -0.420875
  0.00554191    -0.544992
  0.00560457    -0.668764
  0.00566794      -0.7916
  0.00573202    -0.912854
  0.00579683     -1.03186
  0.00586237     -1.14791
  0.00592866     -1.26028
  0.00599569     -1.36817
  0.00606348     -1.47079
  0.00613204     -1.56731
  0.00620137     -1.65687
  0.00627148     -1.73857
  0.00634239     -1.81152
   0.0064141     -1.87478
  0.00648662     -1.92742
  0.00655997     -1.96847
  0.00663414     -1.99699
  0.00670914     -2.01199
    0.006785     -2.01253
  0.00686172     -1.99764
   0.0069393     -1.96641
  0.00701776      -1.9179
   0.0070971     -1.85124
  0.00717735     -1.76557
   0.0072585      -1.6601
  0.00734057     -1.53407
  0.00742356     -1.38679
   0.0075075     -1.21765
  0.00759238     -1.02611
  0.00767823    -0.811708
  0.00776504    -0.574114
  0.00785284    -0.313078
  0.00794162   -0.0284835
  0.00803142     0.279668
  0.00812222     0.611228
  0.00821406     0.965911
  0.00830693      1.34327
  0.00840085       1.7427
  0.00849584      2.16342
   0.0085919      2.60449
  0.00868904      3.06477
  0.00878728      3.54295
  0.00888664      4.03753
  0.00898711      4.54682
  0.00908873      5.06896
  0.00919149      5.60187
  0.00929541      6.14334
  0.00940051      6.69096
   0.0095068      7.24216
  0.00961429      7.79424
  0.00972299      8.34434
  0.00983293      8.88952
   0.0099441      9.42669
   0.0100565      9.95274
   0.0101702      10.4645
   0.0102852      10.9587
   0.0104015      11.4322
   0.0105191      11.8819
   0.0106381      12.3046
   0.0107583      12.6974
     0.01088      13.0575
    0.011003      13.3822
   0.0111274      13.6692
   0.0112532      13.9163
   0.0113804      14.1216
   0.0115091      14.2837
   0.0116392      14.4014
   0.0117708       14.474
   0.0119039      14.5011
   0.0120385      14.4829
   0.0121746        14.42
   0.0123123      14.3135
   0.0124515      14.1649
   0.0125923      13.9763
   0.0127347      13.7502
   0.0128786      13.4895
   0.0130243      13.1975
   0.0131715      12.8781
   0.0133204      12.5352
   0.0134711      12.1732
   0.0136234      11.7966
   0.0137774      11.4101
   0.0139332      11.0185
   0.0140907      10.6263
     0.01425      10.2383
   0.0144111      9.85878
   0.0145741      9.49184
   0.0147389      9.14118
   0.0149055      8.81006
    0.015074      8.50119
   0.0152445      8.21667
   0.0154168      7.95797
   0.0155911      7.72583
   0.0157674      7.52032
   0.0159457      7.34077
    0.016126      7.18581
   0.0163083      7.05344
   0.0164927      6.94104
   0.0166792      6.84547
   0.0168678      6.76319
   0.0170585      6.69034
   0.0172514      6.62293
   0.0174464       6.5569
   0.0176437      6.48834
   0.0178432       6.4136
   0.0180449      6.32944
   0.0182489      6.23317
   0.0184553      6.12277
   0.0186639      5.99696
    0.018875      5.85528
   0.0190884      5.69811
   0.0193042      5.52667
   0.0195225      5.34299
   0.0197432      5.14976
   0.0199664      4.95029
   0.0201922       4.7483
   0.0204205      4.54775
   0.0206513      4.35263
   0.0208848      4.16675
    0.021121      3.99353
   0.0213598      3.83579
   0.0216013      3.69556
   0.0218455      3.57399
   0.0220925      3.47122
   0.0223423      3.38636
   0.0225949      3.31753
   0.0228504      3.26196
   0.0231088      3.21617
     0.02337      3.17613
   0.0236343      3.13762
   0.0239015      3.09642
   0.0241717       3.0487
    0.024445      2.99127
   0.0247214      2.92185
   0.0250009      2.83923
   0.0252836      2.74346
   0.0255695       2.6358
   0.0258586      2.51867
   0.0261509      2.39549
   0.0264466      2.27037
   0.0267456      2.14777
    0.027048      2.03211
   0.0273539      1.92734
   0.0276631      1.83656
   0.0279759      1.76167
   0.0282922       1.7032
   0.0286121      1.66015
   0.0289356      1.63012
   0.0292628      1.60948
   0.0295936      1.59375
   0.0299282      1.57808
   0.0302666      1.55778
   0.0306088      1.52887
   0.0309549      1.48859
   0.0313049      1.43572
   0.0316589      1.37083
   0.0320168       1.2962
   0.0323788      1.21558
   0.0327449      1.13374
   0.0331151      1.05584
   0.0334896     0.986677
   0.0338682      0.93005
   0.0342511     0.888125
   0.0346384      0.86109
     0.03503     0.847053
   0.0354261     0.842286
   0.0358267     0.841755
   0.0362317      0.83991
   0.0366414     0.831579
   0.0370557     0.812864
   0.0374746      0.78184
   0.0378983     0.738958
   0.0383268     0.687012
   0.0387602     0.630688
   0.0391984      0.57571
   0.0396416     0.527763
   0.0400898     0.491339
   0.0405431     0.468803
   0.0410015     0.459825
   0.0414651     0.461377
   0.0419339     0.468307
   0.0424081     0.474426
   0.0428875     0.473868
   0.0433725     0.462471
   0.0438628     0.438794
   0.0443588     0.404546
   0.0448603     0.364238
   0.0453675     0.324118
   0.0458805     0.290585
   0.0463992     0.268503
   0.0469239     0.259821
   0.0474544     0.262962
   0.0479909     0.273151
   0.0485336     0.283712
   0.0490823     0.287978
   0.0496373     0.281305
   0.0501985     0.262554
   0.0507661     0.234544
     0.05134     0.203239
   0.0519205     0.175866
   0.0525076     0.158492
   0.0531012     0.153901
   0.0537016     0.160501
   0.0543088     0.172783
   0.0549229     0.183215
   0.0555438     0.185035
   0.0561718     0.174855
    0.056807     0.154094
   0.0574492     0.128531
   0.0580988     0.106057
   0.0587557    0.0934087
     0.05942    0.0932542
   0.0600919      0.10289
   0.0607713     0.115313
   0.0614584     0.122291
   0.0621533     0.118197
    0.062856     0.102757
   0.0635667    0.0813561
   0.0642854    0.0624987
   0.0650123    0.0535674
   0.0657473    0.0569255
   0.0664907    0.0685164
   0.0672425    0.0798616
   0.0680028    0.0826482
   0.0687716    0.0734336
   0.0695492     0.055794
   0.0703356    0.0383955
   0.0711308    0.0299074
   0.0719351    0.0336225
   0.0727484    0.0452216
   0.0735709    0.0553084
   0.0744028    0.0554548
    0.075244    0.0438879
   0.0760947     0.026932
   0.0769551     0.014819
   0.0778252    0.0145064
   0.0787051    0.0244846
    0.079595    0.0356606
    0.080495    0.0380394
   0.0814051    0.0284834
   0.0823255    0.0133985
   0.0832563   0.00384774
   0.0841976   0.00652227
   0.0851496    0.0179625
   0.0861124    0.0271979
    0.087086    0.0251581
   0.0880707    0.0128323
   0.0890664  0.000663249
   0.0900735 -0.000946367
   0.0910919   0.00847097
   0.0921218    0.0187013
   0.0931634    0.0186997
   0.0942167   0.00773267
    0.095282  -0.00355899
   0.0963593   -0.0040574
   0.0974488   0.00594225
   0.0985506    0.0147613
   0.0996649    0.0121103
    0.100792  0.000802932
    0.101931  -0.00622316
    0.103084  -0.00104799
    0.104249    0.0095533
    0.105428     0.012118
     0.10662   0.00326782
    0.107826  -0.00580886
    0.109045  -0.00368675
    0.110278   0.00609972
    0.111524   0.00967196
    0.112785   0.00187367
    0.114061  -0.00629921
     0.11535  -0.00331744
    0.116655   0.00599811
    0.117973     0.007473
    0.119307 -0.000921517
    0.120656    -0.005857
     0.12202  0.000351772
      0.1234   0.00723577
    0.124795   0.00326806
    0.126206  -0.00480255
    0.127633  -0.00330567
    0.129076    0.0045802
    0.130536   0.00440224
    0.132012  -0.00345055
    0.133504  -0.00428408
    0.135014   0.00335135
     0.13654   0.00470499
    0.138084  -0.00262575
    0.139645  -0.00377408
    0.141224   0.00345351
    0.142821   0.00385349
    0.144436  -0.00352889
    0.146069  -0.00301161
     0.14772   0.00398004
    0.149391   0.00178905
     0.15108  -0.00454968
    0.152788  -0.00034996
    0.154515   0.00473535
    0.156262  -0.00111178
    0.158029  -0.00370611
    0.159816   0.00316701
    0.161623   0.00223813
     0.16345  -0.00432196
    0.165298 -4.97145e-06
    0.167167   0.00383641
    0.169057  -0.00270243
    0.170969  -0.00186495
    0.172902   0.00417038
    0.174857 -0.000946935
    0.176834  -0.00283782
    0.178833   0.00341748
    0.180855 -0.000448063
      0.1829  -0.00317658
    0.184968   0.00303059
    0.187059 -0.000211283
    0.189174  -0.00244788
    0.191313   0.00321802
    0.193476 -0.000906539
    0.195664  -0.00175198
    0.197876   0.00271576
    0.200114  -0.00218345
    0.202376 -0.000125659
    0.204664   0.00208468
    0.206978  -0.00244341
    0.209319   0.00195653
    0.211685 -0.000236775
    0.214079   -0.0015615
    0.216499   0.00218504
    0.218947  -0.00232357
    0.221423   0.00150036
    0.223926  0.000114914
    0.226458  -0.00117622
    0.229018   0.00211518
    0.231608  -0.00264059
    0.234226   0.00210505
    0.236875  -0.00145498
    0.239553  0.000666245
    0.242261  0.000537386
    0.245001  -0.00125842
    0.247771   0.00168232
    0.250572  -0.00220894
    0.253405   0.00217691
     0.25627  -0.00193716
    0.259168   0.00191386
    0.262098  -0.00156174
    0.265062   0.00114438
    0.268059   -0.0010601
    0.271089  0.000790682
    0.274154 -0.000465162
    0.277254  0.000474792
    0.280389  -0.00036522
    0.283559   0.00013067
    0.286765 -0.000187789
    0.290008  0.000205244
    0.293287 -1.46111e-05
    0.296603  4.91965e-05
    0.299956 -0.000152433
    0.303348  2.44385e-06
    0.306777  3.52784e-05
    0.310246  0.000113223
    0.313754 -5.36393e-05
    0.317301 -8.08685e-05
    0.320889 -3.66427e-05
    0.324517  0.000110097
    0.328186  4.96403e-05
    0.331897 -6.14109e-05
    0.335649 -9.70138e-05
    0.339444  5.48819e-05
    0.343282  9.11906e-05
    0.347164 -2.01599e-05
    0.351089 -0.000110017
    0.355059  1.08857e-05
    0.359073  9.88985e-05
    0.363133  8.43001e-06
    0.367239 -0.000101513
    0.371391 -2.67261e-06
     0.37559  9.10366e-05
    0.379837  4.70063e-06
    0.384131 -9.08872e-05
    0.388474   5.9427e-06
    0.392867  7.97268e-05
    0.397309 -1.42727e-05
    0.401801 -7.41939e-05
    0.406344  2.89962e-05
    0.410938  5.93149e-05
    0.415584 -4.06548e-05
    0.420283 -4.76235e-05
    0.425035  5.50289e-05
    0.429841  2.71838e-05
    0.434701  -6.2381e-05
    0.439616 -8.01082e-07
    0.444586  6.36866e-05
    0.449613 -3.60402e-05
    0.454697 -4.61458e-05
    0.459838  6.46879e-05
    0.465037  1.99322e-06
    0.470295 -6.73139e-05
    0.475612  5.39395e-05
     0.48099  2.26639e-05
    0.486428 -7.47485e-05
    0.491928  4.48552e-05
     0.49749  2.78903e-05
    0.503115 -7.20134e-05
    0.508803  4.81825e-05
    0.514556  1.59352e-05
    0.520374 -6.26765e-05
    0.526258  5.41022e-05
    0.532208 -5.55089e-06
    0.538225 -4.20686e-05
    0.544311   5.5404e-05
    0.550465 -2.93095e-05
    0.556689 -1.53308e-05
    0.562983  4.47568e-05
    0.569348 -4.53943e-05
    0.575786  1.91058e-05
    0.582296  1.71727e-05
     0.58888 -4.53637e-05
    0.595538  5.09592e-05
    0.602271 -3.60341e-05
    0.609081  7.58871e-06
    0.615967  2.34723e-05
    0.622932 -4.74954e-05
    0.629975  5.68506e-05
    0.637098 -5.48182e-05
    0.644301  4.18009e-05
    0.651586 -2.26118e-05
    0.658953  2.17116e-06
    0.666404  1.47655e-05
    0.673939 -2.88275e-05
    0.681558   3.7134e-05
    0.689264 -4.15554e-05
    0.697058   4.1317e-05
    0.704939 -3.95171e-05
    0.712909  3.58944e-05
     0.72097 -3.09968e-05
    0.729122  2.51874e-05
    0.737365 -2.20095e-05
    0.745702  1.76586e-05
    0.754134 -1.38288e-05
     0.76266  1.09272e-05
    0.771283 -9.21616e-06
    0.780004  6.77205e-06
    0.788823  -5.4385e-06
    0.797742  3.81031e-06
    0.806762 -3.78691e-06
    0.815883  2.70856e-06
    0.825108 -2.01303e-06
    0.834437  1.36654e-06
    0.843872 -1.58232e-06
    0.853413  9.58995e-07
    0.863062 -1.09402e-06
    0.872821  2.31028e-07
    0.882689  -6.2161e-07
    0.892669  6.93523e-07
    0.902762  -8.5523e-07
    0.912969 -6.56942e-08
    0.923292  -3.9676e-07
    0.933731  2.49564e-07
    0.944288 -5.33581e-07
    0.954965  7.26751e-08
    0.965762 -3.41585e-07
    0.976682 -1.97617e-07
    0.987725 -2.25078e-07
    0.998892 -2.23348e-08
     1.01019  -4.0981e-07
     1.02161 -1.49273e-07
     1.03316  6.46748e-08
     1.04484 -3.77477e-07
     1.05665 -4.13283e-07
      1.0686  1.00045e-07
     1.08068 -1.64026e-07
      1.0929 -2.22739e-07
     1.10526 -3.44205e-07
     1.11776 -2.58203e-07
     1.13039  5.78895e-08
     1.14317 -8.33477e-08
      1.1561 -5.04909e-07
     1.16917  -1.0888e-07
     1.18239  -5.9667e-08
     1.19576  -2.9068e-07
     1.20928 -1.82132e-07
     1.22295 -1.78678e-07
     1.23678  -1.5382e-07
     1.25076 -1.86509e-07
      1.2649 -2.54792e-07
     1.27921 -6.66545e-08
     1.29367 -3.66348e-07
      1.3083 -6.41115e-08
     1.32309 -1.52857e-07
     1.33805 -3.04478e-07
     1.35318 -1.47554e-07
     1.36848 -1.28648e-07
     1.38395 -2.21077e-07
      1.3996 -2.93632e-07
     1.41542 -8.18328e-08
     1.43143 -1.67916e-07
     1.44761 -2.64595e-07
     1.46398 -1.36566e-07
     1.48053 -2.18341e-07
     1.49727  -1.8744e-07
      1.5142 -1.70717e-07
     1.53132 -2.02007e-07
     1.54863 -1.77258e-07
     1.56614  -1.5904e-07
     1.58385 -2.78273e-07
     1.60176 -1.29607e-07
     1.61987 -1.56618e-07
     1.63818 -2.54278e-07
     1.65671 -1.67968e-07
     1.67544 -1.68309e-07
     1.69438 -2.06285e-07
     1.71354 -2.09262e-07
     1.73291 -1.32755e-07
     1.75251 -1.91655e-07
     1.77232 -2.73407e-07
     1.79236 -8.76115e-08
     1.81262 -2.55869e-07
     1.83312 -1.67259e-07
     1.85384 -1.72964e-07
     1.87481 -2.32128e-07
       1.896 -1.58739e-07
     1.91744 -1.86743e-07
     1.93912 -1.83442e-07
     1.96104 -2.21887e-07
     1.98322 -1.30824e-07
     2.00564 -2.54914e-07
     2.02832 -1.17785e-07
     2.05125 -2.48067e-07
     2.07444 -1.59372e-07
      2.0979 -1.98761e-07
     2.12162 -1.79924e-07
     2.14561 -2.01631e-07
     2.16987   -1.792e-07
      2.1944 -2.09995e-07
     2.21921 -1.43341e-07
      2.2443 -2.52886e-07
     2.26968 -1.32751e-07
     2.29534  -2.2709e-07
     2.32129 -1.61786e-07
     2.34754 -2.03432e-07
     2.37408  -1.9118e-07
     2.40092 -1.66164e-07
     2.42807 -2.16968e-07
     2.45552 -1.61745e-07
     2.48328 -2.14661e-07
     2.51136 -1.58611e-07
     2.53976 -2.22556e-07
     2.56847 -1.62749e-07
     2.59751 -2.03053e-07
     2.62688 -1.84231e-07
     2.65658 -1.93815e-07
     2.68662 -1.79579e-07
       2.717 -1.96047e-07
     2.74772 -1.86696e-07
     2.77878 -1.87689e-07
      2.8102 -1.89348e-07
     2.84198 -1.92968e-07
     2.87411 -1.81229e-07
      2.9066 -1.95291e-07
     2.93947 -1.88152e-07
      2.9727 -1.83162e-07
     3.00631 -1.92434e-07
      3.0403 -1.86549e-07
     3.07468 -1.87095e-07
     3.10944 -1.93182e-07
      3.1446 -1.88073e-07
     3.18016 -1.87426e-07
     3.21611 -1.93913e-07
     3.25248 -1.83006e-07
     3.28925 -1.92395e-07
     3.32644 -1.88752e-07
     3.36405  -1.8408e-07
     3.40209 -1.91524e-07
     3.44055 -1.86572e-07
     3.47945 -1.91968e-07
     3.51879 -1.89029e-07
     3.55858  -1.8549e-07
     3.59881 -1.93173e-07
      3.6395 -1.85127e-07
     3.68065  -1.9143e-07
     3.72227 -1.87716e-07
     3.76436 -1.88269e-07
     3.80692  -1.8984e-07
     3.84996 -1.86171e-07
     3.89349 -1.91305e-07
     3.93751 -1.85581e-07
     3.98203 -1.91875e-07
     4.02705 -1.86745e-07
     4.07259 -1.91941e-07
     4.11863 -1.86658e-07
      4.1652  -1.9006e-07
     4.21229 -1.86648e-07
     4.25992 -1.89589e-07
     4.30809 -1.87712e-07
      4.3568 -1.90201e-07
     4.40606 -1.88386e-07
     4.45587 -1.89524e-07
     4.50625 -1.87044e-07
      4.5572 -1.88478e-07
     4.60873 -1.89434e-07
     4.66084 -1.89514e-07
     4.71354 -1.88517e-07
     4.76683 -1.88058e-07
     4.82073 -1.88715e-07
     4.87523 -1.89324e-07
     4.93035 -1.89179e-07
      4.9861 -1.88406e-07
     5.04247 -1.87961e-07
     5.09949 -1.88219e-07
     5.15714 -1.88502e-07
     5.21545 -1.90032e-07
     5.27442 -1.88964e-07
     5.33406 -1.88762e-07
     5.39437   -1.889e-07
     5.45536 -1.88276e-07
     5.51704 -1.87558e-07
     5.57942 -1.87878e-07
      5.6425 -1.89721e-07
      5.7063 -1.89236e-07
     5.77082 -1.89076e-07
     5.83607 -1.88839e-07
     5.90205 -1.88058e-07
     5.96878 -1.88305e-07
     6.03627 -1.88911e-07
     6.10452 -1.88082e-07
     6.17354 -1.88764e-07
     6.24334 -1.89043e-07
     6.31393  -1.8883e-07
     6.38532 -1.88991e-07
     6.45752 -1.88571e-07
     6.53053 -1.88257e-07
     6.60437 -1.87874e-07
     6.67904 -1.89409e-07
     6.75456  -1.8822e-07
     6.83093 -1.88954e-07
     6.90816 -1.89057e-07
     6.98627 -1.88446e-07
     7.06526 -1.87849e-07
     7.14514 -1.88821e-07
     7.22593 -1.88897e-07
     7.30763 -1.88384e-07
     7.39025 -1.88732e-07
     7.47381 -1.88942e-07
     7.55831 -1.87889e-07
     7.64377 -1.89088e-07
      7.7302 -1.88454e-07
      7.8176 -1.88591e-07
     7.90599 -1.88231e-07
     7.99538 -1.88243e-07
     8.08578 -1.89394e-07
      8.1772 -1.88672e-07
     8.26966  -1.8774e-07
     8.36316 -1.88733e-07
     8.45772 -1.88457e-07
     8.55334 -1.88951e-07
     8.65005 -1.88064e-07
     8.74785 -1.88698e-07
     8.84676 -1.88664e-07
     8.94679 -1.88054e-07
     9.04795 -1.88502e-07
     9.15025 -1.88807e-07
      9.2537  -1.8827e-07
     9.35833 -1.88746e-07
     9.46414 -1.87988e-07
     9.57115 -1.88667e-07
     9.67936  -1.8821e-07
      9.7888 -1.88736e-07
     9.89948 -1.88348e-07
     10.0114 -1.88171e-07
     10.1246 -1.88465e-07
     10.2391 -1.88454e-07
     10.3548 -1.88365e-07
     10.4719 -1.88272e-07
     10.5903 -1.88374e-07
     10.7101   -1.884e-07
     10.8312 -1.88228e-07
     10.9536 -1.88463e-07
     11.0775 -1.88101e-07
     11.2027 -1.88621e-07
     11.3294 -1.88072e-07
     11.4575 -1.88297e-07
      11.587  -1.8816e-07
      11.718 -1.88449e-07
     11.8505 -1.88206e-07
     11.9845 -1.87946e-07
       12.12 -1.88449e-07
      12.257 -1.88183e-07
     12.3956 -1.88142e-07
     12.5358 -1.88105e-07
     12.6775 -1.88246e-07
     12.8209 -1.88154e-07
     12.9658 -1.88012e-07
     13.1124 -1.88191e-07
     13.2607  -1.8801e-07
     13.4106 -1.88158e-07
     13.5622 -1.87948e-07
     13.7156  -1.8812e-07
     13.8707 -1.87998e-07
     14.0275 -1.87902e-07
     14.1861 -1.88124e-07
     14.3465 -1.87926e-07
     14.5087 -1.87873e-07
     14.6727 -1.88018e-07
     14.8386 -1.87887e-07
     15.0064 -1.87847e-07
     15.1761 -1.87895e-07
     15.3477 -1.87843e-07
     15.5212  -1.8783e-07
     15.6967 -1.87783e-07
     15.8742 -1.87818e-07
     16.0536 -1.87737e-07
     16.2351 -1.87721e-07
     16.4187 -1.87708e-07
     16.6043 -1.87649e-07
     16.7921 -1.87688e-07
     16.9819 -1.87587e-07
      17.174 -1.87627e-07
     17.3681 -1.87559e-07
     17.5645  -1.8755e-07
     17.7631 -1.87478e-07
     17.9639 -1.87572e-07
      18.167 -1.87339e-07
     18.3725 -1.87538e-07
     18.5802 -1.87349e-07
     18.7903  -1.8732e-07
     19.0027 -1.87418e-07
     19.2176 -1.87214e-07
     19.4349 -1.87292e-07
     19.6546 -1.87261e-07
     19.8768 -1.87124e-07
     20.1016 -1.87217e-07
     20.3288 -1.87071e-07
     20.5587  -1.8709e-07
     20.7911 -1.87057e-07
     21.0262  -1.8697e-07
     21.2639  -1.8698e-07
     21.5044 -1.86902e-07
     21.7475 -1.86865e-07
     21.9934 -1.86849e-07
     22.2421 -1.86741e-07
     22.4935 -1.86794e-07
     22.7479 -1.86645e-07
     23.0051 -1.86664e-07
     23.2652 -1.86569e-07
     23.5282 -1.86563e-07
     23.7942 -1.86487e-07
     24.0633 -1.86439e-07
     24.3353 -1.86385e-07
     24.6105 -1.86334e-07
     24.8888 -1.86273e-07
     25.1702 -1.86206e-07
     25.4547 -1.86166e-07
     25.7425 -1.86102e-07
     26.0336 -1.86025e-07
      26.328 -1.85977e-07
     26.6256 -1.85906e-07
     26.9267 -1.85847e-07
     27.2311 -1.85775e-07
      27.539 -1.85711e-07
     27.8504 -1.85633e-07
     28.1653 -1.85569e-07
     28.4837 -1.85489e-07
     28.8058 -1.85415e-07
     29.1315 -1.85341e-07
     29.4609  -1.8526e-07
      29.794 -1.85179e-07
     30.1308 -1.85103e-07
     30.4715 -1.85012e-07
      30.816 -1.84932e-07
     31.1644 -1.84837e-07
     31.5168 -1.84756e-07
     31.8731 -1.84661e-07
     32.2335 -1.84566e-07
      32.598 -1.84471e-07
     32.9665  -1.8437e-07
     33.3393 -1.84271e-07
     33.7162 -1.84169e-07
     34.0974 -1.84063e-07
      34.483 -1.83962e-07
     34.8729 -1.83847e-07
     35.2671 -1.83737e-07
     35.6659 -1.83617e-07
     36.0691 -1.83508e-07
      36.477 -1.83383e-07
     36.8894 -1.83262e-07
     37.3065  -1.8314e-07
     37.7283 -1.83009e-07
     38.1549 -1.82877e-07
     38.5863 -1.82745e-07
     39.0225 -1.82608e-07
     39.4638 -1.82469e-07
       39.91 -1.82324e-07
     40.3612 -1.82181e-07
     40.8175  -1.8203e-07
      41.279 -1.81877e-07
     41.7458 -1.81718e-07
     42.2178 -1.81563e-07
     42.6951 -1.81399e-07
     43.1778 -1.81231e-07
      43.666 -1.81062e-07
     44.1597 -1.80888e-07
      44.659 -1.80706e-07
      45.164 -1.80531e-07
     45.6746  -1.8034e-07
      46.191 -1.80153e-07
     46.7133 -1.79955e-07
     47.2415 -1.79757e-07
     47.7756 -1.79554e-07
     48.3158 -1.79349e-07
     48.8621 -1.79135e-07
     49.4145 -1.78917e-07
     49.9732 -1.78695e-07
     50.5383 -1.78473e-07
     51.1097 -1.78236e-07
     51.6875 -1.78003e-07
      52.272 -1.77758e-07
      52.863 -1.77513e-07
     53.4607 -1.77259e-07
     54.0651 -1.77002e-07
     54.6764 -1.76737e-07
     55.2946 -1.76469e-07
     55.9198 -1.76191e-07
     56.5521 -1.75913e-07
     57.1915  -1.7562e-07
     57.8381 -1.75329e-07
      58.492 -1.75028e-07
     59.1534 -1.74723e-07
     59.8222 -1.74407e-07
     60.4986 -1.74089e-07
     61.1826 -1.73757e-07
     61.8744 -1.73426e-07
      62.574 -1.73083e-07
     63.2815 -1.72735e-07
      63.997 -1.72375e-07
     64.7205 -1.72013e-07
     65.4523 -1.71639e-07
     66.1923  -1.7126e-07
     66.9408  -1.7087e-07
     67.6976 -1.70474e-07
      68.463 -1.70067e-07
     69.2371 -1.69654e-07
       70.02  -1.6923e-07
     70.8116 -1.68799e-07
     71.6123 -1.68355e-07
      72.422 -1.67906e-07
     73.2408 -1.67444e-07
     74.0689 -1.66976e-07
     74.9064 -1.66493e-07
     75.7533 -1.66004e-07
     76.6098 -1.65503e-07
      77.476 -1.64991e-07
      78.352 -1.64469e-07
     79.2379 -1.63936e-07
     80.1338  -1.6339e-07
     81.0398 -1.62836e-07
     81.9561 -1.62266e-07
     82.8827 -1.61688e-07
     83.8198 -1.61096e-07
     84.7676 -1.60493e-07
      85.726 -1.59876e-07
     86.6952 -1.59247e-07
     87.6755 -1.58604e-07
     88.6668  -1.5795e-07
     89.6693  -1.5728e-07
     90.6831 -1.56598e-07
     91.7084   -1.559e-07
     92.7454 -1.55191e-07
      93.794 -1.54464e-07
     94.8545 -1.53725e-07
     95.9269  -1.5297e-07
     97.0115   -1.522e-07
     98.1084 -1.51413e-07
     99.2177 -1.50612e-07
