  0.00099205  -0.00523087
  0.00100327   -0.0201719
  0.00101461  -0.00670871
  0.00102608   -0.0211417
  0.00103768  -0.00806575
  0.00104942   -0.0224283
  0.00106128   -0.0094824
  0.00107328   -0.0237154
  0.00108542   -0.0111879
  0.00109769   -0.0250058
   0.0011101   -0.0131222
  0.00112265   -0.0263795
  0.00113534   -0.0151757
  0.00114818   -0.0280219
  0.00116116   -0.0172477
  0.00117429   -0.0299084
  0.00118757    -0.019516
    0.001201   -0.0319014
  0.00121457    -0.022012
  0.00122831   -0.0340985
  0.00124219   -0.0246889
  0.00125624    -0.036547
  0.00127044   -0.0275065
  0.00128481   -0.0393002
  0.00129933   -0.0305641
  0.00131403   -0.0422252
  0.00132888   -0.0339506
  0.00134391   -0.0454084
   0.0013591   -0.0375928
  0.00137447   -0.0489038
  0.00139001   -0.0415402
  0.00140573   -0.0527096
  0.00142162   -0.0458274
  0.00143769   -0.0568631
  0.00145395   -0.0504501
  0.00147039   -0.0614249
  0.00148701   -0.0554362
  0.00150383   -0.0663925
  0.00152083   -0.0608558
  0.00153802   -0.0717871
  0.00155541   -0.0667339
    0.001573   -0.0776541
  0.00159079   -0.0731031
  0.00160877   -0.0840374
  0.00162696   -0.0799896
  0.00164536   -0.0909858
  0.00166396   -0.0874402
  0.00168277   -0.0985314
   0.0017018   -0.0955057
  0.00172104    -0.106724
   0.0017405    -0.104228
  0.00176018    -0.115614
  0.00178008    -0.113664
  0.00180021    -0.125245
  0.00182056    -0.123869
  0.00184115    -0.135677
  0.00186196    -0.134899
  0.00188301    -0.146967
  0.00190431     -0.14682
  0.00192584    -0.159178
  0.00194761    -0.159694
  0.00196963    -0.172382
   0.0019919    -0.173581
  0.00201442     -0.18665
   0.0020372    -0.188557
  0.00206023    -0.202053
  0.00208353    -0.204702
  0.00210708    -0.218666
  0.00213091    -0.222096
    0.002155     -0.23657
  0.00217937    -0.240819
  0.00220401    -0.255851
  0.00222893     -0.26096
  0.00225413    -0.276599
  0.00227962    -0.282607
  0.00230539    -0.298905
  0.00233146    -0.305855
  0.00235782    -0.322863
  0.00238448    -0.330799
  0.00241144    -0.348569
   0.0024387    -0.357537
  0.00246627    -0.376123
  0.00249416    -0.386167
  0.00252236    -0.405624
  0.00255088    -0.416791
  0.00257972     -0.43717
  0.00260889    -0.449506
  0.00263838    -0.470863
  0.00266822    -0.484414
  0.00269838    -0.506801
  0.00272889    -0.521612
  0.00275975    -0.545079
  0.00279095    -0.561193
  0.00282251    -0.585787
  0.00285442    -0.603243
  0.00288669     -0.62901
  0.00291933    -0.647847
  0.00295234    -0.674827
  0.00298572    -0.695078
  0.00301948    -0.723308
  0.00305362    -0.744998
  0.00308814    -0.774507
  0.00312306    -0.797656
  0.00315837    -0.828464
  0.00319408    -0.853084
  0.00323019    -0.885201
  0.00326672    -0.911292
  0.00330365    -0.944719
  0.00334101     -0.97227
  0.00337878     -1.00699
  0.00341698     -1.03598
  0.00345562     -1.07197
  0.00349469     -1.10234
   0.0035342     -1.13955
  0.00357416     -1.17126
  0.00361457     -1.20963
  0.00365544     -1.24259
  0.00369677     -1.28202
  0.00373857     -1.31613
  0.00378084     -1.35652
  0.00382359     -1.39164
  0.00386682     -1.43283
  0.00391054      -1.4688
  0.00395475     -1.51064
  0.00399947     -1.54727
  0.00404469     -1.58953
  0.00409042     -1.62659
  0.00413667     -1.66904
  0.00418344     -1.70627
  0.00423074     -1.74862
  0.00427857     -1.78571
  0.00432695     -1.82764
  0.00437587     -1.86424
  0.00442535     -1.90539
  0.00447538     -1.94111
  0.00452598     -1.98106
  0.00457716     -2.01546
  0.00462891     -2.05376
  0.00468125     -2.08636
  0.00473418      -2.1225
   0.0047877     -2.15278
  0.00484183     -2.18621
  0.00489658     -2.21359
  0.00495194     -2.24373
  0.00500793     -2.26759
  0.00506455      -2.2938
  0.00512182     -2.31349
  0.00517973     -2.33511
  0.00523829     -2.34996
  0.00529752     -2.36629
  0.00535741     -2.37558
  0.00541799     -2.38593
  0.00547925     -2.38895
   0.0055412     -2.39259
  0.00560385     -2.38863
  0.00566721     -2.38486
  0.00573129     -2.37322
  0.00579609     -2.36136
  0.00586162     -2.34138
   0.0059279     -2.32079
  0.00599492     -2.29186
   0.0060627     -2.26197
  0.00613125     -2.22356
  0.00620057      -2.1839
  0.00627068     -2.13559
  0.00634158     -2.08581
  0.00641328     -2.02734
  0.00648579     -1.96723
  0.00655912     -1.89847
  0.00663329     -1.82804
  0.00670829     -1.74907
  0.00678413      -1.6685
  0.00686084     -1.57965
  0.00693841     -1.48939
  0.00701686     -1.39125
   0.0070962     -1.29203
  0.00717643     -1.18546
  0.00725757     -1.07832
  0.00733963    -0.964519
  0.00742261    -0.850811
  0.00750654    -0.731309
  0.00759141    -0.612732
  0.00767724     -0.48939
  0.00776405    -0.367979
  0.00785183    -0.243001
  0.00794061    -0.121125
  0.00803039   0.00297226
  0.00812118     0.122651
  0.00821301     0.243068
  0.00830587     0.357627
  0.00839978      0.47134
  0.00849475     0.577669
   0.0085908     0.681503
  0.00868793      0.77639
  0.00878616     0.867131
   0.0088855     0.947386
  0.00898596       1.0219
  0.00908756      1.08448
  0.00919031      1.13986
  0.00929422      1.18203
  0.00939931      1.21576
  0.00950558      1.23527
  0.00961306       1.2454
  0.00972175      1.24065
  0.00983167        1.226
  0.00994283      1.19623
   0.0100552      1.15652
   0.0101689        1.102
   0.0102839      1.03805
   0.0104002     0.960194
   0.0105178     0.874041
   0.0106367     0.775521
    0.010757     0.670487
   0.0108786     0.555266
   0.0110016     0.435955
    0.011126     0.309248
   0.0112518     0.181457
    0.011379    0.0495988
   0.0115076   -0.0798627
   0.0116378    -0.209664
   0.0117693    -0.333279
   0.0119024    -0.453305
    0.012037    -0.563267
   0.0121731    -0.665755
   0.0123107    -0.754484
   0.0124499    -0.832191
   0.0125907    -0.892942
    0.012733    -0.939786
    0.012877    -0.967302
   0.0130226    -0.979013
   0.0131698    -0.970161
   0.0133187    -0.944886
   0.0134693    -0.899221
   0.0136216    -0.838034
   0.0137756    -0.758224
   0.0139314    -0.665429
   0.0140889    -0.557422
   0.0142482    -0.440577
   0.0144093     -0.31346
   0.0145722    -0.183055
    0.014737   -0.0485392
   0.0149036    0.0827129
   0.0150721     0.211191
   0.0152425     0.329458
   0.0154149     0.438041
   0.0155892     0.529839
   0.0157654     0.605837
   0.0159437     0.659707
   0.0161239     0.693331
   0.0163062     0.701567
   0.0164906     0.687584
   0.0166771     0.647759
   0.0168656     0.586802
   0.0170563     0.502785
   0.0172492      0.40204
   0.0174442     0.284281
   0.0176414      0.15728
   0.0178409    0.0220727
   0.0180426     -0.11259
   0.0182466    -0.244947
   0.0184529    -0.365988
   0.0186615    -0.474052
   0.0188725    -0.560772
   0.0190859    -0.625544
   0.0193017    -0.661602
     0.01952    -0.670312
   0.0197407    -0.647326
   0.0199639    -0.596664
   0.0201896    -0.516877
   0.0204178    -0.414863
   0.0206487    -0.292016
   0.0208822    -0.157754
   0.0211183   -0.0156263
    0.021357     0.123446
   0.0215985     0.255081
   0.0218427     0.368418
   0.0220897     0.459988
   0.0223394     0.520828
    0.022592     0.550199
   0.0228475     0.542715
   0.0231058     0.501777
    0.023367      0.42657
   0.0236312      0.32512
   0.0238984      0.20106
   0.0241686    0.0662596
   0.0244419   -0.0726527
   0.0247183    -0.202073
   0.0249977    -0.315026
   0.0252804    -0.399196
   0.0255662    -0.450482
   0.0258553    -0.461011
   0.0261476     -0.43235
   0.0264432    -0.363221
   0.0267422    -0.262128
   0.0270446    -0.134541
   0.0273504   0.00519303
   0.0276596     0.147222
   0.0279723     0.274906
   0.0282886     0.378523
   0.0286085     0.444244
   0.0289319     0.467712
    0.029259     0.442727
   0.0295899     0.374118
   0.0299244     0.265602
   0.0302628     0.131546
   0.0306049   -0.0162536
    0.030951    -0.157963
   0.0313009    -0.279761
   0.0316548    -0.363807
   0.0320127    -0.402324
   0.0323747    -0.387167
   0.0327407    -0.322884
   0.0331109     -0.21488
   0.0334853   -0.0806538
   0.0338639    0.0638781
   0.0342467     0.194907
    0.034634     0.295653
   0.0350256     0.347505
   0.0354216       0.3446
   0.0358221     0.283728
   0.0362271     0.176785
   0.0366367    0.0379424
   0.0370509    -0.106909
   0.0374698    -0.235646
   0.0378935    -0.322378
   0.0383219    -0.353581
   0.0387552    -0.319694
   0.0391934    -0.228771
   0.0396366   -0.0943624
   0.0400847     0.055266
   0.0405379      0.19357
   0.0409963     0.289753
   0.0414598     0.326572
   0.0419286     0.293306
   0.0424026      0.19998
   0.0428821    0.0647939
   0.0433669   -0.0781852
   0.0438572    -0.197683
   0.0443531    -0.261488
   0.0448546    -0.255846
   0.0453617    -0.178537
   0.0458746   -0.0515452
   0.0463933    0.0948455
   0.0469178     0.218361
   0.0474483     0.287174
   0.0479848     0.278076
   0.0485273     0.195112
    0.049076    0.0584828
   0.0496309   -0.0891947
   0.0501921    -0.206226
   0.0507596    -0.253575
   0.0513335    -0.218982
   0.0519139    -0.110993
   0.0525008    0.0314088
   0.0530944     0.162091
   0.0536948     0.232209
   0.0543019     0.219158
   0.0549158     0.124839
   0.0555367   -0.0122923
   0.0561647     -0.14161
   0.0567997    -0.208118
   0.0574419    -0.185928
   0.0580914   -0.0789809
   0.0587482    0.0674742
   0.0594124     0.195647
   0.0600842     0.248327
   0.0607635     0.206129
   0.0614505    0.0866971
   0.0621453   -0.0500802
    0.062848    -0.140309
   0.0635586    -0.135588
   0.0642772   -0.0397798
   0.0650039     0.101972
   0.0657389     0.213097
   0.0664822     0.236785
   0.0672339      0.15644
    0.067994     0.019047
   0.0687628    -0.100082
   0.0695403    -0.127781
   0.0703266   -0.0485992
   0.0711217    0.0947891
   0.0719258      0.21321
   0.0727391     0.237384
   0.0735615     0.152005
   0.0743932    0.0208191
   0.0752344   -0.0647316
    0.076085   -0.0355271
   0.0769453    0.0925194
   0.0778152      0.23736
   0.0786951     0.295374
   0.0795848     0.230748
   0.0804847    0.0944247
   0.0813947    0.0013423
   0.0823149    0.0291011
   0.0832456      0.16485
   0.0841869     0.298559
   0.0851387     0.324867
   0.0861014     0.223168
   0.0870749    0.0941607
   0.0880594    0.0625157
    0.089055     0.175386
   0.0900619     0.340074
   0.0910802     0.418646
     0.09211     0.348332
   0.0931515     0.222288
   0.0942047      0.18927
   0.0952698     0.313666
    0.096347     0.487668
   0.0974363     0.552299
    0.098538     0.458099
   0.0996521     0.341924
    0.100779     0.365963
    0.101918     0.542022
    0.103071     0.695337
    0.104236      0.68356
    0.105415     0.563619
    0.106606     0.545137
    0.107812     0.711794
    0.109031     0.917632
    0.110264     0.957195
     0.11151     0.860294
    0.112771     0.847792
    0.114046      1.03998
    0.115336      1.26074
     0.11664      1.30024
    0.117958      1.21756
    0.119292      1.27995
    0.120641      1.53857
    0.122005      1.75359
    0.123384      1.75854
    0.124779      1.75819
     0.12619      1.98273
    0.127617      2.30762
     0.12906      2.44169
    0.130519       2.4599
    0.131995      2.66688
    0.133487      3.05824
    0.134996      3.30208
    0.136523      3.38747
    0.138066      3.64642
    0.139627      4.12476
    0.141206        4.464
    0.142803      4.65177
    0.144417      5.04837
     0.14605      5.64786
    0.147702      6.06108
    0.149372      6.39145
     0.15106      7.00976
    0.152768       7.7367
    0.154496      8.23075
    0.156242      8.82895
    0.158009      9.75204
    0.159796      10.5853
    0.161602      11.2819
    0.163429      12.3336
    0.165277      13.5131
    0.167146      14.4719
    0.169036      15.6624
    0.170947      17.1923
     0.17288      18.5112
    0.174835      19.9655
    0.176811      21.8638
     0.17881       23.632
    0.180832      25.4423
    0.182877      27.7846
    0.184944      30.0104
    0.187035      32.2966
     0.18915      35.1369
    0.191289      37.8636
    0.193452      40.6936
    0.195639      44.1036
    0.197851       47.269
    0.200088       50.722
     0.20235      54.5852
    0.204638      58.1429
    0.206952      62.1622
    0.209292      66.2809
    0.211658      70.1127
    0.214051      74.5051
    0.216471      78.4008
    0.218919      82.4067
    0.221394      86.3901
    0.223897      89.7031
    0.226429      93.1561
    0.228989      95.6229
    0.231578       97.571
    0.234196      98.5734
    0.236844      97.8951
    0.239522      96.0283
     0.24223      91.2023
    0.244969      84.2313
    0.247739      72.9389
     0.25054      57.9755
    0.253373       37.241
    0.256238      11.7044
    0.259135     -20.4972
    0.262065     -54.9825
    0.265028     -91.9995
    0.268024     -98.4142
    0.271055     -61.8908
    0.274119     -26.8503
    0.277219      12.8001
    0.280353      46.4279
    0.283523      69.1196
    0.286729      71.1409
     0.28997      100.381
    0.293249      133.268
    0.296565      157.085
    0.299918      171.876
    0.303309      178.562
    0.306738      178.619
    0.310206      173.873
    0.313714       165.48
    0.317261        154.9
    0.320848      142.818
    0.324475      130.186
    0.328144      117.335
    0.331854      104.825
    0.335606       92.757
    0.339401      81.4516
    0.343238      70.9078
    0.347119      61.3023
    0.351044      52.5664
    0.355013      44.7784
    0.359027      37.8509
    0.363086      31.8081
    0.367192       26.537
    0.371343       22.017
    0.375542      18.1405
    0.379788      14.8786
    0.384082      12.1218
    0.388425      9.82861
    0.392816      7.91597
    0.397258      6.35299
    0.401749      5.06218
    0.406292      4.01502
    0.410886      3.16135
    0.415531      2.48396
    0.420229       1.9349
    0.424981      1.50157
    0.429786      1.15683
    0.434645     0.891813
     0.43956     0.677747
     0.44453     0.515229
    0.449556     0.389607
    0.454639     0.294365
    0.459779     0.216447
    0.464977       0.1635
    0.470235     0.121578
    0.475551    0.0877896
    0.480928    0.0635066
    0.486366     0.048749
    0.491865    0.0321532
    0.497426    0.0242571
     0.50305    0.0190105
    0.508738    0.0117698
     0.51449   0.00847485
    0.520307   0.00842408
     0.52619   0.00312873
     0.53214   0.00350695
    0.538156   0.00236863
    0.544241 -7.43785e-05
    0.550394   0.00142694
    0.556617   0.00113706
    0.562911  -0.00110395
    0.569275   0.00165946
    0.575712  5.81187e-07
    0.582221 -3.29948e-05
    0.588804  0.000893663
    0.595462 -0.000927948
    0.602194  0.000951102
    0.609003  1.87172e-05
    0.615889 -0.000571115
    0.622852   0.00101786
    0.629894  -0.00176369
    0.637016   0.00154396
    0.644219 -0.000977212
    0.651503  0.000699977
    0.658869 -8.29947e-05
    0.666318 -0.000412618
    0.673852   0.00058883
    0.681471 -0.000932157
    0.689176  0.000877687
    0.696968 -0.000957392
    0.704849   0.00108505
    0.712818 -0.000486802
    0.720878  0.000736421
    0.729028 -0.000862668
    0.737271  0.000260091
    0.745607 -0.000327723
    0.754037  0.000324974
    0.762563 -2.10162e-05
    0.771185  0.000434616
    0.779904 -0.000151509
    0.788722 -3.74742e-05
     0.79764 -1.26023e-05
    0.806658 -0.000413941
    0.815779  2.68284e-05
    0.825003  0.000417193
     0.83433 -0.000166934
    0.843764 -0.000139974
    0.853304 -2.76798e-05
    0.862952  8.12689e-05
    0.872709 -1.19531e-05
    0.882576  7.34051e-05
    0.892555  0.000187664
    0.902647 -0.000155425
    0.912852 -0.000107548
    0.923174 -0.000195308
    0.933612  0.000160432
    0.944167  6.18815e-05
    0.954843  2.00168e-05
    0.965639 -1.92106e-05
    0.976557  3.46665e-05
    0.987598  6.50417e-05
    0.998764 -0.000229697
     1.01006  5.08665e-05
     1.02148 -1.85747e-05
     1.03303 -3.85461e-05
     1.04471 -6.13609e-05
     1.05652 -3.76315e-05
     1.06846  0.000199143
     1.08054  0.000233333
     1.09276 -0.000253201
     1.10512 -0.000260271
     1.11761  0.000188323
     1.13025  0.000102991
     1.14303  3.14589e-05
     1.15595 -0.000144915
     1.16902  7.32001e-05
     1.18224  6.48331e-05
     1.19561  8.35376e-05
     1.20912  1.46674e-05
      1.2228 -0.000148928
     1.23662 -0.000181574
      1.2506  0.000183743
     1.26474  0.000225554
     1.27904 -0.000231895
      1.2935 -5.54593e-05
     1.30813  0.000157141
     1.32292   4.1203e-05
     1.33788 -0.000270372
       1.353    0.0001002
      1.3683  0.000178027
     1.38377 -2.40702e-05
     1.39942 -0.000114571
     1.41524 -6.58767e-07
     1.43124  1.36596e-05
     1.44742 -9.92686e-06
     1.46379 -5.50113e-05
     1.48034  4.82131e-06
     1.49708  5.46313e-05
       1.514 -1.31187e-05
     1.53112  -3.7686e-05
     1.54843  1.09133e-05
     1.56594   5.1934e-05
     1.58365  3.24346e-05
     1.60155 -9.15223e-05
     1.61966  0.000127391
     1.63797 -4.68285e-05
     1.65649 -5.35108e-05
     1.67522  4.56781e-05
     1.69416  5.62445e-05
     1.71332 -0.000160544
     1.73269  2.04657e-05
     1.75228  0.000157386
     1.77209 -0.000213709
     1.79213  0.000120109
     1.81239  5.36031e-05
     1.83288 -0.000180001
     1.85361  0.000193536
     1.87457 -7.87459e-05
     1.89576 -8.85096e-06
     1.91719  4.58255e-05
     1.93887 -3.93809e-05
     1.96079 -6.29145e-08
     1.98296  3.82458e-05
     2.00538 -5.31031e-05
     2.02806  3.96316e-06
     2.05099  4.78185e-05
     2.07418 -6.91812e-07
     2.09763 -8.63263e-06
     2.12135 -6.41389e-06
     2.14533 -2.70219e-05
     2.16959  2.36868e-05
     2.19412 -1.79554e-05
     2.21893 -3.15401e-05
     2.24401  4.71079e-05
     2.26939 -5.01374e-05
     2.29505  7.50502e-05
     2.32099  -8.0739e-05
     2.34724  8.81038e-05
     2.37378 -4.41084e-05
     2.40061 -1.29067e-06
     2.42776  2.95341e-05
     2.45521 -3.49608e-05
     2.48297  1.95099e-05
     2.51104 -1.02825e-05
     2.53943  3.33422e-05
     2.56814 -5.23317e-05
     2.59718  2.58013e-05
     2.62655 -2.78241e-06
     2.65624  9.77404e-06
     2.68628 -2.78641e-05
     2.71665  2.60851e-05
     2.74736 -2.47002e-05
     2.77843  3.54754e-06
     2.80984  1.26596e-05
     2.84161 -6.46547e-06
     2.87374 -3.75281e-07
     2.90623  2.05699e-05
     2.93909  -1.4139e-05
     2.97232 -1.60662e-06
     3.00593 -7.91311e-08
     3.03992    1.434e-05
     3.07429 -7.44493e-06
     3.10905 -7.04071e-06
      3.1442 -1.31585e-05
     3.17975  1.47593e-05
      3.2157  7.36772e-06
     3.25206 -1.81567e-05
     3.28883  2.61999e-06
     3.32601  9.37947e-06
     3.36362 -3.51889e-06
     3.40165  4.40207e-06
     3.44011  4.12053e-06
     3.47901 -3.36562e-06
     3.51834  2.10933e-06
     3.55812 -1.00114e-05
     3.59835  8.60179e-06
     3.63904 -1.49346e-05
     3.68018  2.75546e-06
     3.72179  7.62193e-06
     3.76387  5.04214e-06
     3.80643 -4.29034e-06
     3.84947  5.55875e-07
     3.89299  8.74644e-06
     3.93701 -1.39615e-05
     3.98152  8.65256e-06
     4.02654 -1.13087e-05
     4.07206  6.61658e-06
     4.11811 -2.75454e-06
     4.16467  4.35151e-06
     4.21175    2.503e-06
     4.25938  -9.1223e-06
     4.30753   5.6217e-06
     4.35624  3.87202e-07
     4.40549  2.95097e-06
      4.4553 -1.77428e-06
     4.50568 -5.84765e-06
     4.55662  1.08077e-06
     4.60814   2.1557e-06
     4.66024  7.11529e-06
     4.71293 -3.74158e-06
     4.76622 -3.35798e-06
     4.82011 -5.61341e-06
     4.87461  5.05157e-06
     4.92972  4.47063e-07
     4.98546  4.01789e-06
     5.04183  -6.0799e-06
     5.09883  6.17867e-06
     5.15648  1.46658e-07
     5.21479  2.04022e-06
     5.27375 -1.00808e-05
     5.33338 -3.24548e-06
     5.39368  4.48839e-06
     5.45466  4.08753e-06
     5.51633  4.69392e-06
     5.57871 -3.17652e-06
     5.64178  1.77362e-06
     5.70557 -5.86757e-06
     5.77008  7.56388e-07
     5.83532 -4.88127e-06
      5.9013  5.76904e-06
     5.96802  8.71038e-07
      6.0355  1.32814e-06
     6.10374  1.69289e-07
     6.17275 -2.12116e-06
     6.24254  1.64702e-06
     6.31312 -3.63305e-06
      6.3845 -1.54116e-06
     6.45669  4.66179e-06
     6.52969 -2.66385e-06
     6.60352  2.91807e-06
     6.67818    1.529e-06
     6.75369 -1.49233e-06
     6.83005 -5.97475e-06
     6.90728  4.48494e-06
     6.98537    7.773e-07
     7.06435 -2.28927e-06
     7.14423  3.34651e-06
       7.225  7.03301e-07
     7.30669 -5.85455e-06
     7.38931  3.41694e-06
     7.47285  9.28042e-07
     7.55735 -1.49197e-06
     7.64279   1.0817e-06
     7.72921 -1.78362e-06
      7.8166 -3.33195e-07
     7.90498  5.30741e-06
     7.99435 -4.88145e-06
     8.08474  1.20911e-06
     8.17615 -1.99964e-06
      8.2686  1.41106e-06
     8.36209  3.36494e-06
     8.45663 -4.25461e-06
     8.55225  1.43137e-06
     8.64894   6.9387e-08
     8.74673 -1.11636e-06
     8.84563  1.82625e-06
     8.94564  -1.7346e-06
     9.04679  2.10037e-06
     9.14907 -8.65681e-07
     9.25252 -2.21111e-06
     9.35713   3.0831e-06
     9.46293 -2.50938e-06
     9.56992  2.95848e-06
     9.67812 -2.18561e-06
     9.78755   1.8287e-07
     9.89821 -1.95087e-08
     10.0101  5.77572e-07
     10.1233  4.80996e-07
     10.2378 -1.50291e-06
     10.3535  8.42905e-07
     10.4706  1.44547e-07
      10.589 -3.08887e-07
     10.7087  3.22452e-07
     10.8298 -8.09915e-07
     10.9522  1.28238e-06
     11.0761 -1.02795e-06
     11.2013  5.66621e-07
     11.3279 -9.65326e-07
      11.456  1.39597e-06
     11.5855 -4.22135e-07
     11.7165 -7.86459e-07
      11.849  2.98563e-07
      11.983  9.27195e-07
     12.1185 -7.27027e-07
     12.2555 -4.89526e-07
      12.394  7.92704e-07
     12.5342 -3.36939e-08
     12.6759 -4.18395e-07
     12.8192  6.79327e-08
     12.9642  3.25155e-07
     13.1107 -2.73102e-07
      13.259  1.22795e-07
     13.4089 -2.03162e-07
     13.5605   3.8355e-07
     13.7138 -3.55142e-07
     13.8689 -6.54696e-08
     14.0257  6.45084e-07
     14.1843 -7.86059e-07
     14.3446  2.69338e-07
     14.5068   3.6221e-07
     14.6709 -4.96194e-07
     14.8367  1.57834e-07
     15.0045  1.71205e-07
     15.1741 -2.06809e-07
     15.3457  9.77605e-08
     15.5192 -7.44039e-08
     15.6947  1.54791e-07
     15.8721 -2.04407e-07
     16.0516  1.43454e-07
     16.2331 -3.92592e-08
     16.4166 -4.44938e-08
     16.6022  1.21416e-07
     16.7899 -1.77635e-07
     16.9798  1.76404e-07
     17.1718 -1.19737e-07
     17.3659  5.93921e-08
     17.5623 -8.46984e-08
     17.7608  2.44614e-07
     17.9616 -4.68272e-07
     18.1647  6.00437e-07
     18.3701 -5.10294e-07
     18.5778  1.95931e-07
     18.7879  1.80768e-07
     19.0003 -4.08118e-07
     19.2151  3.86119e-07
     19.4324 -1.70316e-07
     19.6521 -9.00389e-08
     19.8743  2.55605e-07
      20.099 -2.78734e-07
     20.3262  1.93342e-07
      20.556 -6.06501e-08
     20.7885 -5.58718e-08
     21.0235   1.1211e-07
     21.2612 -1.03792e-07
     21.5016  5.16274e-08
     21.7447   2.2421e-08
     21.9906 -1.01646e-07
     22.2392  1.68146e-07
     22.4907 -1.96225e-07
     22.7449  1.75408e-07
     23.0021 -1.32483e-07
     23.2622  9.63282e-08
     23.5252 -6.52246e-08
     23.7912  3.34869e-08
     24.0602 -1.05583e-08
     24.3322  1.19748e-09
     24.6073  3.49655e-09
     24.8856  -1.2154e-08
     25.1669  2.00137e-08
     25.4515 -1.58113e-08
     25.7393  1.30467e-09
     26.0303  9.34816e-09
     26.3246 -9.96326e-09
     26.6222  6.51217e-09
     26.9232 -4.17262e-09
     27.2276  3.52323e-09
     27.5355 -4.22205e-09
     27.8468  4.90037e-09
     28.1617 -3.93672e-09
     28.4801  1.11987e-09
     28.8021  2.04183e-09
     29.1277 -3.47951e-09
     29.4571  2.27018e-09
     29.7901   5.9632e-10
      30.127 -3.13432e-09
     30.4676  4.33748e-09
     30.8121 -4.89064e-09
     31.1604  4.81985e-09
     31.5128  -3.2677e-09
     31.8691   7.6244e-10
     32.2294  1.07637e-09
     32.5938 -1.87958e-09
     32.9623   1.8891e-09
      33.335 -1.26394e-09
     33.7119  1.53294e-10
     34.0931  1.14086e-09
     34.4786 -2.04416e-09
     34.8684  2.24877e-09
     35.2626 -2.47868e-09
     35.6613  2.83312e-09
     36.0645 -2.57281e-09
     36.4723  1.35904e-09
     36.8847  6.64156e-11
     37.3017 -8.53718e-10
     37.7235  6.93305e-10
       38.15 -2.39692e-10
     38.5813 -5.52235e-11
     39.0175  2.18576e-10
     39.4587 -5.27586e-10
     39.9048  8.10121e-10
      40.356 -9.37348e-10
     40.8123  8.70637e-10
     41.2738 -9.65259e-10
     41.7404  1.05673e-09
     42.2124  -9.0789e-10
     42.6896  4.96938e-10
     43.1723 -3.23936e-10
     43.6604  4.59334e-10
     44.1541 -9.43651e-10
     44.6533   1.3696e-09
     45.1582 -1.53714e-09
     45.6688  1.34323e-09
     46.1851 -1.17742e-09
     46.7073   9.4776e-10
     47.2354 -8.12191e-10
     47.7695  6.96623e-10
     48.3096 -7.10571e-10
     48.8558   6.1614e-10
     49.4082 -7.18122e-10
     49.9668  8.85283e-10
     50.5318 -1.13337e-09
     51.1031   1.0909e-09
     51.6809 -1.02392e-09
     52.2653  8.29662e-10
     52.8562 -8.02787e-10
     53.4538  7.09199e-10
     54.0582 -7.85961e-10
     54.6694  7.39659e-10
     55.2875 -8.43361e-10
     55.9126  8.08819e-10
     56.5448 -9.23231e-10
     57.1841  8.05814e-10
     57.8307 -7.88534e-10
     58.4846  6.16412e-10
     59.1458 -7.05903e-10
     59.8146  6.41528e-10
     60.4908 -7.71901e-10
     61.1748   6.3858e-10
     61.8665  -6.8426e-10
      62.566  5.19935e-10
     63.2734 -6.53596e-10
     63.9888  5.39069e-10
     64.7123 -6.55481e-10
     65.4439    4.773e-10
     66.1839 -5.95043e-10
     66.9322  4.08357e-10
      67.689 -5.38354e-10
     68.4543  3.46146e-10
     69.2283  -5.1467e-10
      70.011   3.3129e-10
     70.8026 -5.27738e-10
     71.6031  3.17728e-10
     72.4127 -5.18021e-10
     73.2314   2.9275e-10
     74.0594 -5.22582e-10
     74.8968  2.68372e-10
     75.7436 -4.97082e-10
        76.6  2.07344e-10
     77.4661 -4.68428e-10
     78.3419   1.7913e-10
     79.2277 -4.88107e-10
     80.1235  1.78737e-10
     81.0294 -5.07688e-10
     81.9456  1.54627e-10
     82.8721 -5.00622e-10
     83.8091    1.117e-10
     84.7567  -4.9708e-10
      85.715  8.22131e-11
     86.6841  -5.0935e-10
     87.6642  5.70235e-11
     88.6554 -5.20374e-10
     89.6578  2.46297e-11
     90.6715 -5.34158e-10
     91.6967 -3.62913e-12
     92.7335 -5.51065e-10
      93.782 -4.12459e-11
     94.8423 -5.62267e-10
     95.9147  -8.1635e-11
     96.9991 -5.82675e-10
     98.0958  -1.1807e-10
      99.205 -6.05135e-10
