  0.00099205      1.17953
  0.00100327      1.23528
  0.00101461      1.29826
  0.00102608      1.35959
  0.00103768      1.42889
  0.00104942      1.49759
  0.00106128      1.57433
  0.00107328      1.65062
  0.00108542      1.73513
  0.00109769      1.81963
   0.0011101      1.91216
  0.00112265      2.00469
  0.00113534      2.10498
  0.00114818      2.20543
  0.00116116      2.31387
  0.00117429      2.42333
  0.00118757      2.54172
    0.001201      2.66195
  0.00121457      2.79138
  0.00122831      2.92276
  0.00124219      3.06304
  0.00125624      3.20552
  0.00127044      3.35722
  0.00128481      3.51155
  0.00129933      3.67519
  0.00131403      3.84224
  0.00132888      4.01972
  0.00134391      4.20192
   0.0013591      4.39522
  0.00137447      4.59406
  0.00139001      4.80471
  0.00140573      5.02176
  0.00142162      5.25129
  0.00143769      5.48766
  0.00145395       5.7369
  0.00147039      5.99392
  0.00148701      6.26468
  0.00150383      6.54445
  0.00152083      6.83925
  0.00153802      7.14434
  0.00155541      7.46501
    0.001573       7.7967
  0.00159079        8.145
  0.00160877      8.50528
  0.00162696      8.88305
  0.00164536      9.27416
  0.00166396      9.68344
  0.00168277      10.1067
   0.0017018      10.5496
  0.00172104      11.0082
   0.0017405      11.4877
  0.00176018      11.9842
  0.00178008      12.5029
  0.00180021      13.0403
  0.00182056      13.6021
  0.00184115      14.1845
  0.00186196      14.7919
  0.00188301      15.4211
  0.00190431      16.0778
  0.00192584      16.7585
  0.00194761      17.4677
  0.00196963      18.2024
   0.0019919      18.9672
  0.00201442      19.7598
   0.0020372       20.585
  0.00206023        21.44
  0.00208353      22.3293
  0.00210708       23.251
  0.00213091      24.2099
    0.002155      25.2034
  0.00217937      26.2362
  0.00220401      27.3059
  0.00222893      28.4169
  0.00225413      29.5678
  0.00227962      30.7633
  0.00230539      32.0012
  0.00233146      33.2859
  0.00235782      34.6158
  0.00238448      35.9954
  0.00241144      37.4235
   0.0024387      38.9043
  0.00246627       40.436
  0.00249416      42.0227
  0.00252236       43.663
  0.00255088      45.3617
  0.00257972       47.116
  0.00260889      48.9301
  0.00263838      50.8029
  0.00266822      52.7388
  0.00269838      54.7363
  0.00272889      56.7994
  0.00275975      58.9272
  0.00279095      61.1226
  0.00282251      63.3845
  0.00285442      65.7171
  0.00288669      68.1192
  0.00291933      70.5944
  0.00295234      73.1406
  0.00298572      75.7606
  0.00301948      78.4532
  0.00305362      81.2221
  0.00308814      84.0647
  0.00312306       86.984
  0.00315837      89.9785
  0.00319408      93.0508
  0.00323019      96.1989
  0.00326672      99.4252
  0.00330365      102.728
  0.00334101       106.11
  0.00337878      109.567
  0.00341698      113.101
  0.00345562      116.708
  0.00349469       120.39
   0.0035342      124.144
  0.00357416      127.971
  0.00361457      131.865
  0.00365544      135.827
  0.00369677      139.852
  0.00373857      143.938
  0.00378084      148.076
  0.00382359      152.267
  0.00386682      156.504
  0.00391054      160.785
  0.00395475      165.102
  0.00399947      169.453
  0.00404469      173.831
  0.00409042       178.23
  0.00413667      182.641
  0.00418344      187.058
  0.00423074      191.469
  0.00427857       195.87
  0.00432695      200.248
  0.00437587      204.595
  0.00442535      208.899
  0.00447538       213.15
  0.00452598      217.334
  0.00457716       221.44
  0.00462891      225.455
  0.00468125      229.365
  0.00473418      233.154
   0.0047877       236.81
  0.00484183      240.317
  0.00489658      243.658
  0.00495194      246.814
  0.00500793       249.77
  0.00506455      252.506
  0.00512182      255.008
  0.00517973      257.255
  0.00523829      259.229
  0.00529752      260.907
  0.00535741      262.272
  0.00541799      263.306
  0.00547925       263.99
   0.0055412      264.305
  0.00560385      264.229
  0.00566721      263.744
  0.00573129      262.831
  0.00579609      261.472
  0.00586162      259.649
   0.0059279      257.345
  0.00599492      254.547
   0.0060627      251.239
  0.00613125      247.408
  0.00620057      243.041
  0.00627068       238.13
  0.00634158      232.664
  0.00641328      226.641
  0.00648579      220.056
  0.00655912      212.909
  0.00663329      205.202
  0.00670829      196.943
  0.00678413      188.136
  0.00686084      178.795
  0.00693841      168.934
  0.00701686      158.575
   0.0070962      147.742
  0.00717643      136.467
  0.00725757       124.78
  0.00733963       112.72
  0.00742261      100.329
  0.00750654      87.6555
  0.00759141      74.7513
  0.00767724      61.6744
  0.00776405      48.4857
  0.00785183      35.2523
  0.00794061      22.0423
  0.00803039      8.93122
  0.00812118     -3.99996
  0.00821301     -16.6659
  0.00830587     -28.9834
  0.00839978     -40.8645
  0.00849475     -52.2196
   0.0085908      -62.955
  0.00868793     -72.9782
  0.00878616     -82.1963
   0.0088855     -90.5209
  0.00898596     -97.8646
  0.00908756     -104.145
  0.00919031     -109.278
  0.00929422      -113.19
  0.00939931     -115.813
  0.00950558      -117.09
  0.00961306     -116.972
  0.00972175     -115.418
  0.00983167     -112.398
  0.00994283     -107.901
   0.0100552     -101.931
   0.0101689     -94.5074
   0.0102839     -85.6651
   0.0104002     -75.4544
   0.0105178     -63.9432
   0.0106367     -51.2194
    0.010757     -37.3913
   0.0108786     -22.5872
   0.0110016     -6.94892
    0.011126      9.36293
   0.0112518       26.173
    0.011379      43.2898
   0.0115076      60.5095
   0.0116378      77.6184
   0.0117693      94.4008
   0.0119024      110.636
    0.012037      126.104
   0.0121731      140.587
   0.0123107      153.879
   0.0124499      165.787
   0.0125907      176.138
    0.012733      184.781
    0.012877      191.597
   0.0130226      196.492
   0.0131698      199.415
   0.0133187      200.355
   0.0134693      199.349
   0.0136216      196.483
   0.0137756      191.888
   0.0139314      185.745
   0.0140889      178.292
   0.0142482      169.803
   0.0144093      160.598
   0.0145722      151.035
    0.014737      141.508
   0.0149036      132.432
   0.0150721      124.241
   0.0152425      117.366
   0.0154149       112.23
   0.0155892      109.238
   0.0157654      108.764
   0.0159437      111.131
   0.0161239      116.597
   0.0163062      125.347
   0.0164906      137.484
   0.0166771      153.019
   0.0168656       171.86
   0.0170563      193.804
   0.0172492      218.548
   0.0174442      245.693
   0.0176414      274.752
   0.0178409      305.166
   0.0180426      336.315
   0.0182466      367.543
   0.0184529       398.19
   0.0186615      427.613
   0.0188725      455.222
   0.0190859      480.514
   0.0193017      503.097
     0.01952       522.72
   0.0197407      539.318
   0.0199639      553.002
   0.0201896      564.081
   0.0204178      573.057
   0.0206487      580.622
   0.0208822       587.63
   0.0211183      595.074
    0.021357      604.025
   0.0215985      615.598
   0.0218427      630.885
   0.0220897      650.873
   0.0223394       676.39
    0.022592      708.056
   0.0228475      746.206
   0.0231058      790.855
    0.023367      841.677
   0.0236312      897.997
   0.0238984      958.833
   0.0241686      1022.93
   0.0244419      1088.86
   0.0247183      1155.09
   0.0249977      1220.12
   0.0252804      1282.63
   0.0255662      1341.57
   0.0258553      1396.32
   0.0261476      1446.78
   0.0264432       1493.4
   0.0267422      1537.23
   0.0270446       1579.9
   0.0273504      1623.46
   0.0276596       1670.3
   0.0279723       1722.9
   0.0282886       1783.6
   0.0286085      1854.36
   0.0289319       1936.5
    0.029259      2030.51
   0.0295899       2135.9
   0.0299244      2251.16
   0.0302628      2373.79
   0.0306049       2500.6
    0.030951      2627.94
   0.0313009      2752.12
   0.0316548      2869.93
   0.0320127      2979.13
   0.0323747      3078.87
   0.0327407      3170.03
   0.0331109      3255.31
   0.0334853      3339.14
   0.0338639      3427.24
   0.0342467      3525.97
    0.034634      3641.37
   0.0350256      3778.14
   0.0354216       3938.5
   0.0358221       4121.2
   0.0362271      4320.84
   0.0366367      4527.65
   0.0370509      4727.78
   0.0374698      4904.23
   0.0378935      5038.37
   0.0383219      5111.94
   0.0387552      5109.21
   0.0391934      5019.26
   0.0396366      4837.74
   0.0400847      4567.97
   0.0405379      4221.15
   0.0409963      3815.44
   0.0414598      3374.03
   0.0419286      2922.32
   0.0424026      2484.81
   0.0428821       2081.9
   0.0433669      1727.46
   0.0438572      1427.39
   0.0443531      1179.67
   0.0448546      975.746
   0.0453617      803.271
   0.0458746      649.349
   0.0463933      503.776
   0.0469178      361.465
   0.0474483      223.489
   0.0479848      96.3561
   0.0485273     -10.2555
    0.049076     -86.6954
   0.0496309     -126.586
   0.0501921     -129.072
   0.0507596      -99.278
   0.0513335     -46.5783
   0.0519139      18.9638
   0.0525008      90.9903
   0.0530944      170.666
   0.0536948      268.312
   0.0543019      401.897
   0.0549158      592.178
   0.0555367      855.518
   0.0561647      1196.34
   0.0567997      1601.71
   0.0574419      2040.34
   0.0580914         2467
   0.0587482      2831.81
   0.0594124      3092.12
   0.0600842      3223.34
   0.0607635      3225.36
   0.0614505      3121.99
   0.0621453      2953.42
    0.062848      2763.94
   0.0635586      2589.22
   0.0642772      2447.44
   0.0650039      2337.46
   0.0657389      2244.12
   0.0664822      2148.28
   0.0672339      2036.91
    0.067994      1908.75
   0.0687628      1773.54
   0.0695403      1645.64
   0.0703266      1535.75
   0.0711217      1445.43
   0.0719258      1367.12
   0.0727391      1289.45
   0.0735615      1204.53
   0.0743932      1112.56
   0.0752344      1021.16
    0.076085       939.87
   0.0769453      873.625
   0.0778152      819.584
   0.0786951      769.428
   0.0795848      715.505
   0.0804847      656.266
   0.0813947      597.042
   0.0823149      545.574
   0.0832456      505.772
   0.0841869      474.602
   0.0851387      444.627
   0.0861014      410.209
   0.0870749      372.094
   0.0880594      336.447
    0.089055       309.06
   0.0900619      289.995
   0.0910802       273.54
     0.09211      253.614
   0.0931515      229.466
   0.0942047      206.169
   0.0952698      189.259
    0.096347      178.938
   0.0974363      169.865
    0.098538      156.843
   0.0996521      140.362
    0.100779      125.836
    0.101918      117.269
    0.103071      112.548
    0.104236      106.001
    0.105415      95.1826
    0.106606      83.7467
    0.107812      76.7048
    0.109031      73.9269
    0.110264      70.3662
     0.11151      62.7889
    0.112771      54.1035
    0.114046      49.1728
    0.115336      47.8935
     0.11664      45.3794
    0.117958      39.2065
    0.119292      32.9442
    0.120641      30.5886
    0.122005      30.3266
    0.123384      27.4954
    0.124779      22.1289
     0.12619      18.8143
    0.127617      18.9242
     0.12906       18.278
    0.130519      14.5025
    0.131995      11.1857
    0.133487      11.2804
    0.134996      11.6811
    0.136523      9.07532
    0.138066      6.25238
    0.139627      6.61722
    0.141206      7.40142
    0.142803      5.29931
    0.144417      3.19868
     0.14605      4.11095
    0.147702      4.74885
    0.149372      2.64634
     0.15106      1.54997
    0.152768      2.98005
    0.154496      2.83188
    0.156242     0.829071
    0.158009      1.12874
    0.159796      2.40002
    0.161602         1.07
    0.163429    0.0800175
    0.165277      1.46969
    0.167146      1.28093
    0.169036    -0.245289
    0.170947     0.649957
     0.17288      1.25265
    0.174835    -0.213757
    0.176811     0.142567
     0.17881      1.05772
    0.180832    -0.210185
    0.182877     -0.11586
    0.184944     0.845451
    0.187035    -0.256838
     0.18915    -0.116428
    0.191289     0.716498
    0.193452    -0.365321
    0.195639    0.0120061
    0.197851     0.495958
    0.200088    -0.497006
     0.20235     0.262006
    0.204638     0.215654
    0.206952    -0.411313
    0.209292     0.490324
    0.211658    -0.216808
    0.214051   -0.0963964
    0.216471      0.35396
    0.218919    -0.442674
    0.221394     0.391243
    0.223897    -0.127031
    0.226429   -0.0914657
    0.228989     0.312233
    0.231578    -0.435858
    0.234196     0.426191
    0.236844    -0.322441
    0.239522     0.186184
     0.24223  -0.00857338
    0.244969    -0.161815
    0.247739     0.249394
     0.25054    -0.335935
    0.253373     0.363814
    0.256238    -0.346555
    0.259135     0.315336
    0.262065     -0.28191
    0.265028      0.22672
    0.268024     -0.17537
    0.271055     0.149984
    0.274119    -0.104988
    0.277219    0.0818054
    0.280353   -0.0584892
    0.283523    0.0483481
    0.286729   -0.0341992
     0.28997     0.022123
    0.293249   -0.0203363
    0.296565    0.0150465
    0.299918   -0.0144185
    0.303309   0.00226927
    0.306738  -0.00908579
    0.310206     0.012596
    0.313714  0.000656633
    0.317261  -0.00038457
    0.320848  -0.00847971
    0.324475   0.00812364
    0.328144   0.00614523
    0.331854  -0.00137568
    0.335606   -0.0113547
    0.339401   0.00305629
    0.343238   0.00761566
    0.347119  -0.00085344
    0.351044   -0.0118637
    0.355013   0.00138266
    0.359027   0.00867926
    0.363086  -0.00161432
    0.367192  -0.00863289
    0.371343   0.00525965
    0.375542   0.00968533
    0.379788  -0.00206166
    0.384082  -0.00631188
    0.388425   0.00467736
    0.392816  0.000684505
    0.397258  -0.00720196
    0.401749   -0.0018496
    0.406292   0.00402702
    0.410886 -0.000704334
    0.415531 -0.000712229
    0.420229    0.0028259
    0.424981   0.00113753
    0.429786  0.000642198
    0.434645  0.000176583
     0.43956  -0.00392596
     0.44453   0.00109502
    0.449556   0.00174285
    0.454639  -0.00475724
    0.459779   0.00164294
    0.464977   0.00417504
    0.470235  -0.00577177
    0.475551    0.0037323
    0.480928   0.00399245
    0.486366  -0.00735893
    0.491865   0.00405583
    0.497426    0.0022702
     0.50305   -0.0079558
    0.508738   0.00521229
     0.51449 -0.000570992
    0.520307  -0.00345642
     0.52619   0.00626371
     0.53214  -0.00327749
    0.538156  0.000297234
    0.544241   0.00127178
    0.550394  -0.00263431
    0.556617   0.00230397
    0.562911 -0.000674168
    0.569275  5.55102e-05
    0.575712  -0.00186704
    0.582221   0.00250068
    0.588804    -0.001952
    0.595462   0.00138307
    0.602194  0.000156147
    0.609003  -0.00177698
    0.615889   0.00425129
    0.622852   -0.0054387
    0.629894   0.00453762
    0.637016  -0.00502451
    0.644219   0.00476937
    0.651503  -0.00291843
    0.658869   0.00197201
    0.666318  2.49042e-05
    0.673852  -0.00144564
    0.681471  0.000313974
    0.689176  -0.00129189
    0.696968   0.00256333
    0.704849  -0.00142264
    0.712818   0.00157259
    0.720878  -0.00165858
    0.729028   0.00095641
    0.737271  -0.00134716
    0.745607   0.00085067
    0.754037 -0.000661744
    0.762563   0.00135756
    0.771185  -5.2613e-05
    0.779904 -0.000747354
    0.788722 -0.000178601
     0.79764   0.00022366
    0.806658 -0.000314067
    0.815779  0.000551301
    0.825003 -0.000375302
     0.83433  0.000514552
    0.843764 -2.13237e-05
    0.853304 -0.000171343
    0.862952 -0.000687966
    0.872709  0.000548186
    0.882576  4.70394e-05
    0.892555  0.000155441
    0.902647  7.61217e-05
    0.912852 -0.000362379
    0.923174 -0.000323375
    0.933612  0.000454575
    0.944167  0.000198546
    0.954843 -0.000138762
    0.965639 -0.000316774
    0.976557  0.000271645
    0.987598  0.000124883
    0.998764 -0.000381291
     1.01006  0.000345154
     1.02148 -0.000276138
     1.03303  0.000409861
     1.04471 -0.000325473
     1.05652 -0.000167475
     1.06846  8.33462e-06
     1.08054   0.00059094
     1.09276 -9.10428e-05
     1.10512  -0.00069709
     1.11761  0.000246169
     1.13025  0.000424296
     1.14303 -9.50931e-05
     1.15595 -0.000300277
     1.16902 -9.42556e-05
     1.18224  0.000388565
     1.19561 -3.28597e-06
     1.20912 -0.000316782
      1.2228  0.000201949
     1.23662 -9.71691e-06
      1.2506 -7.94233e-05
     1.26474  7.47207e-05
     1.27904 -4.51761e-05
      1.2935   1.6827e-05
     1.30813   3.4141e-05
     1.32292  4.91743e-05
     1.33788 -0.000151865
       1.353 -8.03031e-05
      1.3683  0.000372268
     1.38377 -0.000247919
     1.39942 -8.37851e-05
     1.41524  0.000178969
     1.43124 -1.52827e-05
     1.44742 -0.000141393
     1.46379  9.17009e-05
     1.48034  5.96764e-05
     1.49708 -8.92271e-05
       1.514  4.56749e-05
     1.53112  -4.2021e-05
     1.54843  1.01603e-05
     1.56594  6.24654e-05
     1.58365 -0.000105195
     1.60155  9.10794e-05
     1.61966  1.37216e-05
     1.63797 -0.000108981
     1.65649  3.41872e-05
     1.67522  6.98098e-05
     1.69416 -2.04982e-05
     1.71332 -8.87326e-05
     1.73269  0.000103715
     1.75228  1.06268e-05
     1.77209  -0.00015412
     1.79213  0.000212884
     1.81239 -0.000152504
     1.83288  1.16631e-05
     1.85361  9.19849e-05
     1.87457 -9.27769e-05
     1.89576  4.33085e-05
     1.91719  1.96591e-07
     1.93887 -2.02316e-05
     1.96079  -1.2068e-05
     1.98296  0.000102681
     2.00538 -0.000174111
     2.02806  0.000173013
     2.05099 -0.000139851
     2.07418  0.000108164
     2.09763 -6.94695e-05
     2.12135   3.2713e-05
     2.14533 -2.49159e-05
     2.16959  4.60502e-05
     2.19412 -7.71697e-05
     2.21893  0.000110498
     2.24401 -0.000137048
     2.26939  0.000139208
     2.29505 -0.000114543
     2.32099  7.45264e-05
     2.34724 -2.94855e-05
     2.37378 -9.58261e-06
     2.40061   3.5658e-05
     2.42776 -5.35343e-05
     2.45521  6.93222e-05
     2.48297 -7.73193e-05
     2.51104  7.29538e-05
     2.53943 -6.28616e-05
     2.56814  5.29037e-05
     2.59718 -4.18499e-05
     2.62655  2.85507e-05
     2.65624 -1.70775e-05
     2.68628  9.42934e-06
     2.71665 -6.21147e-06
     2.74736  1.02324e-05
     2.77843 -1.53544e-05
     2.80984  1.14674e-05
     2.84161 -2.09946e-06
     2.87374 -1.90781e-06
     2.90623 -6.68512e-07
     2.93909  4.00719e-06
     2.97232 -6.22129e-06
     3.00593  5.02052e-06
     3.03992  2.26788e-06
     3.07429 -9.79412e-06
     3.10905  1.14878e-05
      3.1442 -7.79377e-06
     3.17975  1.57805e-06
      3.2157  2.52922e-06
     3.25206  -2.6221e-06
     3.28883  1.71095e-06
     3.32601 -1.03784e-06
     3.36362 -2.49879e-06
     3.40165  7.32567e-06
     3.44011 -5.49974e-06
     3.47901 -2.00073e-06
     3.51834  5.60457e-06
     3.55812 -3.82476e-06
     3.59835  2.20257e-06
     3.63904 -2.57286e-06
     3.68018  3.13578e-06
     3.72179 -2.58198e-06
     3.76387  8.58188e-07
     3.80643  1.14691e-06
     3.84947 -2.50288e-06
     3.89299  3.04275e-06
     3.93701 -3.10065e-06
     3.98152  2.97634e-06
     4.02654 -2.32777e-06
     4.07206  1.24658e-06
     4.11811 -6.47792e-07
     4.16467  3.58211e-07
     4.21175  9.42496e-08
     4.25938 -5.05771e-07
     4.30753   9.8092e-07
     4.35624 -1.37428e-06
     4.40549  1.53764e-06
      4.4553 -1.70898e-06
     4.50568  1.16542e-06
     4.55662  3.55495e-07
     4.60814 -1.30554e-06
     4.66024  1.21295e-06
     4.71293 -1.27546e-06
     4.76622  1.53247e-06
     4.82011 -1.29897e-06
     4.87461  9.96741e-07
     4.92972 -9.87409e-07
     4.98546  7.96663e-07
     5.04183 -4.08149e-07
     5.09883  4.84803e-08
     5.15648  4.21041e-07
     5.21479 -6.52954e-07
     5.27375  2.63134e-07
     5.33338  3.01695e-07
     5.39368 -5.39176e-07
     5.45466  4.64566e-07
     5.51633 -5.33451e-07
     5.57871   9.2662e-07
     5.64178 -1.08138e-06
     5.70557   7.7359e-07
     5.77008 -4.12731e-07
     5.83532  1.84798e-07
      5.9013 -1.63685e-07
     5.96802  3.88853e-07
      6.0355 -6.16541e-07
     6.10374  5.98507e-07
     6.17275   -3.618e-07
     6.24254  1.12486e-07
     6.31312  2.49863e-08
      6.3845 -8.30309e-08
     6.45669  1.21119e-07
     6.52969 -2.52141e-07
     6.60352   4.8074e-07
     6.67818 -5.98838e-07
     6.75369  4.86321e-07
     6.83005 -2.52757e-07
     6.90728  8.60265e-08
     6.98537 -9.96084e-08
     7.06435  1.71701e-07
     7.14423 -1.23127e-07
       7.225  7.22862e-10
     7.30669  3.34583e-08
     7.38931     6.23e-08
     7.47285 -2.15609e-07
     7.55735   3.1016e-07
     7.64279 -2.86792e-07
     7.72921  1.92208e-07
      7.8166 -1.01921e-07
     7.90498  1.20454e-08
     7.99435  7.80011e-08
     8.08474 -8.48761e-08
     8.17615 -2.70151e-08
      8.2686  1.39641e-07
     8.36209 -1.68035e-07
     8.45663  1.58444e-07
     8.55225 -1.57912e-07
     8.64894  1.36349e-07
     8.74673 -7.53654e-08
     8.84563  6.56078e-09
     8.94564  1.69123e-08
     9.04679  1.46551e-08
     9.14907 -6.46127e-08
     9.25252  9.71819e-08
     9.35713 -1.13869e-07
     9.46293  1.15638e-07
     9.56992 -1.04362e-07
     9.67812   8.4986e-08
     9.78755 -6.09332e-08
     9.89821  2.85676e-08
     10.0101 -3.46162e-09
     10.1233 -4.21736e-09
     10.2378  3.08398e-10
     10.3535  2.47765e-10
     10.4706 -8.99024e-10
      10.589  5.17164e-09
     10.7087 -1.51682e-08
     10.8298  2.44069e-08
     10.9522 -3.39377e-08
     11.0761  3.98288e-08
     11.2013 -4.14068e-08
     11.3279  3.39869e-08
      11.456  -2.5721e-08
     11.5855  1.84112e-08
     11.7165 -1.20153e-08
      11.849   -8.664e-10
      11.983  1.13177e-08
     12.1185 -1.48712e-08
     12.2555  9.22971e-09
      12.394 -5.73593e-09
     12.5342   3.1869e-09
     12.6759 -2.37357e-09
     12.8192 -2.55253e-09
     12.9642  5.48063e-09
     13.1107 -8.58443e-09
      13.259  7.97198e-09
     13.4089 -8.82864e-09
     13.5605   6.7354e-09
     13.7138 -5.46971e-09
     13.8689  7.97876e-10
     14.0257  1.29306e-09
     14.1843 -3.28422e-09
     14.3446  4.12673e-10
     14.5068  8.43775e-10
     14.6709 -2.87138e-09
     14.8367  9.76937e-10
     15.0045 -9.49577e-10
     15.1741 -6.88377e-10
     15.3457 -4.20511e-10
     15.5192 -6.72436e-10
     15.6947 -3.21107e-10
     15.8721 -7.30313e-10
     16.0516 -6.95156e-10
     16.2331  1.27673e-10
     16.4166 -1.68548e-09
     16.6022  1.02101e-09
     16.7899 -2.33711e-09
     16.9798  1.33893e-09
     17.1718 -2.28889e-09
     17.3659    1.176e-09
     17.5623 -2.34716e-09
     17.7608  1.74973e-09
     17.9616  -3.2336e-09
     18.1647   2.3882e-09
     18.3701 -2.95312e-09
     18.5778  1.01399e-09
     18.7879 -9.64731e-10
     19.0003 -6.75428e-10
     19.2151 -2.87605e-10
     19.4324 -2.54222e-10
     19.6521 -1.32947e-09
     19.8743  7.20744e-10
      20.099 -1.79941e-09
     20.3262  5.98329e-10
      20.556 -1.30058e-09
     20.7885  1.63749e-12
     21.0235 -8.68126e-10
     21.2612 -1.62423e-10
     21.5016 -9.65567e-10
     21.7447  8.32489e-11
     21.9906 -1.28696e-09
     22.2392  3.61315e-10
     22.4907 -1.46465e-09
     22.7449  3.47953e-10
     23.0021 -1.32757e-09
     23.2622  1.45309e-10
     23.5252 -1.15618e-09
     23.7912 -3.56991e-11
     24.0602 -1.02653e-09
     24.3322 -1.52599e-10
     24.6073 -9.80318e-10
     24.8856 -2.24348e-10
     25.1669 -9.52339e-10
     25.4515 -2.70536e-10
     25.7393 -9.88085e-10
     26.0303 -2.73365e-10
     26.3246 -1.01511e-09
     26.6222 -3.12454e-10
     26.9232 -1.01607e-09
     27.2276 -3.57209e-10
     27.5355 -1.02408e-09
     27.8468 -3.88208e-10
     28.1617 -1.02064e-09
     28.4801 -4.15349e-10
     28.8021 -1.00329e-09
     29.1277 -4.35661e-10
     29.4571  -9.8888e-10
     29.7901 -4.36143e-10
      30.127 -9.75523e-10
     30.4676 -4.27515e-10
     30.8121 -9.49318e-10
     31.1604 -4.17184e-10
     31.5128 -9.12453e-10
     31.8691 -4.08416e-10
     32.2294 -8.69457e-10
     32.5938 -3.93314e-10
     32.9623 -8.29049e-10
      33.335  -3.7023e-10
     33.7119  -7.8684e-10
     34.0931 -3.33691e-10
     34.4786 -7.30725e-10
     34.8684 -2.84823e-10
     35.2626 -6.63072e-10
     35.6613 -2.25183e-10
     36.0645 -5.79625e-10
     36.4723 -1.50285e-10
     36.8847  -4.7157e-10
     37.3017 -5.14858e-11
     37.7235  -3.4455e-10
       38.15  6.65643e-11
     38.5813 -2.12449e-10
     39.0175  1.85541e-10
     39.4587 -8.14156e-11
     39.9048  3.07343e-10
      40.356  5.35504e-11
     40.8123  4.29158e-10
     41.2738  1.83208e-10
     41.7404    5.453e-10
     42.2124  3.16967e-10
     42.6896  6.70409e-10
     43.1723  4.55269e-10
     43.6604  8.03278e-10
     44.1541  6.04033e-10
     44.6533  9.45531e-10
     45.1582  7.56359e-10
     45.6688  1.09062e-09
     46.1851  9.14978e-10
     46.7073  1.24131e-09
     47.2354  1.07623e-09
     47.7695  1.38863e-09
     48.3096  1.22625e-09
     48.8558  1.52222e-09
     49.4082  1.36616e-09
     49.9668  1.65829e-09
     50.5318  1.51636e-09
     51.1031  1.80612e-09
     51.6809  1.67904e-09
     52.2653   1.9683e-09
     52.8562  1.85773e-09
     53.4538  2.14937e-09
     54.0582   2.0558e-09
     54.6694  2.34628e-09
     55.2875  2.26412e-09
     55.9126  2.55311e-09
     56.5448  2.48398e-09
     57.1841  2.77736e-09
     57.8307  2.72695e-09
     58.4846  3.02853e-09
     59.1458  3.00688e-09
     59.8146  3.32465e-09
     60.4908  3.33088e-09
     61.1748  3.66594e-09
     61.8665  3.69908e-09
      62.566  4.04891e-09
     63.2734  4.11234e-09
     63.9888  4.49123e-09
     64.7123  4.60047e-09
     65.4439  5.01094e-09
     66.1839   5.1574e-09
     66.9322  5.59594e-09
      67.689  5.78162e-09
     68.4543  6.25473e-09
     69.2283  6.48435e-09
      70.011  6.98549e-09
     70.8026  7.25186e-09
     71.6031   7.7817e-09
     72.4127  8.09072e-09
     73.2314  8.66581e-09
     74.0594   9.0353e-09
     74.8968  9.65756e-09
     75.7436  1.00807e-08
        76.6  1.07541e-08
     77.4661  1.12338e-08
     78.3419  1.19574e-08
     79.2277   1.2504e-08
     80.1235   1.3294e-08
     81.0294  1.39159e-08
     81.9456  1.47788e-08
     82.8721  1.54859e-08
     83.8091  1.64244e-08
     84.7567  1.72137e-08
      85.715  1.82332e-08
     86.6841  1.91155e-08
     87.6642  2.02271e-08
     88.6554  2.12016e-08
     89.6578  2.23978e-08
     90.6715  2.34725e-08
     91.6967  2.47666e-08
     92.7335  2.59536e-08
      93.782  2.73646e-08
     94.8423   2.8678e-08
     95.9147  3.02113e-08
     96.9991  3.16472e-08
     98.0958  3.33033e-08
      99.205   3.4879e-08
