 0.000992139      12.4168
  0.00100336      12.6889
   0.0010147      12.9618
  0.00102617      13.2186
  0.00103778      13.4892
  0.00104951      13.8216
  0.00106138      14.0241
  0.00107338       14.408
  0.00108551       14.617
  0.00109779      15.0006
   0.0011102      15.2508
  0.00112275      15.5937
  0.00113544      15.9063
  0.00114828      16.2371
  0.00116127      16.5476
   0.0011744      16.9255
  0.00118767      17.2261
   0.0012011      17.6056
  0.00121468      17.9398
  0.00122842      18.3191
  0.00124231      18.6776
  0.00125635      19.0564
  0.00127056      19.4152
  0.00128492      19.8533
  0.00129945      20.1785
  0.00131414      20.6387
    0.001329      20.9968
  0.00134403      21.4525
  0.00135922      21.8263
  0.00137459      22.2972
  0.00139013      22.6857
  0.00140585      23.1631
  0.00142175      23.5778
  0.00143782      24.0511
  0.00145408        24.49
  0.00147052      24.9811
  0.00148715      25.4184
  0.00150396       25.934
  0.00152096      26.3831
  0.00153816      26.9075
  0.00155555      27.3748
  0.00157314      27.9055
  0.00159093      28.3959
  0.00160892      28.9288
  0.00162711      29.4373
   0.0016455      29.9833
  0.00166411      30.5019
  0.00168292      31.0598
  0.00170195      31.5928
   0.0017212       32.162
  0.00174066      32.7025
  0.00176034       33.289
  0.00178024       33.836
  0.00180037      34.4345
  0.00182072      34.9915
  0.00184131      35.6009
  0.00186213      36.1656
  0.00188318      36.7848
  0.00190448      37.3602
  0.00192601      37.9814
  0.00194779       38.572
  0.00196981      39.1942
  0.00199208      39.7928
   0.0020146      40.4228
  0.00203738      41.0223
  0.00206042      41.6603
  0.00208371      42.2606
  0.00210727      42.9022
   0.0021311      43.5047
  0.00215519      44.1458
  0.00217956      44.7498
  0.00220421      45.3881
  0.00222913       45.991
  0.00225433      46.6254
  0.00227982      47.2242
   0.0023056      47.8523
  0.00233166      48.4449
  0.00235803      49.0639
  0.00238469      49.6474
  0.00241165      50.2546
  0.00243892      50.8262
  0.00246649      51.4184
  0.00249438      51.9748
  0.00252258      52.5488
  0.00255111      53.0863
  0.00257995      53.6389
  0.00260912      54.1537
  0.00263862       54.681
  0.00266845      55.1691
  0.00269863      55.6671
  0.00272914      56.1241
  0.00275999      56.5886
   0.0027912      57.0102
  0.00282276      57.4364
  0.00285468      57.8178
  0.00288695      58.2009
  0.00291959      58.5374
   0.0029526      58.8721
  0.00298599      59.1584
  0.00301975      59.4397
  0.00305389      59.6703
  0.00308842      59.8926
  0.00312334      60.0621
  0.00315865      60.2198
  0.00319437      60.3224
  0.00323048      60.4097
  0.00326701      60.4396
  0.00330395      60.4507
   0.0033413      60.4019
  0.00337908       60.331
  0.00341729      60.1977
  0.00345593      60.0389
    0.003495      59.8152
  0.00353452      59.5627
  0.00357448       59.243
   0.0036149      58.8912
  0.00365577        58.47
   0.0036971      58.0135
   0.0037389      57.4857
  0.00378118      56.9197
  0.00382393      56.2805
  0.00386716      55.6005
  0.00391089      54.8458
  0.00395511       54.048
  0.00399983      53.1741
  0.00404505      52.2553
  0.00409079      51.2597
  0.00413704      50.2178
  0.00418381      49.0987
  0.00423112      47.9324
  0.00427896      46.6892
  0.00432734      45.3987
  0.00437626      44.0322
  0.00442575      42.6189
  0.00447578      41.1311
  0.00452639       39.598
  0.00457757      37.9929
  0.00462932      36.3448
  0.00468167       34.628
   0.0047346      32.8714
  0.00478813      31.0506
  0.00484227      29.1943
  0.00489702      27.2793
  0.00495239      25.3341
  0.00500838       23.337
  0.00506501      21.3163
  0.00512228      19.2514
  0.00518019       17.171
  0.00523876      15.0553
  0.00529799      12.9332
   0.0053579      10.7862
  0.00541847      8.64304
  0.00547974      6.48657
   0.0055417      4.34555
  0.00560435      2.20387
  0.00566772    0.0903798
   0.0057318        -2.01
  0.00579661     -4.06845
  0.00586215     -6.09908
  0.00592843     -8.07318
  0.00599546      -10.004
  0.00606325      -11.863
   0.0061318     -13.6628
  0.00620113     -15.3751
  0.00627124     -17.0119
  0.00634215     -18.5457
  0.00641386      -19.988
  0.00648637     -21.3118
  0.00655971     -22.5287
  0.00663388     -23.6125
  0.00670889     -24.5751
  0.00678474     -25.3913
  0.00686145     -26.0735
  0.00693903     -26.5979
  0.00701749     -26.9775
  0.00709683     -27.1905
  0.00717707     -27.2509
  0.00725822     -27.1386
  0.00734029     -26.8693
  0.00742328     -26.4251
  0.00750721     -25.8232
  0.00759209     -25.0486
  0.00767793     -24.1202
  0.00776474     -23.0259
  0.00785253     -21.7869
  0.00794132     -20.3938
  0.00803111     -18.8704
  0.00812191     -17.2105
  0.00821374     -15.4402
  0.00830661     -13.5564
  0.00840053     -11.5877
  0.00849551     -9.53388
  0.00859157     -7.42599
  0.00868871      -5.2665
  0.00878695      -3.0884
   0.0088863     -0.89651
  0.00898677       1.2747
  0.00908838      3.41866
  0.00919114      5.50008
  0.00929506      7.51139
  0.00940015      9.41732
  0.00950643      11.2103
  0.00961392       12.856
  0.00972262      14.3479
  0.00983255       15.654
  0.00994372        16.77
   0.0100561      17.6671
   0.0101698      18.3446
   0.0102848      18.7786
   0.0104011      18.9731
   0.0105187      18.9099
   0.0106377      18.5991
   0.0107579      18.0294
   0.0108796      17.2179
   0.0110026       16.161
    0.011127      14.8831
   0.0112528       13.389
     0.01138      11.7106
   0.0115087      9.86046
   0.0116388      7.87805
   0.0117704      5.78303
   0.0119035      3.62091
   0.0120381      1.41713
   0.0121742    -0.778441
   0.0123118     -2.93684
    0.012451     -5.00638
   0.0125918      -6.9574
   0.0127342     -8.73954
   0.0128782     -10.3258
   0.0130238     -11.6709
    0.013171      -12.754
   0.0133199     -13.5386
   0.0134705     -14.0142
   0.0136228     -14.1563
   0.0137769     -13.9679
   0.0139326     -13.4395
   0.0140902     -12.5901
   0.0142495     -11.4271
   0.0144106     -9.98644
   0.0145735      -8.2925
   0.0147383     -6.39724
   0.0149049     -4.34042
   0.0150735     -2.18717
   0.0152439     0.011515
   0.0154162      2.18241
   0.0155905      4.26942
   0.0157668       6.1983
   0.0159451      7.91573
   0.0161254      9.35491
   0.0163077      10.4741
   0.0164921      11.2229
   0.0166785      11.5797
   0.0168671      11.5184
   0.0170578      11.0447
   0.0172507      10.1623
   0.0174457      8.90774
    0.017643      7.31633
   0.0178425        5.455
   0.0180442      3.38696
   0.0182482      1.20324
   0.0184546     -1.01385
   0.0186632     -3.16088
   0.0188742      -5.1505
   0.0190876     -6.88292
   0.0193034     -8.28317
   0.0195217     -9.27317
   0.0197424      -9.8082
   0.0199656     -9.84859
   0.0201914     -9.39436
   0.0204197     -8.45551
   0.0206506     -7.08389
    0.020884     -5.34118
   0.0211202     -3.32737
    0.021359     -1.14603
   0.0216005      1.07062
   0.0218447      3.19883
   0.0220917      5.10091
   0.0223415      6.66347
   0.0225941      7.77609
   0.0228495       8.3687
   0.0231079      8.38897
   0.0233691      7.83652
   0.0236334      6.73664
   0.0239006      5.16911
   0.0241708      3.23652
   0.0244441      1.08657
   0.0247205     -1.12525
       0.025     -3.21921
   0.0252826     -5.03265
   0.0255685     -6.40646
   0.0258576     -7.22661
   0.0261499       -7.409
   0.0264456     -6.93622
   0.0267446     -5.83561
    0.027047     -4.20665
   0.0273528     -2.18865
   0.0276621    0.0234857
   0.0279748      2.22203
   0.0282911      4.18014
    0.028611      5.70068
   0.0289345      6.61253
   0.0292617      6.81676
   0.0295925      6.27587
   0.0299271      5.04745
   0.0302655      3.25736
   0.0306077      1.11446
   0.0309537     -1.13531
   0.0313037     -3.21187
   0.0316576     -4.85959
   0.0320156     -5.85683
   0.0323776     -6.07209
   0.0327436     -5.46241
   0.0331139     -4.10902
   0.0334883     -2.18875
   0.0338669    0.0217195
   0.0342498      2.20507
   0.0346371      4.02497
   0.0350287      5.20091
   0.0354247      5.53209
   0.0358253      4.95833
   0.0362303      3.55478
     0.03664      1.55068
   0.0370542    -0.724467
   0.0374732     -2.86987
   0.0378969      -4.5048
   0.0383254     -5.31703
   0.0387587     -5.14873
   0.0391969     -4.01331
   0.0396401      -2.1256
   0.0400883     0.152104
   0.0405416      2.35357
   0.0409999      4.02312
   0.0414635       4.7922
   0.0419323      4.48796
   0.0424064      3.16173
   0.0428859      1.11249
   0.0433708     -1.19078
   0.0438612     -3.19014
   0.0443571     -4.39256
   0.0448586     -4.47639
   0.0453658     -3.40602
   0.0458787      -1.4371
   0.0463975      0.91317
   0.0469221      3.01368
   0.0474526      4.26852
   0.0479891      4.31136
   0.0485317      3.10581
   0.0490804     0.997397
   0.0496354     -1.39007
   0.0501966     -3.31213
   0.0507641      -4.1554
   0.0513381     -3.62557
   0.0519185     -1.88577
   0.0525055      0.49202
   0.0530992      2.68158
   0.0536996      3.90259
   0.0543067      3.68821
   0.0549207      2.09879
   0.0555417    -0.288804
   0.0561697      -2.5541
   0.0568048     -3.79849
    0.057447     -3.49245
   0.0580966     -1.73861
   0.0587534     0.752376
   0.0594177      2.91277
   0.0600895       3.7889
   0.0607689      2.96083
    0.061456     0.789504
   0.0621509     -1.72517
   0.0628536     -3.36893
   0.0635643     -3.31948
   0.0642829     -1.56714
   0.0650098      1.00981
   0.0657448      3.07167
   0.0664881      3.49083
   0.0672399      2.00506
   0.0680001    -0.598988
    0.068769     -2.85165
   0.0695465     -3.43759
   0.0703329     -1.97455
   0.0711281     0.674884
   0.0719323      2.88239
   0.0727456      3.22671
   0.0735681      1.45295
   0.0743999     -1.30154
   0.0752411     -3.17391
   0.0760918     -2.84356
   0.0769522    -0.487451
   0.0778222      2.23196
   0.0787021      3.31944
    0.079592      1.91601
   0.0804919    -0.945181
    0.081402     -3.04821
   0.0823223     -2.68367
   0.0832531    -0.106101
   0.0841944      2.56872
   0.0851464      3.03834
   0.0861091      0.83722
   0.0870827     -2.14048
   0.0880673     -3.19302
    0.089063      -1.2927
     0.09007      1.83976
   0.0910884      3.20115
   0.0921183      1.41359
   0.0931598      -1.7865
   0.0942131     -3.11049
   0.0952783      -1.0984
   0.0963556      2.19429
   0.0974451      3.18597
   0.0985468     0.693963
   0.0996611     -2.55332
    0.100788     -2.79751
    0.101927     0.331319
     0.10308      3.13144
    0.104245      2.10115
    0.105424     -1.59363
    0.106616     -3.28126
    0.107821     -0.64913
    0.109041      2.94364
    0.110273      2.63166
     0.11152     -1.29661
    0.112781     -3.37287
    0.114056    -0.486085
    0.115346      3.32248
     0.11665      2.33605
    0.117969     -2.16041
    0.119303     -3.29459
    0.120652     0.918677
    0.122016      3.88799
    0.123395     0.626387
    0.124791      -3.6791
    0.126202     -1.63892
    0.127628       3.5558
    0.129071      2.83056
    0.130531     -2.84497
    0.132007     -3.24262
    0.133499      2.74079
    0.135009      4.05549
    0.136535     -2.17264
    0.138079     -4.06211
     0.13964      2.52967
    0.141219      4.68514
    0.142816     -2.38888
     0.14443     -4.27841
    0.146063      3.53995
    0.147715      4.68787
    0.149385     -3.86492
    0.151074     -3.43866
    0.152782      5.71934
    0.154509      2.93107
    0.156256     -6.08423
    0.158023   -0.0343629
     0.15981      7.58993
    0.161617     -1.85419
    0.163444     -5.84667
    0.165292      6.35017
    0.167161      4.63492
    0.169051     -7.42796
    0.170962      1.47288
    0.172895      9.16316
     0.17485     -5.12656
    0.176827     -3.44954
    0.178826      10.8484
    0.180848     -1.26042
    0.182893     -6.67902
    0.184961      10.8168
    0.187052       2.1494
    0.189167     -8.20931
    0.191306      10.5883
    0.193469      4.30939
    0.195656     -8.40504
    0.197869      11.2479
    0.200106      4.94068
    0.202368     -7.50068
    0.204656      12.8923
     0.20697      3.97907
    0.209311     -5.10855
    0.211677      15.0631
     0.21407      2.03103
    0.216491    -0.569503
    0.218939      16.5368
    0.221414     0.259194
    0.223917      6.00229
    0.226449      16.4059
     0.22901     0.554465
    0.231599      13.8166
    0.234217      14.6996
    0.236866       4.5459
    0.239544      21.2694
    0.242252      12.3393
    0.244991      13.8988
    0.247761      25.6464
    0.250563      13.3183
    0.253396      27.1964
    0.256261      25.5241
    0.259158      23.6533
    0.262088      37.1373
    0.265051      28.5786
    0.268048      40.8012
    0.271079      41.8821
    0.274144      43.0015
    0.277244      55.1716
    0.280378      51.4311
    0.283548      64.7331
    0.286754      66.1886
    0.289996      73.7135
    0.293275      83.0817
    0.296591      86.2799
    0.299945      99.4782
    0.303336      103.278
    0.306766      115.621
    0.310234      122.807
    0.313742      132.693
    0.317289      142.411
    0.320877      150.573
    0.324505       160.04
    0.328174      167.342
    0.331884      173.903
    0.335637      179.666
    0.339431      181.277
    0.343269      182.948
     0.34715      177.656
    0.351075      170.832
    0.355045      155.293
    0.359059      133.476
    0.363119      102.188
    0.367225      57.3897
    0.371377      4.83264
    0.375576     -66.4132
    0.379822     -131.541
    0.384117     -198.006
     0.38846       -42.79
    0.392852      110.152
    0.397293      108.569
    0.401785     -32.7723
    0.406328     -233.102
    0.410922      -200.78
    0.415569     -141.394
    0.420267      -79.685
    0.425019     -31.7853
    0.429824       8.0953
    0.434684      34.4545
    0.439599       54.236
    0.444569      65.2101
    0.449596      72.3165
    0.454679      74.1342
     0.45982      73.7976
    0.465019      70.3624
    0.470277      65.9193
    0.475594      59.8517
    0.480971      53.6628
    0.486409      46.9535
    0.491909       40.692
    0.497471      34.5716
    0.503096      29.1919
    0.508784      24.1957
    0.514536       19.981
    0.520354      16.2266
    0.526237      13.1216
    0.532187       10.445
    0.538205       8.3047
     0.54429      6.47695
    0.550444      5.06681
    0.556667      3.88147
    0.562961      2.98184
    0.569327      2.24964
    0.575764      1.70372
    0.582274      1.25638
    0.588857     0.944459
    0.595515     0.675853
    0.602248     0.508219
    0.609057     0.355105
    0.615944     0.262513
    0.622908     0.187609
    0.629951     0.125892
    0.637073      0.09206
    0.644277    0.0633914
    0.651561    0.0441963
    0.658928    0.0324312
    0.666378    0.0161381
    0.673913    0.0170532
    0.681532   0.00608011
    0.689238    0.0110589
    0.697031  -0.00350571
    0.704912   0.00860402
    0.712882  -0.00168688
    0.720942   0.00513169
    0.729094  -0.00254429
    0.737337   0.00181916
    0.745674  -0.00120189
    0.754105    0.0036554
    0.762631  -0.00383986
    0.771254   0.00318767
    0.779974  -0.00209082
    0.788793  0.000244096
    0.797711  0.000244735
    0.806731  0.000711976
    0.815852 -0.000545958
    0.825076  0.000366912
    0.834405   -0.0017491
    0.843839   0.00198795
     0.85338  -0.00104046
    0.863029  0.000984314
    0.872787  -0.00054032
    0.882655 -0.000960537
    0.892635   0.00153433
    0.902728  6.28575e-05
    0.912934  -0.00146408
    0.923256  1.73004e-05
    0.933695   0.00214218
    0.944252 -0.000580033
    0.954928  -0.00249886
    0.965725   0.00202153
    0.976644  0.000338808
    0.987687 -0.000685842
    0.998854 -0.000257147
     1.01015  0.000313436
     1.02157 -0.000143423
     1.03312 -1.03114e-05
      1.0448  3.57288e-05
     1.05661  0.000324307
     1.06856  -0.00109926
     1.08064   0.00116149
     1.09286 -0.000137127
     1.10522 -0.000939154
     1.11771   0.00138585
     1.13035 -0.000593138
     1.14313 -0.000372833
     1.15606 -0.000227363
     1.16913   0.00135744
     1.18234  -0.00106635
     1.19571 -6.94043e-05
     1.20923  0.000660448
      1.2229 -0.000343225
     1.23673  0.000297359
     1.25071  -0.00056442
     1.26486  0.000615496
     1.27916 -0.000445111
     1.29362  0.000277778
     1.30825 -0.000410167
     1.32304  0.000348348
       1.338  2.16835e-05
     1.35313 -0.000481634
     1.36842  0.000563514
      1.3839 -0.000417591
     1.39954  0.000295904
     1.41537 -2.16856e-05
     1.43137 -8.37495e-05
     1.44755  0.000257444
     1.46392 -0.000486272
     1.48047  0.000478081
     1.49721 -0.000433891
     1.51414  0.000442177
     1.53126 -0.000628519
     1.54857  0.000691406
     1.56608 -0.000458493
     1.58379 -3.13327e-05
      1.6017  0.000401525
     1.61981 -0.000303508
     1.63812  8.12477e-05
     1.65664  0.000160294
     1.67537 -0.000174493
     1.69432 -0.000132385
     1.71347  0.000282898
     1.73285  -0.00017683
     1.75244 -1.34419e-05
     1.77225  0.000164372
     1.79229 -0.000268966
     1.81255  0.000283739
     1.83305 -0.000282781
     1.85377  0.000419323
     1.87473 -0.000500207
     1.89593  0.000381392
     1.91737  -0.00023559
     1.93905  7.10051e-05
     1.96097  0.000138031
     1.98314 -0.000259823
     2.00556  0.000184561
     2.02824 -6.80147e-05
     2.05117   9.1248e-05
     2.07436  7.33146e-06
     2.09782 -6.37672e-05
     2.12154  3.20743e-06
     2.14552  -6.6125e-05
     2.16978  7.82659e-05
     2.19431 -0.000103036
     2.21912  0.000181562
     2.24422 -0.000166047
     2.26959  0.000131676
     2.29525 -0.000141416
      2.3212  0.000125424
     2.34745  -9.0418e-05
     2.37399  4.92626e-05
     2.40083   6.5933e-06
     2.42798 -2.60632e-05
     2.45543  2.99431e-05
     2.48319 -3.35817e-05
     2.51127  6.27111e-05
     2.53966 -4.82894e-05
     2.56837  3.98617e-05
     2.59741 -8.23241e-05
     2.62678  4.26049e-05
     2.65648 -2.00781e-06
     2.68652  2.49209e-05
     2.71689  -4.9661e-05
     2.74761  4.46108e-05
     2.77868 -1.02848e-05
     2.81009 -1.67686e-05
     2.84187 -4.05462e-06
       2.874  6.24008e-06
     2.90649   2.2478e-05
     2.93935  8.92037e-06
     2.97259 -4.12379e-05
      3.0062 -8.31326e-06
     3.04019  4.79792e-05
     3.07456  2.13279e-05
     3.10932  -4.9276e-05
     3.14448 -2.33363e-05
     3.18003  3.44501e-05
     3.21599 -2.60123e-06
     3.25235 -2.23269e-05
     3.28912   1.3874e-05
     3.32631  1.80685e-05
     3.36392  -1.7943e-06
     3.40196 -9.17135e-06
     3.44042 -1.91509e-06
     3.47932  1.25411e-05
     3.51866 -1.47767e-05
     3.55844  1.13264e-05
     3.59868 -1.31831e-05
     3.63936  1.05225e-06
     3.68051  -7.2598e-07
     3.72213  1.66355e-05
     3.76421  -4.6829e-06
     3.80677 -3.44327e-05
     3.84981  3.71017e-05
     3.89334   6.6989e-06
     3.93736 -2.07067e-05
     3.98188  7.68112e-06
      4.0269 -8.96684e-07
     4.07243  4.39884e-06
     4.11847 -2.04475e-05
     4.16504  1.19457e-05
     4.21213  8.62632e-06
     4.25976  2.15116e-07
     4.30792 -9.37584e-07
     4.35663 -1.18046e-05
     4.40589 -1.28204e-06
      4.4557  9.91534e-06
     4.50608 -3.24073e-06
     4.55703  6.54529e-06
     4.60855 -1.22138e-05
     4.66066  1.43632e-05
     4.71336 -1.55125e-05
     4.76665  8.12607e-06
     4.82054  5.25361e-07
     4.87504   7.6688e-06
     4.93016 -2.78817e-05
     4.98591  2.31063e-05
     5.04228 -3.80872e-06
     5.09929  1.47326e-05
     5.15695 -2.04469e-05
     5.21525  1.11237e-05
     5.27422 -5.47305e-06
     5.33385 -5.90038e-06
     5.39416  3.19029e-06
     5.45515   3.7334e-06
     5.51683 -6.60938e-08
     5.57921 -2.55645e-06
     5.64229  1.71495e-05
     5.70608 -2.55876e-05
      5.7706  9.41715e-06
     5.83584 -2.38625e-06
     5.90183  4.76094e-06
     5.96856  -6.1106e-06
     6.03604  7.15462e-06
     6.10429  2.43253e-06
      6.1733 -1.04262e-05
      6.2431  9.84557e-06
     6.31369 -4.25281e-06
     6.38508 -8.62836e-06
     6.45727  1.42672e-05
     6.53028 -9.15116e-06
     6.60411  8.54603e-06
     6.67878   -7.817e-06
      6.7543  6.22824e-06
     6.83066 -7.50398e-06
      6.9079  4.97816e-06
       6.986  -6.9325e-06
     7.06499  1.23138e-05
     7.14487 -9.59358e-06
     7.22565  4.03972e-06
     7.30735 -2.66628e-06
     7.38997  1.59136e-06
     7.47352  1.64017e-06
     7.55802 -2.32587e-06
     7.64348  2.98371e-06
      7.7299 -3.24795e-06
      7.8173 -1.34253e-06
     7.90569  5.40044e-06
     7.99507 -3.57546e-06
     8.08547  3.97343e-07
     8.17689 -1.38458e-06
     8.26934  1.25818e-06
     8.36284  2.78736e-06
     8.45739 -4.13523e-06
     8.55301  3.02347e-06
     8.64972 -3.22305e-06
     8.74752  4.03531e-06
     8.84642 -5.28315e-06
     8.94644  5.68263e-06
      9.0476 -4.05024e-06
     9.14989  2.49671e-06
     9.25335 -1.48516e-06
     9.35797  4.12837e-07
     9.46378  2.90202e-07
     9.57078  5.83592e-07
     9.67899 -1.34245e-06
     9.78843  8.84025e-07
      9.8991 -1.63801e-06
      10.011  3.03717e-06
     10.1242 -2.56276e-06
     10.2387  1.26242e-06
     10.3544 -1.39882e-06
     10.4715  1.60856e-06
     10.5899 -6.60081e-07
     10.7097 -5.66546e-07
     10.8307  7.27586e-07
     10.9532 -6.34787e-07
      11.077  1.81922e-06
     11.2023 -2.07681e-06
     11.3289  1.16144e-06
      11.457 -3.05891e-07
     11.5866  5.20069e-07
     11.7176  -9.9708e-07
     11.8501 -7.01302e-08
      11.984    1.356e-06
     12.1195 -1.35386e-06
     12.2566  3.02339e-07
     12.3952  2.33341e-07
     12.5353  4.87928e-07
      12.677 -7.27196e-07
     12.8204  3.00459e-07
     12.9653   2.2853e-07
     13.1119 -3.17302e-07
     13.2602  5.67554e-09
     13.4101 -1.19295e-08
     13.5617  4.20529e-07
      13.715 -4.92862e-07
     13.8701 -1.08238e-07
     14.0269  6.21538e-07
     14.1855 -5.90182e-07
     14.3459  2.35543e-07
     14.5081  3.31432e-07
     14.6722 -4.20624e-07
     14.8381  1.46963e-07
     15.0058  1.47441e-07
     15.1755 -2.81813e-07
     15.3471  1.82563e-07
     15.5206 -6.18552e-08
     15.6961  1.75001e-07
     15.8735 -1.02472e-07
      16.053  2.18165e-07
     16.2345 -1.52584e-07
     16.4181 -7.51155e-08
     16.6037  9.73164e-08
     16.7914 -9.83382e-08
     16.9813  1.13005e-07
     17.1733  2.80845e-08
     17.3675 -2.31893e-08
     17.5638  -9.4989e-08
     17.7624  3.01194e-07
     17.9632 -4.56049e-07
     18.1663  5.35969e-07
     18.3717 -2.77766e-07
     18.5795  5.50984e-08
     18.7895  1.50689e-07
      19.002  -2.7523e-07
     19.2168  2.93846e-07
     19.4341 -1.48566e-07
     19.6538  8.33957e-08
     19.8761   9.7972e-08
     20.1008 -1.63224e-07
     20.3281  1.33444e-07
     20.5579 -3.49674e-08
     20.7903  5.38348e-08
     21.0254  4.80066e-08
     21.2631 -3.95852e-08
     21.5035  4.06582e-08
     21.7467  5.01206e-08
     21.9925 -8.15629e-08
     22.2412  8.36692e-08
     22.4927  4.59285e-08
      22.747  9.12611e-08
     23.0042 -1.53826e-07
     23.2643  8.59126e-08
     23.5273  3.36862e-08
     23.7933  7.71354e-08
     24.0623 -3.94425e-08
     24.3344  3.28069e-08
     24.6095  7.42495e-08
     24.8878 -2.88184e-09
     25.1692 -4.07725e-08
     25.4538  9.38612e-08
     25.7416  6.97984e-08
     26.0326 -5.56452e-08
     26.3269  5.06415e-08
     26.6246  3.13141e-08
     26.9256  3.45629e-08
     27.2301  3.45177e-08
      27.538   4.1375e-08
     27.8493  7.89162e-09
     28.1642   5.8024e-08
     28.4826  2.06051e-08
     28.8047  2.09197e-08
     29.1304  5.79351e-08
     29.4597  1.84354e-08
     29.7928  2.83988e-08
     30.1297  6.29162e-08
     30.4703   2.1465e-08
     30.8148  5.62208e-08
     31.1632  4.08557e-09
     31.5156  6.67171e-08
     31.8719  4.86866e-08
     32.2323   3.0235e-08
     32.5967   5.6569e-08
     32.9653  2.74951e-08
      33.338  5.47643e-08
     33.7149  3.99659e-08
     34.0961  3.85484e-08
     34.4816  7.14226e-08
     34.8715  4.13956e-08
     35.2658  5.85742e-08
     35.6645  2.48437e-08
     36.0678  8.27594e-08
     36.4756  4.32393e-08
      36.888  4.18263e-08
     37.3051  8.33988e-08
     37.7268  4.39952e-08
     38.1534  6.05981e-08
     38.5848  5.73799e-08
      39.021  6.77082e-08
     39.4622  6.27439e-08
     39.9084  5.84336e-08
     40.3596  7.46443e-08
      40.816  6.82473e-08
     41.2775  7.10882e-08
     41.7442  5.73305e-08
     42.2161  8.13518e-08
     42.6935  8.12213e-08
     43.1762  6.37783e-08
     43.6644  8.69732e-08
      44.158  8.20186e-08
     44.6573  6.08926e-08
     45.1622    1.051e-07
     45.6729  7.37287e-08
     46.1893  9.60604e-08
     46.7115  8.16576e-08
     47.2397  8.94624e-08
     47.7738  9.23054e-08
     48.3139  9.81033e-08
     48.8602    9.997e-08
     49.4126  9.46993e-08
     49.9713  9.39216e-08
     50.5363  1.21929e-07
     51.1077   8.9408e-08
     51.6856   1.1826e-07
     52.2699  1.04694e-07
     52.8609  1.16097e-07
     53.4586   1.1217e-07
      54.063  1.23093e-07
     54.6743  1.14729e-07
     55.2925   1.3106e-07
     55.9176  1.17054e-07
     56.5499  1.43137e-07
     57.1893  1.17345e-07
     57.8359   1.4115e-07
     58.4898  1.35761e-07
     59.1511  1.45391e-07
     59.8199  1.36369e-07
     60.4963  1.58648e-07
     61.1803  1.39066e-07
      61.872   1.5916e-07
     62.5716  1.55099e-07
      63.279  1.66725e-07
     63.9945  1.54462e-07
     64.7181  1.75572e-07
     65.4498  1.66098e-07
     66.1898  1.80706e-07
     66.9382  1.74962e-07
      67.695  1.85265e-07
     68.4604  1.85667e-07
     69.2345  1.92623e-07
     70.0173  1.92945e-07
     70.8089  2.03732e-07
     71.6095  2.00441e-07
     72.4192  2.10859e-07
      73.238  2.09975e-07
     74.0661   2.2227e-07
     74.9035  2.18311e-07
     75.7504   2.2964e-07
     76.6069  2.32148e-07
      77.473  2.36389e-07
      78.349  2.42532e-07
     79.2348   2.4941e-07
     80.1307  2.50257e-07
     81.0367  2.62082e-07
     81.9529  2.61069e-07
     82.8795  2.71673e-07
     83.8166  2.74891e-07
     84.7643  2.82406e-07
     85.7227  2.86762e-07
     86.6919  2.95333e-07
     87.6721  2.98447e-07
     88.6634  3.08011e-07
     89.6658  3.12249e-07
     90.6797  3.21337e-07
     91.7049  3.24712e-07
     92.7418   3.3564e-07
     93.7904  3.39457e-07
     94.8508  3.48709e-07
     95.9233  3.54916e-07
     97.0078   3.6391e-07
     98.1046  3.69346e-07
     99.2139  3.79298e-07
