  0.00099205  -0.00152128
  0.00100327  -0.00159535
  0.00101461  -0.00166286
  0.00102608  -0.00174293
  0.00103768  -0.00181704
  0.00104942  -0.00190408
  0.00106128  -0.00198519
  0.00107328  -0.00207971
  0.00108542  -0.00216864
  0.00109769    -0.002271
   0.0011101  -0.00236867
  0.00112265  -0.00247948
  0.00113534  -0.00258669
  0.00114818  -0.00270686
  0.00116116   -0.0028242
  0.00117429  -0.00295471
  0.00118757  -0.00308297
    0.001201  -0.00322462
  0.00121457  -0.00336481
  0.00122831  -0.00351851
  0.00124219  -0.00367163
  0.00125624   -0.0038385
  0.00127044  -0.00400555
  0.00128481  -0.00418688
  0.00129933  -0.00436904
  0.00131403  -0.00456606
  0.00132888  -0.00476481
  0.00134391  -0.00497876
   0.0013591  -0.00519538
  0.00137447  -0.00542763
  0.00139001  -0.00566356
  0.00140573  -0.00591569
  0.00142162  -0.00617263
  0.00143769   -0.0064463
  0.00145395  -0.00672588
  0.00147039  -0.00702283
  0.00148701  -0.00732681
  0.00150383  -0.00764899
  0.00152083  -0.00797937
  0.00153802  -0.00832881
  0.00155541  -0.00868776
    0.001573  -0.00906668
  0.00159079  -0.00945649
  0.00160877  -0.00986732
  0.00162696   -0.0102906
  0.00164536    -0.010736
  0.00166396   -0.0111953
  0.00168277    -0.011678
   0.0017018   -0.0121761
  0.00172104   -0.0126989
   0.0017405   -0.0132388
  0.00176018   -0.0138048
  0.00178008   -0.0143896
  0.00180021   -0.0150022
  0.00182056   -0.0156355
  0.00184115   -0.0162982
  0.00186196   -0.0169837
  0.00188301   -0.0177001
  0.00190431   -0.0184414
  0.00192584   -0.0192156
  0.00194761   -0.0200167
  0.00196963   -0.0208527
   0.0019919   -0.0217179
  0.00201442     -0.02262
   0.0020372   -0.0235539
  0.00206023   -0.0245269
  0.00208353   -0.0255342
  0.00210708   -0.0265828
  0.00213091   -0.0276683
    0.002155   -0.0287977
  0.00217937   -0.0299666
  0.00220401   -0.0311817
  0.00222893   -0.0324392
  0.00225413   -0.0337457
  0.00227962   -0.0350973
  0.00230539   -0.0365008
  0.00233146   -0.0379525
  0.00235782   -0.0394588
  0.00238448   -0.0410165
  0.00241144   -0.0426316
   0.0024387   -0.0443012
  0.00246627   -0.0460313
  0.00249416    -0.047819
  0.00252236   -0.0496702
  0.00255088   -0.0515822
  0.00257972   -0.0535607
  0.00260889   -0.0556031
  0.00263838    -0.057715
  0.00266822   -0.0598939
  0.00269838   -0.0621451
  0.00272889   -0.0644663
  0.00275975   -0.0668627
  0.00279095    -0.069332
  0.00282251    -0.071879
  0.00285442   -0.0745017
  0.00288669   -0.0772047
  0.00291933   -0.0799859
  0.00295234   -0.0828497
  0.00298572   -0.0857936
  0.00301948   -0.0888218
  0.00305362    -0.091932
  0.00308814    -0.095128
  0.00312306   -0.0984072
  0.00315837    -0.101773
  0.00319408    -0.105223
  0.00323019     -0.10876
  0.00326672     -0.11238
  0.00330365    -0.116087
  0.00334101    -0.119877
  0.00337878    -0.123752
  0.00341698    -0.127709
  0.00345562    -0.131748
  0.00349469    -0.135866
   0.0035342    -0.140064
  0.00357416    -0.144336
  0.00361457    -0.148682
  0.00365544    -0.153098
  0.00369677    -0.157582
  0.00373857    -0.162129
  0.00378084    -0.166737
  0.00382359    -0.171399
  0.00386682    -0.176112
  0.00391054    -0.180869
  0.00395475    -0.185666
  0.00399947    -0.190493
  0.00404469    -0.195348
  0.00409042    -0.200219
  0.00413667      -0.2051
  0.00418344    -0.209981
  0.00423074    -0.214854
  0.00427857    -0.219707
  0.00432695    -0.224531
  0.00437587    -0.229313
  0.00442535    -0.234042
  0.00447538    -0.238704
  0.00452598    -0.243287
  0.00457716    -0.247776
  0.00462891    -0.252156
  0.00468125    -0.256411
  0.00473418    -0.260525
   0.0047877    -0.264481
  0.00484183    -0.268261
  0.00489658    -0.271847
  0.00495194     -0.27522
  0.00500793    -0.278359
  0.00506455    -0.281246
  0.00512182    -0.283858
  0.00517973    -0.286176
  0.00523829    -0.288176
  0.00529752    -0.289839
  0.00535741    -0.291141
  0.00541799     -0.29206
  0.00547925    -0.292574
   0.0055412    -0.292661
  0.00560385    -0.292298
  0.00566721    -0.291465
  0.00573129    -0.290138
  0.00579609    -0.288299
  0.00586162    -0.285926
   0.0059279    -0.283002
  0.00599492    -0.279507
   0.0060627    -0.275426
  0.00613125    -0.270744
  0.00620057    -0.265449
  0.00627068    -0.259528
  0.00634158    -0.252973
  0.00641328    -0.245777
  0.00648579    -0.237938
  0.00655912    -0.229453
  0.00663329    -0.220327
  0.00670829    -0.210564
  0.00678413    -0.200176
  0.00686084    -0.189174
  0.00693841    -0.177578
  0.00701686    -0.165409
   0.0070962    -0.152695
  0.00717643    -0.139468
  0.00725757    -0.125764
  0.00733963    -0.111625
  0.00742261   -0.0970994
  0.00750654   -0.0822382
  0.00759141   -0.0671001
  0.00767724   -0.0517476
  0.00776405   -0.0362496
  0.00785183   -0.0206788
  0.00794061  -0.00511334
  0.00803039    0.0103644
  0.00812118    0.0256667
  0.00821301    0.0407034
  0.00830587    0.0553801
  0.00839978    0.0696001
  0.00849475    0.0832646
   0.0085908    0.0962745
  0.00868793     0.108529
  0.00878616      0.11993
   0.0088855     0.130378
  0.00898596     0.139779
  0.00908756     0.148043
  0.00919031     0.155083
  0.00929422     0.160822
  0.00939931     0.165189
  0.00950558     0.168123
  0.00961306     0.169574
  0.00972175     0.169504
  0.00983167     0.167889
  0.00994283     0.164721
   0.0100552     0.160006
   0.0101689     0.153771
   0.0102839     0.146059
   0.0104002     0.136932
   0.0105178     0.126473
   0.0106367     0.114785
    0.010757     0.101992
   0.0108786    0.0882352
   0.0110016    0.0736787
    0.011126    0.0585021
   0.0112518    0.0429027
    0.011379    0.0270929
   0.0115076    0.0112973
   0.0116378  -0.00425007
   0.0117693    -0.019308
   0.0119024   -0.0336328
    0.012037   -0.0469815
   0.0121731   -0.0591176
   0.0123107   -0.0698151
   0.0124499   -0.0788628
   0.0125907   -0.0860703
    0.012733   -0.0912732
    0.012877   -0.0943375
   0.0130226    -0.095165
   0.0131698   -0.0936984
   0.0133187   -0.0899247
   0.0134693   -0.0838774
   0.0136216   -0.0756409
   0.0137756   -0.0653513
   0.0139314    -0.053197
   0.0140889   -0.0394163
   0.0142482   -0.0242963
   0.0144093  -0.00816921
   0.0145722   0.00859386
    0.014737    0.0255903
   0.0149036    0.0423935
   0.0150721    0.0585642
   0.0152425    0.0736622
   0.0154149    0.0872575
   0.0155892    0.0989449
   0.0157654     0.108357
   0.0159437     0.115181
   0.0161239     0.119166
   0.0163062     0.120141
   0.0164906     0.118024
   0.0166771     0.112828
   0.0168656     0.104672
   0.0170563    0.0937788
   0.0172492     0.080474
   0.0174442    0.0651835
   0.0176414    0.0484218
   0.0178409    0.0307777
   0.0180426    0.0128968
   0.0182466  -0.00454213
   0.0184529    -0.020854
   0.0186615   -0.0353746
   0.0188725   -0.0474918
   0.0190859   -0.0566767
   0.0193017   -0.0625126
     0.01952   -0.0647229
   0.0197407   -0.0631915
   0.0199639   -0.0579784
   0.0201896   -0.0493288
   0.0204178   -0.0376713
   0.0206487   -0.0236087
   0.0208822  -0.00789525
   0.0211183   0.00859433
    0.021357    0.0249081
   0.0215985    0.0400664
   0.0218427    0.0531177
   0.0220897    0.0631977
   0.0223394    0.0695892
    0.022592    0.0717754
   0.0228475    0.0694871
   0.0231058     0.062737
    0.023367    0.0518387
   0.0236312    0.0374014
   0.0238984    0.0203075
   0.0241686   0.00166687
   0.0244419   -0.0172476
   0.0247183   -0.0350894
   0.0249977   -0.0505334
   0.0252804   -0.0623825
   0.0255662    -0.069673
   0.0258553   -0.0717663
   0.0261476   -0.0684242
   0.0264432   -0.0598528
   0.0267422   -0.0467114
   0.0270446   -0.0300823
   0.0273504   -0.0113962
   0.0276596   0.00768162
   0.0279723    0.0253986
   0.0282886    0.0400799
   0.0286085    0.0503044
   0.0289319    0.0550657
    0.029259    0.0539063
   0.0295899    0.0469974
   0.0299244    0.0351613
   0.0302628    0.0198154
   0.0306049   0.00284668
    0.030951   -0.0135859
   0.0313009   -0.0272976
   0.0316548   -0.0363479
   0.0320127   -0.0393013
   0.0323747   -0.0354473
   0.0327407   -0.0249412
   0.0331109  -0.00883994
   0.0334853    0.0109873
   0.0338639    0.0320697
   0.0342467    0.0516544
    0.034634    0.0670918
   0.0350256    0.0762423
   0.0354216    0.0778345
   0.0358221    0.0717203
   0.0362271    0.0589623
   0.0366367    0.0417341
   0.0370509    0.0230168
   0.0374698   0.00613458
   0.0378935  -0.00581016
   0.0383219   -0.0105101
   0.0387552  -0.00692671
   0.0391934   0.00444592
   0.0396366    0.0215844
   0.0400847     0.041249
   0.0405379    0.0595722
   0.0409963    0.0728308
   0.0414598    0.0782446
   0.0419286    0.0746418
   0.0424026    0.0628233
   0.0428821    0.0455101
   0.0433669    0.0268329
   0.0438572    0.0114522
   0.0443531   0.00347038
   0.0448546   0.00539471
   0.0453617    0.0174127
   0.0458746    0.0372142
   0.0463933    0.0604536
   0.0469178    0.0818032
   0.0474483    0.0963608
   0.0479848     0.101053
   0.0485273    0.0956201
    0.049076    0.0828391
   0.0496309     0.067852
   0.0501921    0.0567044
   0.0507596    0.0544701
   0.0513335    0.0635431
   0.0519139    0.0826783
   0.0525008     0.107185
   0.0530944     0.130329
   0.0536948     0.145572
   0.0543019      0.14893
   0.0549158     0.140585
   0.0555367     0.125051
   0.0561647     0.109696
   0.0567997     0.102015
   0.0574419      0.10664
   0.0580914     0.123303
   0.0587482     0.146689
   0.0594124      0.16847
   0.0600842     0.180821
   0.0607635         0.18
   0.0614505     0.168327
   0.0621453     0.153468
    0.062848     0.145071
   0.0635586     0.150141
   0.0642772     0.169363
   0.0650039     0.196345
   0.0657389     0.220516
   0.0664822     0.232485
   0.0672339      0.22919
    0.067994     0.215905
   0.0687628     0.203631
   0.0695403     0.202911
   0.0703266     0.217395
   0.0711217     0.241109
   0.0719258     0.261526
   0.0727391     0.267103
   0.0735615      0.25486
   0.0743932     0.232892
   0.0752344     0.215577
    0.076085     0.213977
   0.0769453     0.227757
   0.0778152      0.24468
   0.0786951     0.248886
   0.0795848     0.232651
   0.0804847     0.202863
   0.0813947     0.176449
   0.0823149     0.167188
   0.0832456     0.173835
   0.0841869     0.179749
   0.0851387     0.165738
   0.0861014     0.126361
   0.0870749    0.0754325
   0.0880594    0.0343854
    0.089055    0.0123334
   0.0900619  -0.00404807
   0.0910802    -0.039724
     0.09211    -0.107763
   0.0931515    -0.195512
   0.0942047    -0.276125
   0.0952698    -0.336492
    0.096347    -0.393415
   0.0974363    -0.478691
    0.098538    -0.605908
   0.0996521     -0.75488
    0.100779    -0.894379
    0.101918     -1.02105
    0.103071     -1.16903
    0.104236     -1.37432
    0.105415     -1.63299
    0.106606     -1.90697
    0.107812     -2.17642
    0.109031     -2.47451
    0.110264      -2.8542
     0.11151     -3.32392
    0.112771     -3.84055
    0.114046     -4.37901
    0.115336     -4.98637
     0.11664     -5.73519
    0.117958     -6.63289
    0.119292     -7.62487
    0.120641     -8.70322
    0.122005     -9.95901
    0.123384     -11.4779
    0.124779     -13.2302
     0.12619     -15.1519
    0.127617     -17.3125
     0.12906     -19.8762
    0.130519     -22.8708
    0.131995     -26.1625
    0.133487     -29.7626
    0.134996     -33.9526
    0.136523     -38.8294
    0.138066      -43.803
    0.139627     -47.8737
    0.141206     -50.4506
    0.142803     -51.6395
    0.144417     -51.7338
     0.14605     -50.7959
    0.147702     -48.8134
    0.149372     -45.8819
     0.15106     -42.1046
    0.152768     -37.6013
    0.154496     -32.5887
    0.156242     -27.1317
    0.158009     -21.0649
    0.159796      -14.612
    0.161602     -8.66918
    0.163429     -3.92609
    0.165277    -0.224122
    0.167146      2.77842
    0.169036      5.05503
    0.170947      6.64323
     0.17288      7.78969
    0.174835      8.55562
    0.176811      8.93337
     0.17881      9.07914
    0.180832      9.05644
    0.182877      8.83854
    0.184944      8.52415
    0.187035      8.15579
     0.18915      7.69872
    0.191289      7.22113
    0.193452      6.74145
    0.195639      6.22935
    0.197851      5.74069
    0.200088      5.26924
     0.20235      4.79679
    0.204638      4.36595
    0.206952      3.94832
    0.209292      3.54831
    0.211658      3.18944
    0.214051      2.84028
    0.216471      2.52811
    0.218919      2.24426
    0.221394      1.97515
    0.223897      1.74356
    0.226429      1.52084
    0.228989      1.32601
    0.231578      1.15327
    0.234196     0.993976
    0.236844     0.864133
    0.239522     0.738791
     0.24223     0.635893
    0.244969     0.540001
    0.247739     0.457678
     0.25054     0.389948
    0.253373     0.327953
    0.256238     0.280418
    0.259135     0.232283
    0.262065     0.195825
    0.265028     0.160124
    0.268024     0.134967
    0.271055     0.111758
    0.274119    0.0938784
    0.277219    0.0762145
    0.280353    0.0615558
    0.283523    0.0495409
    0.286729    0.0411161
     0.28997    0.0343501
    0.293249    0.0277497
    0.296565    0.0212178
    0.299918    0.0161104
    0.303309    0.0133933
    0.306738    0.0118509
    0.310206   0.00959006
    0.313714   0.00643627
    0.317261   0.00428681
    0.320848   0.00415283
    0.324475   0.00446855
    0.328144   0.00322107
    0.331854   0.00114391
    0.335606  0.000677732
    0.339401   0.00183654
    0.343238   0.00199962
    0.347119  0.000329992
    0.351044 -0.000643121
    0.355013  0.000486743
    0.359027   0.00136713
    0.363086   0.00012373
    0.367192  -0.00099662
    0.371343   6.3923e-05
    0.375542   0.00115813
    0.379788  0.000115405
    0.384082 -0.000903154
    0.388425  0.000143029
    0.392816  0.000974588
    0.397258 -0.000161714
    0.401749 -0.000800497
    0.406292  0.000386995
    0.410886   0.00073898
    0.415531 -0.000520587
    0.420229 -0.000580012
    0.424981  0.000603646
    0.429786  0.000259326
    0.434645 -0.000765022
     0.43956    8.741e-05
     0.44453  0.000778854
    0.449556 -0.000412796
    0.454639 -0.000478158
    0.459779  0.000739654
    0.464977 -7.80501e-05
    0.470235 -0.000757771
    0.475551   0.00063963
    0.480928   0.00025506
    0.486366 -0.000792588
    0.491865  0.000530362
    0.497426  0.000246007
     0.50305 -0.000835936
    0.508738  0.000542224
     0.51449  0.000219227
    0.520307 -0.000650041
     0.52619  0.000637596
     0.53214 -8.51928e-05
    0.538156 -0.000530338
    0.544241  0.000622846
    0.550394 -0.000325182
    0.556617 -0.000150039
    0.562911  0.000532559
    0.569275 -0.000572009
    0.575712  0.000222253
    0.582221  0.000183018
    0.588804    -0.000476
    0.595462  0.000616811
    0.602194 -0.000431646
    0.609003  8.62242e-05
    0.615889  0.000219754
    0.622852 -0.000510949
    0.629894  0.000655044
    0.637016  -0.00060119
    0.644219  0.000470903
    0.651503 -0.000248009
    0.658869   3.5625e-05
    0.666318  0.000175518
    0.673852 -0.000351213
    0.681471  0.000388574
    0.689176  -0.00048278
    0.696968  0.000516774
    0.704849  -0.00041621
    0.712818  0.000397837
    0.720878 -0.000381774
    0.729028  0.000300056
    0.737271 -0.000235208
    0.745607  0.000200057
    0.754037 -0.000166262
    0.762563  0.000142726
    0.771185 -9.15858e-05
    0.779904  6.36478e-05
    0.788722 -8.81785e-05
     0.79764  4.34321e-05
    0.806658 -1.95103e-05
    0.815779  3.80866e-05
    0.825003 -2.69007e-05
     0.83433  2.03196e-05
    0.843764 -1.28666e-05
    0.853304  1.19321e-05
    0.862952 -4.23131e-06
    0.872709  6.87654e-06
    0.882576 -1.62849e-05
    0.892555 -3.01446e-06
    0.902647  5.63598e-06
    0.912852  1.39855e-05
    0.923174  -2.1463e-05
    0.933612  2.24985e-06
    0.944167  1.75911e-05
    0.954843 -2.67507e-06
    0.965639 -8.17677e-06
    0.976557  1.13998e-06
    0.987598  -4.6631e-07
    0.998764  1.78058e-06
     1.01006 -3.24006e-06
     1.02148  1.01531e-06
     1.03303  2.25543e-06
     1.04471 -4.27297e-06
     1.05652 -9.58162e-07
     1.06846  4.40545e-06
     1.08054   3.3735e-06
     1.09276   6.2625e-06
     1.10512 -9.92531e-06
     1.11761 -1.17796e-05
     1.13025  1.17327e-05
     1.14303  3.61089e-06
     1.15595  2.69175e-06
     1.16902  -1.6737e-05
     1.18224  1.80108e-06
     1.19561  2.35557e-05
     1.20912 -5.06713e-06
      1.2228  -2.3412e-05
     1.23662  7.49366e-06
      1.2506  1.68548e-05
     1.26474 -9.44151e-06
     1.27904 -4.50284e-06
      1.2935  1.48914e-06
     1.30813  -2.5655e-06
     1.32292  1.03906e-05
     1.33788  2.77563e-07
       1.353  -1.8302e-05
      1.3683  8.18519e-06
     1.38377  1.68773e-05
     1.39942 -1.34172e-05
     1.41524 -1.01562e-05
     1.43124  1.72703e-05
     1.44742 -4.80473e-06
     1.46379  -6.4661e-06
     1.48034 -7.74748e-07
     1.49708  1.68887e-05
       1.514 -1.10979e-05
     1.53112 -1.01263e-05
     1.54843  1.13161e-05
     1.56594  2.69324e-07
     1.58365 -2.96538e-06
     1.60155 -2.00628e-06
     1.61966  6.40267e-06
     1.63797 -4.29051e-07
     1.65649 -8.94616e-06
     1.67522  9.12573e-06
     1.69416 -2.33973e-07
     1.71332 -7.84652e-06
     1.73269  8.00138e-06
     1.75228  -4.9307e-06
     1.77209   3.7188e-07
     1.79213  8.02727e-07
     1.81239  3.76341e-06
     1.83288 -6.50546e-06
     1.85361  5.44083e-06
     1.87457  8.95752e-07
     1.89576 -7.56371e-06
     1.91719   7.2772e-06
     1.93887 -4.64146e-06
     1.96079  2.14846e-06
     1.98296  3.21885e-07
     2.00538  9.35068e-08
     2.02806 -2.19123e-06
     2.05099   1.5478e-06
     2.07418  1.93851e-06
     2.09763 -3.98944e-06
     2.12135   5.9248e-06
     2.14533 -9.86476e-06
     2.16959  1.10717e-05
     2.19412 -8.17556e-06
     2.21893  4.82256e-06
     2.24401 -2.12104e-06
     2.26939 -7.77627e-07
     2.29505   2.7249e-06
     2.32099 -2.32795e-06
     2.34724  9.33756e-07
     2.37378   9.7636e-09
     2.40061  -9.8864e-07
     2.42776  2.41875e-06
     2.45521 -3.55046e-06
     2.48297  4.11047e-06
     2.51104 -4.33571e-06
     2.53943  4.03969e-06
     2.56814 -3.34617e-06
     2.59718  2.47359e-06
     2.62655 -1.45173e-06
     2.65624   1.0722e-06
     2.68628 -1.55574e-06
     2.71665  1.73236e-06
     2.74736 -1.38408e-06
     2.77843  1.09676e-06
     2.80984 -8.26308e-07
     2.84161  6.87086e-07
     2.87374 -9.10603e-07
     2.90623  7.16643e-07
     2.93909  1.71517e-07
     2.97232 -5.61652e-07
     3.00593  4.04234e-07
     3.03992 -4.21991e-07
     3.07429  2.71504e-07
     3.10905 -1.47636e-07
      3.1442  5.91087e-07
     3.17975 -7.31011e-07
      3.2157  2.62731e-07
     3.25206 -3.15132e-07
     3.28883  4.75724e-07
     3.32601  3.46008e-07
     3.36362 -1.05697e-06
     3.40165  6.68669e-07
     3.44011 -2.76234e-07
     3.47901  3.37395e-07
     3.51834 -2.00132e-09
     3.55812 -3.18143e-07
     3.59835 -1.25858e-07
     3.63904  5.33309e-07
     3.68018 -2.98037e-07
     3.72179 -6.72671e-08
     3.76387  1.44722e-07
     3.80643 -1.33334e-08
     3.84947 -1.83445e-07
     3.89299  3.71403e-07
     3.93701 -3.70924e-07
     3.98152  1.97466e-07
     4.02654 -9.76761e-08
     4.07206  6.12695e-08
     4.11811  4.59459e-08
     4.16467 -1.89071e-07
     4.21175  2.77089e-07
     4.25938 -3.12685e-07
     4.30753  3.84166e-07
     4.35624 -4.85965e-07
     4.40549   4.3205e-07
      4.4553 -1.76946e-07
     4.50568  2.27318e-08
     4.55662  -7.2144e-08
     4.60814 -9.72064e-09
     4.66024  2.72358e-07
     4.71293 -3.67835e-07
     4.76622  2.86393e-07
     4.82011 -2.68645e-07
     4.87461  2.70804e-07
     4.92972 -1.86432e-07
     4.98546  7.81946e-08
     5.04183  -2.6758e-08
     5.09883  6.18978e-08
     5.15648 -1.45943e-07
     5.21479  1.92234e-07
     5.27375 -1.10574e-07
     5.33338 -3.11047e-08
     5.39368  2.37872e-08
     5.45466  8.18185e-08
     5.51633 -7.26766e-08
     5.57871 -3.52777e-08
     5.64178  1.07619e-07
     5.70557 -5.87089e-08
     5.77008 -6.83695e-08
     5.83532  1.30737e-07
      5.9013 -8.87525e-08
     5.96802 -1.40037e-08
      6.0355  1.13933e-07
     6.10374 -1.30256e-07
     6.17275  6.99358e-08
     6.24254 -7.30936e-11
     6.31312 -3.13623e-08
      6.3845  1.94458e-08
     6.45669 -2.25702e-08
     6.52969  7.40196e-08
     6.60352 -1.41171e-07
     6.67818  1.76995e-07
     6.75369 -1.41857e-07
     6.83005  6.36294e-08
     6.90728 -1.81221e-08
     6.98537   1.7547e-08
     7.06435 -2.53741e-08
     7.14423  1.77574e-08
       7.225   5.9206e-09
     7.30669 -1.37401e-08
     7.38931 -1.93048e-08
     7.47285  6.93076e-08
     7.55735 -9.96783e-08
     7.64279   9.9384e-08
     7.72921 -7.42333e-08
      7.8166  3.19765e-08
     7.90498  9.20453e-09
     7.99435 -2.42197e-08
     8.08474  1.31867e-08
     8.17615  6.83799e-09
      8.2686   -3.248e-08
     8.36209  5.73613e-08
     8.45663 -6.49261e-08
     8.55225  5.50972e-08
     8.64894 -3.96766e-08
     8.74673  2.42297e-08
     8.84563 -1.28544e-08
     8.94564  8.50086e-09
     9.04679 -1.03855e-08
     9.14907  1.88892e-08
     9.25252 -3.01545e-08
     9.35713  3.58337e-08
     9.46293 -3.55117e-08
     9.56992   3.2661e-08
     9.67812 -2.60049e-08
     9.78755  1.71672e-08
     9.89821 -1.12097e-08
     10.0101  7.41378e-09
     10.1233 -2.97987e-09
     10.2378 -1.88427e-11
     10.3535  -4.8489e-10
     10.4706  2.39724e-09
      10.589  -3.6104e-09
     10.7087  4.59708e-09
     10.8298 -6.01893e-09
     10.9522  7.06447e-09
     11.0761 -6.76246e-09
     11.2013  5.89049e-09
     11.3279 -5.77357e-09
      11.456   5.3384e-09
     11.5855 -3.01971e-09
     11.7165  5.98852e-10
      11.849  -6.0507e-10
      11.983  1.75013e-09
     12.1185   -1.206e-09
     12.2555 -5.63822e-10
      12.394  1.08872e-09
     12.5342 -1.15857e-10
     12.6759 -5.76118e-10
     12.8192   2.2909e-10
     12.9642  2.69801e-10
     13.1107 -2.58521e-10
      13.259  1.02294e-10
     13.4089   -2.099e-10
     13.5605  4.18739e-10
     13.7138 -3.13916e-10
     13.8689  -3.0704e-10
     14.0257  1.07406e-09
     14.1843 -1.21828e-09
     14.3446  5.04347e-10
     14.5068  3.58563e-10
     14.6709 -5.84138e-10
     14.8367  1.83578e-10
     15.0045  2.48353e-10
     15.1741  -3.3566e-10
     15.3457  2.27705e-10
     15.5192 -1.98481e-10
     15.6947  2.82522e-10
     15.8721 -3.27814e-10
     16.0516   2.4057e-10
     16.2331 -9.27673e-11
     16.4166 -3.74463e-11
     16.6022  1.51571e-10
     16.7899 -2.29736e-10
     16.9798  2.33554e-10
     17.1718 -1.71457e-10
     17.3659  1.11954e-10
     17.5623 -1.59573e-10
     17.7608  3.62354e-10
     17.9616 -6.27875e-10
     18.1647  7.69972e-10
     18.3701 -6.39983e-10
     18.5778  2.47357e-10
     18.7879  2.11494e-10
     19.0003 -4.89047e-10
     19.2151  4.68972e-10
     19.4324 -2.17431e-10
     19.6521 -9.00974e-11
     19.8743  2.90117e-10
      20.099 -3.23689e-10
     20.3262  2.27294e-10
      20.556 -7.35407e-11
     20.7885  -6.2545e-11
     21.0235  1.29654e-10
     21.2612 -1.21609e-10
     21.5016  6.10746e-11
     21.7447  2.56927e-11
     21.9906 -1.17703e-10
     22.2392  1.93058e-10
     22.4907 -2.24627e-10
     22.7449  2.02507e-10
     23.0021 -1.54998e-10
     23.2622  1.12277e-10
     23.5252 -7.50169e-11
     23.7912  3.83568e-11
     24.0602  -1.1849e-11
     24.3322  -3.8914e-13
     24.6073  6.81565e-12
     24.8856 -1.64271e-11
     25.1669  2.41426e-11
     25.4515 -1.97845e-11
     25.7393  4.78981e-12
     26.0303  6.18446e-12
     26.3246  -7.5475e-12
     26.6222  4.15466e-12
     26.9232 -2.07719e-12
     27.2276    1.178e-12
     27.5355 -2.13949e-12
     27.8468  2.48403e-12
     28.1617 -1.82145e-12
     28.4801 -1.32894e-12
     28.8021  4.04805e-12
     29.1277 -5.81154e-12
     29.4571   4.0914e-12
     29.7901 -1.62987e-12
      30.127  -1.5054e-12
     30.4676  2.29701e-12
     30.8121 -3.49277e-12
     31.1604  2.82079e-12
     31.5128 -1.96103e-12
     31.8691 -1.15419e-12
     32.2294  2.21017e-12
     32.5938  -3.7595e-12
     32.9623  2.90043e-12
      33.335 -3.10148e-12
     33.7119  1.02803e-12
     34.0931 -6.84793e-13
     34.4786  -1.2832e-12
     34.8684  4.67428e-13
     35.2626 -1.88546e-12
     35.6613  1.02737e-12
     36.0645 -2.06754e-12
     36.4723 -4.20441e-13
     36.8847   3.3248e-13
     37.3017 -2.56312e-12
     37.7235    8.163e-13
       38.15  -2.0269e-12
     38.5813  -4.3344e-14
     39.0175 -1.60695e-12
     39.4587 -6.60854e-13
     39.9048 -1.08891e-12
      40.356 -1.21331e-12
     40.8123 -1.08525e-12
     41.2738 -1.41117e-12
     41.7404 -9.99338e-13
     42.2124 -1.52572e-12
     42.6896 -1.62032e-12
     43.1723  -1.1706e-12
     43.6604 -1.76562e-12
     44.1541 -1.94631e-12
     44.6533 -1.04802e-12
     45.1582 -2.70736e-12
     45.6688 -1.21763e-12
     46.1851   -2.594e-12
     46.7073 -1.76055e-12
     47.2354 -2.48803e-12
     47.7695 -2.19023e-12
     48.3096 -2.64556e-12
     48.8558 -2.48028e-12
     49.4082 -2.93173e-12
     49.9668 -2.47084e-12
     50.5318 -3.61118e-12
     51.1031 -2.54766e-12
     51.6809 -3.83272e-12
     52.2653 -3.08103e-12
     52.8562 -3.97362e-12
     53.4538 -3.51506e-12
     54.0582 -4.32975e-12
     54.6694 -3.83979e-12
     55.2875 -4.78377e-12
     55.9126  -4.1603e-12
     56.5448 -5.28877e-12
     57.1841 -4.58413e-12
     57.8307 -5.63431e-12
     58.4846 -5.21728e-12
     59.1458 -6.06795e-12
     59.8146 -5.70077e-12
     60.4908 -6.68112e-12
     61.1748 -6.25631e-12
     61.8665 -7.20307e-12
      62.566 -6.96861e-12
     63.2734 -7.83138e-12
     63.9888  -7.6176e-12
     64.7123 -8.55091e-12
     65.4439 -8.40324e-12
     66.1839 -9.27922e-12
     66.9322 -9.26537e-12
      67.689 -1.00839e-11
     68.4543 -1.01994e-11
     69.2283 -1.09991e-11
      70.011 -1.11744e-11
     70.8026 -1.20327e-11
     71.6031 -1.22362e-11
     72.4127 -1.31367e-11
     73.2314 -1.34047e-11
     74.0594 -1.43528e-11
     74.8968 -1.46776e-11
     75.7436 -1.56527e-11
        76.6 -1.61028e-11
     77.4661 -1.70756e-11
     78.3419 -1.76305e-11
     79.2277 -1.86784e-11
     80.1235 -1.92749e-11
     81.0294 -2.04268e-11
     81.9456 -2.10928e-11
     82.8721 -2.23103e-11
     83.8091 -2.30959e-11
     84.7567 -2.43733e-11
      85.715 -2.52709e-11
     86.6841 -2.66406e-11
     87.6642  -2.7642e-11
     88.6554 -2.91176e-11
     89.6578 -3.02413e-11
     90.6715 -3.18275e-11
     91.6967 -3.30769e-11
     92.7335 -3.47895e-11
      93.782 -3.61805e-11
     94.8423 -3.80167e-11
     95.9147 -3.95702e-11
     96.9991 -4.15486e-11
     98.0958 -4.32658e-11
      99.205 -4.54032e-11
