 0.000992139      26.5053
  0.00100336      27.0057
   0.0010147      27.6847
  0.00102617      28.1301
  0.00103778      28.7849
  0.00104951       29.465
  0.00106138      29.8881
  0.00107338      30.7259
  0.00108551      31.1537
  0.00109779      31.9816
   0.0011102      32.5272
  0.00112275      33.2167
  0.00113544      33.9459
  0.00114828      34.5876
  0.00116127      35.2963
   0.0011744      36.0762
  0.00118767      36.7394
   0.0012011      37.5155
  0.00121468      38.2692
  0.00122842      39.0347
  0.00124231      39.8498
  0.00125635      40.6049
  0.00127056      41.4048
  0.00128492      42.3352
  0.00129945      43.0157
  0.00131414      44.0054
    0.001329      44.7725
  0.00134403      45.7376
  0.00135922      46.5398
  0.00137459      47.5406
  0.00139013      48.3745
  0.00140585       49.384
  0.00142175      50.2849
  0.00143782      51.2707
  0.00145408       52.232
  0.00147052       53.262
  0.00148715      54.2039
  0.00150396      55.2987
  0.00152096      56.2632
  0.00153816       57.374
  0.00155555       58.381
  0.00157314         59.5
  0.00159093      60.5648
  0.00160892      61.6799
  0.00162711      62.7873
   0.0016455      63.9322
  0.00166411      65.0577
  0.00168292      66.2292
  0.00170195      67.3863
   0.0017212       68.583
  0.00174066      69.7513
  0.00176034       70.992
  0.00178024       72.169
  0.00180037      73.4376
  0.00182072      74.6348
  0.00184131      75.9291
  0.00186213      77.1398
  0.00188318      78.4568
  0.00190448      79.6919
  0.00192601      81.0085
  0.00194779      82.2824
  0.00196981      83.5968
  0.00199208      84.8885
   0.0020146      86.2226
  0.00203738      87.5118
  0.00206042      88.8676
  0.00208371      90.1553
  0.00210727      91.5209
   0.0021311      92.8128
  0.00215519       94.177
  0.00217956      95.4732
  0.00220421      96.8308
  0.00222913      98.1251
  0.00225433      99.4751
  0.00227982       100.76
   0.0023056      102.097
  0.00233166      103.369
  0.00235803      104.687
  0.00238469       105.94
  0.00241165      107.232
  0.00243892       108.46
  0.00246649      109.721
  0.00249438      110.916
  0.00252258      112.139
  0.00255111      113.294
  0.00257995      114.471
  0.00260912      115.577
  0.00263862      116.701
  0.00266845       117.75
  0.00269863      118.812
  0.00272914      119.795
  0.00275999      120.785
   0.0027912      121.692
  0.00282276      122.601
  0.00285468      123.423
  0.00288695       124.24
  0.00291959      124.966
   0.0029526       125.68
  0.00298599      126.298
  0.00301975      126.899
  0.00305389      127.398
  0.00308842      127.872
  0.00312334      128.241
  0.00315865      128.578
  0.00319437      128.803
  0.00323048       128.99
  0.00326701      129.059
  0.00330395      129.083
   0.0033413      128.985
  0.00337908      128.833
  0.00341729      128.554
  0.00345593      128.214
    0.003495      127.741
  0.00353452      127.201
  0.00357448      126.522
   0.0036149      125.769
  0.00365577      124.872
   0.0036971      123.896
   0.0037389       122.77
  0.00378118      121.558
  0.00382393      120.193
  0.00386716      118.737
  0.00391089      117.124
  0.00395511      115.414
  0.00399983      113.545
  0.00404505      111.575
  0.00409079      109.443
  0.00413704      107.208
  0.00418381       104.81
  0.00423112      102.307
  0.00427896      99.6418
  0.00432734      96.8706
  0.00437626      93.9383
  0.00442575      90.9014
  0.00447578      87.7067
  0.00452639      84.4102
  0.00457757      80.9608
  0.00462932      77.4144
  0.00468167      73.7218
   0.0047346      69.9391
  0.00478813      66.0193
  0.00484227      62.0185
  0.00489702      57.8919
  0.00495239      53.6958
  0.00500838      49.3875
  0.00506501      45.0239
  0.00512228      40.5645
  0.00518019      36.0665
  0.00523876      31.4916
  0.00529799      26.8974
   0.0053579      22.2481
  0.00541847      17.6014
  0.00547974       12.924
   0.0055417       8.2739
  0.00560435      3.61984
  0.00566772    -0.979686
   0.0057318     -5.55398
  0.00579661     -10.0444
  0.00586215     -14.4783
  0.00592843      -18.797
  0.00599546     -23.0263
  0.00606325     -27.1076
   0.0061318     -31.0653
  0.00620113     -34.8414
  0.00627124     -38.4592
  0.00634215     -41.8615
  0.00641386     -45.0711
  0.00648637     -48.0318
  0.00655971     -50.7665
  0.00663388     -53.2206
  0.00670889     -55.4174
  0.00678474     -57.3045
  0.00686145     -58.9062
  0.00693903      -60.173
  0.00701749     -61.1307
  0.00709683     -61.7333
  0.00717707      -62.009
  0.00725822     -61.9157
  0.00734029     -61.4847
  0.00742328     -60.6784
  0.00750721      -59.532
  0.00759209     -58.0131
  0.00767793     -56.1611
  0.00776474     -53.9494
  0.00785253     -51.4222
  0.00794132     -48.5592
  0.00803111     -45.4096
  0.00812191     -41.9598
  0.00821374     -38.2643
  0.00830661     -34.3159
  0.00840053     -30.1746
  0.00849551     -25.8394
  0.00859157     -21.3756
  0.00868871     -16.7878
  0.00878695     -12.1458
   0.0088863     -7.45936
  0.00898677      -2.8015
  0.00908838       1.8141
  0.00919114      6.31236
  0.00929506      10.6773
  0.00940015      14.8337
  0.00950643      18.7651
  0.00961392      22.3981
  0.00972262      25.7184
  0.00983255      28.6566
  0.00994372      31.2031
   0.0100561      33.2952
   0.0101698      34.9307
   0.0102848      36.0564
   0.0104011      36.6799
   0.0105187      36.7603
   0.0106377      36.3176
   0.0107579      35.3252
   0.0108796      33.8178
   0.0110026      31.7849
    0.011127      29.2771
   0.0112528      26.3009
     0.01138      22.9235
   0.0115087      19.1681
   0.0116388      15.1176
   0.0117704      10.8108
   0.0119035       6.3438
   0.0120381      1.76815
   0.0121742     -2.81025
   0.0123118     -7.33176
    0.012451     -11.6858
   0.0125918     -15.8106
   0.0127342     -19.5973
   0.0128782      -22.989
   0.0130238     -25.8864
    0.013171     -28.2452
   0.0133199     -29.9833
   0.0134705     -31.0772
   0.0136228     -31.4696
   0.0137769     -31.1646
   0.0139326     -30.1365
   0.0140902     -28.4224
   0.0142495     -26.0318
   0.0144106     -23.0376
   0.0145735     -19.4854
   0.0147383     -15.4826
   0.0149049     -11.1078
   0.0150735     -6.49708
   0.0152439     -1.75398
   0.0154162      2.96664
   0.0155905      7.54881
   0.0157668      11.8334
   0.0159451      15.7084
   0.0161254      19.0278
   0.0163077      21.7017
   0.0164921      23.6163
   0.0166785      24.7221
   0.0168671      24.9545
   0.0170578      24.3194
   0.0172507      22.8136
   0.0174457      20.5078
    0.017643      17.4646
   0.0178425      13.8185
   0.0180442      9.69239
   0.0182482      5.27305
   0.0184546     0.725847
   0.0186632     -3.73325
   0.0188742      -7.9247
   0.0190876      -11.636
   0.0193034     -14.7091
   0.0195217     -16.9724
   0.0197424     -18.3271
   0.0199656     -18.6777
   0.0201914     -18.0155
   0.0204197     -16.3464
   0.0206506     -13.7682
    0.020884     -10.3946
   0.0211202     -6.42483
    0.021359     -2.06224
   0.0216005      2.42271
   0.0218447      6.77974
   0.0220917      10.7208
   0.0223415      14.0103
   0.0225941      16.4096
   0.0228495      17.7661
   0.0231079      17.9554
   0.0233691      16.9643
   0.0236334      14.8254
   0.0239006      11.6902
   0.0241708      7.75223
   0.0244441      3.30679
   0.0247205     -1.33739
       0.025     -5.81063
   0.0252826     -9.77951
   0.0255685     -12.9058
   0.0258576     -14.9449
   0.0261499     -15.7025
   0.0264456     -15.1239
   0.0267446     -13.2374
    0.027047     -10.2256
   0.0273528     -6.34783
   0.0276621     -1.98789
   0.0279748      2.44528
   0.0282911      6.48939
    0.028611      9.74174
   0.0289345      11.8373
   0.0292617      12.5581
   0.0295925      11.7982
   0.0299271      9.64891
   0.0302655      6.33296
   0.0306077      2.25171
   0.0309537     -2.11972
   0.0313037     -6.22085
   0.0316576     -9.53829
   0.0320156      -11.609
   0.0323776     -12.1503
   0.0327436     -11.0431
   0.0331139     -8.42331
   0.0334883     -4.61185
   0.0338669    -0.144224
   0.0342498      4.36125
   0.0346371      8.22724
   0.0350287      10.8832
   0.0354247      11.8969
   0.0358253      11.1165
   0.0362303      8.64679
     0.03664      4.91035
   0.0370542     0.528229
   0.0374732     -3.71482
   0.0378969      -7.0667
   0.0383254     -8.88535
   0.0387587     -8.82995
   0.0391969     -6.88062
   0.0396401     -3.42395
   0.0400883     0.865027
   0.0405416       5.0829
   0.0409999      8.33882
   0.0414635      9.88508
   0.0419323      9.35393
   0.0424064      6.80046
   0.0428859      2.77797
   0.0433708     -1.82531
   0.0438612     -5.91732
   0.0443571     -8.52103
   0.0448586      -8.9639
   0.0453658     -7.13065
   0.0458787     -3.46329
   0.0463975      1.06307
   0.0469221      5.23945
   0.0474526      7.88661
   0.0479891      8.25756
   0.0485317      6.21967
   0.0490804      2.39239
   0.0496354     -2.06129
   0.0501966     -5.70594
   0.0507641     -7.34087
   0.0513381      -6.3464
   0.0519185     -2.98985
   0.0525055      1.67341
   0.0530992      6.05747
   0.0536996        8.641
   0.0543067      8.46252
   0.0549207       5.5741
   0.0555417       1.0199
   0.0561697     -3.44751
   0.0568048     -6.08276
    0.057447     -5.79294
   0.0580966     -2.69134
   0.0587534      1.94269
   0.0594177      6.08699
   0.0600895      7.89177
   0.0607689      6.46563
    0.061456      2.41036
   0.0621509     -2.43365
   0.0628536     -5.73422
   0.0635643     -5.84701
   0.0642829     -2.61883
   0.0650098       2.3812
   0.0657448      6.64428
   0.0664881      7.94371
   0.0672399      5.63018
   0.0680001      1.01959
    0.068769      -3.1826
   0.0695465     -4.44561
   0.0703329     -1.87005
   0.0711281      3.10155
   0.0719323      7.50575
   0.0727456      8.58195
   0.0735681      5.63595
   0.0743999     0.553817
   0.0752411     -3.25455
   0.0760918     -3.17834
   0.0769522      0.78605
   0.0778222      5.83002
   0.0787021      8.31258
    0.079592      6.38307
   0.0804919      1.56608
    0.081402     -2.31114
   0.0823223     -1.98063
   0.0832531      2.50477
   0.0841944      7.70088
   0.0851464      9.44104
   0.0861091      6.46689
   0.0870827      1.61285
   0.0880673    -0.485446
    0.089063       2.3497
     0.09007      7.72977
   0.0910884      10.6988
   0.0921183      8.54465
   0.0931598      3.56768
   0.0942131      1.06147
   0.0952783      3.88175
   0.0963556       9.3758
   0.0974451      11.9462
   0.0985468       9.2053
   0.0996611      4.76435
    0.100788      4.40972
    0.101927      9.28795
     0.10308      14.3554
    0.104245      14.1891
    0.105424       9.8319
    0.106616      7.68624
    0.107821      11.4835
    0.109041       17.113
    0.110273       17.925
     0.11152      13.7904
    0.112781      11.7279
    0.114056      16.0917
    0.115346       22.126
     0.11665      22.5686
    0.117969      18.7203
    0.119303      18.7796
    0.120652      25.2224
    0.122016      30.3649
    0.123395      28.5716
    0.124791      25.7875
    0.126202       30.099
    0.127628      37.6831
    0.129071      39.0859
    0.130531      36.0385
    0.132007      39.0665
    0.133499      48.1752
    0.135009      52.3354
    0.136535      50.2387
    0.138079      53.5344
     0.13964      63.9842
    0.141219      69.3763
    0.142816      68.1804
     0.14443       73.604
    0.146063      85.9588
    0.147715      91.5157
    0.149385       92.455
    0.151074      103.026
    0.152782      117.326
    0.154509      122.241
    0.156256      128.291
    0.158023      145.569
     0.15981      158.967
    0.161617      165.071
    0.163444      181.647
    0.165292       203.31
    0.167161      214.854
    0.169051      231.753
    0.170962      259.966
    0.172895       279.54
     0.17485      299.278
    0.176827      333.673
    0.178826      361.943
    0.180848      387.792
    0.182893       430.23
    0.184961       467.93
    0.187052        502.7
    0.189167      555.681
    0.191306      602.244
    0.193469      648.441
    0.195656      713.758
    0.197869      768.894
    0.200106      830.665
    0.202368      909.441
    0.204656      973.886
     0.20697       1057.1
    0.209311      1146.45
    0.211677      1226.01
     0.21407      1335.16
    0.216491       1432.4
    0.218939      1542.72
    0.221414      1673.16
    0.223917      1785.29
    0.226449      1937.77
     0.22901      2068.61
    0.231599      2218.85
    0.234217         2374
    0.236866       2494.3
    0.239544      2647.91
    0.242252      2695.17
    0.244991      2811.36
    0.247761      2486.43
    0.250563      1518.56
    0.253396      839.837
    0.256261      482.075
    0.259158      490.193
    0.262088      811.837
    0.265051      1577.46
    0.268048      2185.47
    0.271079      2071.49
    0.274144      1964.75
    0.277244      1793.66
    0.280378      1639.22
    0.283548      1463.66
    0.286754      1311.24
    0.289996      1158.38
    0.293275      1027.43
    0.296591       902.27
    0.299945      794.842
    0.303336      694.281
    0.306766      607.061
    0.310234      525.856
    0.313742      454.767
    0.317289      389.388
    0.320877      332.545
    0.324505      281.126
    0.328174       236.74
    0.331884      197.356
    0.335637      164.182
    0.339431       135.52
    0.343269      111.689
     0.34715      91.2105
    0.351075      74.4714
    0.355045       60.488
    0.359059      49.1456
    0.363119      39.4691
    0.367225      31.6752
    0.371377      25.2961
    0.375576      20.2525
    0.379822      15.9098
    0.384117      12.4831
     0.38846      9.80263
    0.392852      7.75488
    0.397293      5.91995
    0.401785      4.52987
    0.406328      3.53845
    0.410922      2.77524
    0.415569      1.99688
    0.420267      1.50782
    0.425019      1.21255
    0.429824     0.913914
    0.434684     0.591852
    0.439599     0.510027
    0.444569      0.41935
    0.449596     0.231827
    0.454679     0.162933
     0.45982     0.221486
    0.465019    0.0944481
    0.470277    0.0180885
    0.475594    0.0931454
    0.480971    0.0522875
    0.486409   -0.0321323
    0.491909    0.0738091
    0.497471     0.035515
    0.503096   -0.0499264
    0.508784    0.0426526
    0.514536     0.020073
    0.520354   -0.0575373
    0.526237    0.0522184
    0.532187    0.0031134
    0.538205   -0.0365583
     0.54429    0.0525122
    0.550444   -0.0315886
    0.556667   -0.0171143
    0.562961    0.0551013
    0.569327   -0.0536482
    0.575764      0.01657
    0.582274    0.0160264
    0.588857   -0.0316119
    0.595515    0.0495454
    0.602248    -0.041102
    0.609057   0.00855943
    0.615944    0.0125046
    0.622908   -0.0376786
    0.629951    0.0555661
    0.637073   -0.0498305
    0.644277    0.0352578
    0.651561   -0.0191923
    0.658928  -0.00120244
    0.666378     0.015372
    0.673913   -0.0279294
    0.681532    0.0342878
    0.689238   -0.0355206
    0.697031    0.0441703
    0.704912   -0.0422424
    0.712882    0.0275499
    0.720942   -0.0267002
    0.729094    0.0283149
    0.737337   -0.0197047
    0.745674    0.0147231
    0.754105   -0.0170202
    0.762631   0.00911405
    0.771254    -0.003971
    0.779974   0.00772962
    0.788793   -0.0057522
    0.797711  -0.00163129
    0.806731   0.00156218
    0.815852   0.00427183
    0.825076   -0.0041212
    0.834405   0.00113431
    0.843839 -0.000182022
     0.85338   0.00126491
    0.863029  -0.00303664
    0.872787   0.00340998
    0.882655  0.000491135
    0.892635  -0.00011902
    0.902728  -0.00185605
    0.912934  -0.00259702
    0.923256   0.00780841
    0.933695   -0.0027753
    0.944252  -0.00464722
    0.954928  0.000932688
    0.965725   0.00275831
    0.976644   0.00114081
    0.987687  -0.00303993
    0.998854  0.000406767
     1.01015  0.000504127
     1.02157   0.00303298
     1.03312  -0.00534375
      1.0448    0.0021874
     1.05661   0.00164104
     1.06856  -0.00314161
     1.08064   0.00215566
     1.09286 -0.000101831
     1.10522    0.0018107
     1.11771  -0.00305858
     1.13035  0.000906421
     1.14313  0.000817287
     1.15606  -0.00094209
     1.16913  0.000239947
     1.18234  0.000784694
     1.19571  -0.00189196
     1.20923   0.00372445
      1.2229  -0.00292849
     1.23673  0.000894762
     1.25071 -0.000919854
     1.26486  0.000913957
     1.27916  9.01458e-05
     1.29362 -0.000121952
     1.30825  -0.00143147
     1.32304   0.00213442
       1.338  -0.00199526
     1.35313  6.87352e-05
     1.36842  0.000153553
      1.3839  0.000410895
     1.39954  0.000615202
     1.41537  -0.00185652
     1.43137   0.00127019
     1.44755  0.000515961
     1.46392 -0.000836396
     1.48047  0.000485379
     1.49721   0.00124253
     1.51414  -0.00180693
     1.53126  0.000458084
     1.54857 -0.000285492
     1.56608  0.000855609
     1.58379  -0.00129193
      1.6017   0.00147955
     1.61981 -0.000878411
     1.63812 -0.000560004
     1.65664   0.00102184
     1.67537  -2.4167e-05
     1.69432 -8.43471e-05
     1.71347 -5.24587e-05
     1.73285 -5.34815e-05
     1.75244  8.19719e-05
     1.77225  1.73143e-05
     1.79229  0.000277355
     1.81255 -0.000714633
     1.83305  0.000367504
     1.85377 -0.000202161
     1.87473  0.000261355
     1.89593 -0.000596336
     1.91737  0.000369452
     1.93905 -0.000772887
     1.96097   0.00130469
     1.98314 -0.000716127
     2.00556  0.000366551
     2.02824 -0.000159745
     2.05117  5.42113e-05
     2.07436  0.000341701
     2.09782 -0.000714263
     2.12154   0.00043102
     2.14552  -0.00032876
     2.16978  0.000610185
     2.19431 -0.000646009
     2.21912  0.000504899
     2.24422 -0.000290076
     2.26959  0.000442604
     2.29525 -0.000572927
      2.3212  0.000299914
     2.34745 -1.82259e-05
     2.37399  1.21262e-05
     2.40083 -0.000184795
     2.42798  0.000193521
     2.45543  0.000105172
     2.48319 -0.000311834
     2.51127   2.3877e-06
     2.53966  6.90676e-05
     2.56837 -5.11478e-05
     2.59741 -0.000102867
     2.62678   0.00017842
     2.65648 -1.33643e-05
     2.68652 -3.31885e-05
     2.71689  0.000215014
     2.74761  9.94665e-05
     2.77868  -0.00019167
     2.81009    7.882e-05
     2.84187 -8.67209e-05
       2.874 -0.000209872
     2.90649  6.95338e-05
     2.93935  4.18999e-05
     2.97259 -3.26658e-05
      3.0062  0.000104245
     3.04019 -9.79742e-06
     3.07456 -8.20761e-05
     3.10932  0.000229647
     3.14448 -0.000100956
     3.18003 -0.000155145
     3.21599   1.7842e-05
     3.25235 -1.90153e-05
     3.28912  0.000171777
     3.32631   2.8717e-05
     3.36392  -0.00012735
     3.40196  0.000105391
     3.44042  -0.00014824
     3.47932  4.14025e-05
     3.51866  2.90436e-05
     3.55844 -9.30037e-05
     3.59868  0.000118766
     3.63936  6.38808e-06
     3.68051  9.93785e-05
     3.72213 -0.000140912
     3.76421  -5.2542e-05
     3.80677  4.01018e-05
     3.84981 -5.37016e-05
     3.89334  0.000105096
     3.93736 -5.06552e-05
     3.98188  7.47744e-05
      4.0269 -8.40184e-05
     4.07243  4.23471e-05
     4.11847 -7.50318e-05
     4.16504  7.02937e-05
     4.21213  8.62711e-06
     4.25976  9.98881e-05
     4.30792 -8.85735e-05
     4.35663 -8.17833e-05
     4.40589 -3.65954e-05
      4.4557  6.00297e-05
     4.50608  6.34077e-05
     4.55703  1.24318e-05
     4.60855 -5.91979e-05
     4.66066 -4.41116e-05
     4.71336 -7.47216e-06
     4.76665  0.000100644
     4.82054  5.30738e-05
     4.87504 -3.48293e-05
     4.93016 -9.96218e-05
     4.98591 -2.82147e-05
     5.04228  6.85627e-05
     5.09929  5.16876e-06
     5.15695  -2.0002e-05
     5.21525  9.05806e-06
     5.27422  5.53722e-05
     5.33385  5.54527e-06
     5.39416 -3.36538e-05
     5.45515 -2.12842e-05
     5.51683 -3.87021e-05
     5.57921  2.25618e-05
     5.64229 -4.30246e-07
     5.70608 -4.65389e-06
      5.7706   7.7077e-06
     5.83584  9.43672e-05
     5.90183 -3.48271e-05
     5.96856 -4.31826e-05
     6.03604 -2.56092e-05
     6.10429 -2.74527e-05
      6.1733  3.45089e-05
      6.2431  2.21582e-05
     6.31369  2.32524e-05
     6.38508 -2.21352e-06
     6.45727 -2.01025e-05
     6.53028  1.90044e-05
     6.60411 -4.91095e-05
     6.67878 -5.22364e-06
      6.7543  1.60041e-05
     6.83066  5.53226e-05
      6.9079 -4.11123e-05
       6.986 -6.40758e-06
     7.06499  3.65241e-05
     7.14487 -5.04868e-05
     7.22565 -1.31819e-05
     7.30735  5.58866e-05
     7.38997 -2.11475e-05
     7.47352 -4.27393e-06
     7.55802  9.70351e-06
     7.64348   1.7628e-05
      7.7299 -2.63791e-05
      7.8173 -1.24085e-05
     7.90569  -3.9727e-06
     7.99507  4.29158e-05
     8.08547 -3.29983e-05
     8.17689  1.09347e-05
     8.26934  1.60926e-05
     8.36284  -2.2776e-05
     8.45739 -1.11787e-05
     8.55301   1.0267e-05
     8.64972  2.20484e-05
     8.74752  1.71467e-06
     8.84642 -4.33574e-05
     8.94644  3.98337e-05
      9.0476 -2.71322e-05
     9.14989  6.54673e-06
     9.25335  2.62618e-05
     9.35797 -2.17774e-05
     9.46378  8.37218e-06
     9.57078  -2.3768e-05
     9.67899  2.20571e-05
     9.78843  2.01531e-06
      9.8991  -8.4664e-06
      10.011  7.65179e-06
     10.1242 -1.65784e-05
     10.2387  1.63465e-05
     10.3544 -6.21753e-06
     10.4715  3.21322e-06
     10.5899 -5.61397e-06
     10.7097  1.74145e-06
     10.8307   8.0155e-06
     10.9532 -1.94291e-05
      11.077  2.44288e-05
     11.2023 -1.73495e-05
     11.3289  1.76021e-05
      11.457  -2.3231e-05
     11.5866  1.18669e-05
     11.7176  7.34491e-06
     11.8501  -1.0476e-05
      11.984  2.99926e-06
     12.1195 -8.22333e-06
     12.2566  1.86979e-05
     12.3952 -1.44988e-05
     12.5353  2.05357e-06
      12.677  3.45112e-06
     12.8204 -6.67332e-08
     12.9653 -2.56843e-07
     13.1119 -5.25676e-06
     13.2602  8.18079e-06
     13.4101 -6.44249e-06
     13.5617  2.93107e-06
      13.715  9.88483e-07
     13.8701 -2.12475e-06
     14.0269 -2.07956e-06
     14.1855  4.53543e-06
     14.3459   4.2059e-07
     14.5081 -5.85494e-06
     14.6722  5.30911e-06
     14.8381 -1.03209e-07
     15.0058 -2.91211e-06
     15.1755  8.60441e-07
     15.3471  1.84347e-06
     15.5206 -1.83166e-06
     15.6961   1.9959e-07
     15.8735  1.38099e-06
      16.053 -3.88765e-07
     16.2345 -3.58574e-07
     16.4181 -1.74258e-07
     16.6037 -2.64167e-07
     16.7914  8.71556e-07
     16.9813 -6.85093e-07
     17.1733 -9.72975e-08
     17.3675  1.70404e-06
     17.5638 -2.38455e-06
     17.7624  5.67362e-07
     17.9632  3.12674e-06
     18.1663 -6.07576e-06
     18.3717  6.23739e-06
     18.5795 -1.97785e-06
     18.7895 -3.87358e-06
      19.002  7.25472e-06
     19.2168 -6.42111e-06
     19.4341  2.51411e-06
     19.6538  2.20339e-06
     19.8761 -4.55555e-06
     20.1008  4.42339e-06
     20.3281 -2.70991e-06
     20.5579  3.41092e-07
     20.7903  1.93091e-06
     21.0254 -2.62891e-06
     21.2631  2.33005e-06
     21.5035 -1.29289e-06
     21.7467  8.86744e-08
     21.9925  1.37715e-06
     22.2412 -2.85523e-06
     22.4927  3.83425e-06
      22.747 -2.90694e-06
     23.0042   1.7008e-06
     23.2643 -1.29159e-06
     23.5273  1.07661e-06
     23.7933 -1.36322e-07
     24.0623 -2.38158e-07
     24.3344  2.69502e-07
     24.6095 -8.50519e-09
     24.8878  3.84117e-07
     25.1692 -7.89854e-07
     25.4538  7.80426e-07
     25.7416  9.15087e-08
     26.0326 -3.86514e-07
     26.3269  3.06387e-07
     26.6246  1.18542e-09
     26.9256   8.4066e-08
     27.2301  8.08668e-08
      27.538  1.24151e-07
     27.8493 -6.18004e-08
     28.1642  1.82793e-07
     28.4826  7.50789e-08
     28.8047 -1.01465e-07
     29.1304  3.18722e-07
     29.4597 -1.11438e-07
     29.7928  1.00082e-07
     30.1297  1.84917e-07
     30.4703 -2.97263e-08
     30.8148  2.13339e-07
     31.1632 -1.04125e-07
     31.5156  2.00867e-07
     31.8719  1.49975e-07
     32.2323 -3.95504e-08
     32.5967  2.45906e-07
     32.9653  -6.8907e-08
      33.338  2.16789e-07
     33.7149  2.22094e-08
     34.0961  8.93528e-08
     34.4816  1.84967e-07
     34.8715  6.29941e-08
     35.2658  1.57271e-07
     35.6645 -1.17443e-08
     36.0678  2.36362e-07
     36.4756  8.70164e-08
      36.888  2.55454e-08
     37.3051  2.76013e-07
     37.7268  1.39787e-08
     38.1534  1.80165e-07
     38.5848  7.85219e-08
      39.021  1.83853e-07
     39.4622  1.08601e-07
     39.9084  1.32189e-07
     40.3596  1.56646e-07
      40.816  1.56692e-07
     41.2775  1.45381e-07
     41.7442  1.12388e-07
     42.2161    1.732e-07
     42.6935  2.00161e-07
     43.1762  9.78994e-08
     43.6644  2.14311e-07
      44.158  1.73229e-07
     44.6573  9.89699e-08
     45.1622  2.61403e-07
     45.6729  1.34707e-07
     46.1893  2.19237e-07
     46.7115  1.67511e-07
     47.2397  1.84487e-07
     47.7738  2.03215e-07
     48.3139  2.04855e-07
     48.8602  2.24264e-07
     49.4126  1.92075e-07
     49.9713  1.91034e-07
     50.5363  2.86444e-07
     51.1077  1.64922e-07
     51.6856  2.68056e-07
     52.2699  2.15109e-07
     52.8609  2.50345e-07
     53.4586  2.36246e-07
      54.063  2.67435e-07
     54.6743  2.37042e-07
     55.2925  2.89766e-07
     55.9176  2.35577e-07
     56.5499  3.25142e-07
     57.1893  2.30455e-07
     57.8359  3.09791e-07
     58.4898  2.86659e-07
     59.1511  3.15091e-07
     59.8199  2.80898e-07
     60.4963   3.5273e-07
     61.1803  2.82424e-07
      61.872   3.4579e-07
     62.5716  3.28212e-07
      63.279  3.62116e-07
     63.9945  3.18286e-07
     64.7181  3.83084e-07
     65.4498  3.48237e-07
     66.1898  3.90235e-07
     66.9382  3.69786e-07
      67.695  3.95444e-07
     68.4604  3.96367e-07
     69.2345  4.09982e-07
     70.0173   4.1054e-07
     70.8089  4.36834e-07
     71.6095  4.25051e-07
     72.4192  4.50419e-07
      73.238  4.45785e-07
     74.0661    4.771e-07
     74.9035  4.62558e-07
     75.7504  4.90029e-07
     76.6069  4.96944e-07
      77.473  5.00573e-07
      78.349  5.19273e-07
     79.2348   5.3143e-07
     80.1307  5.32151e-07
     81.0367   5.6076e-07
     81.9529  5.54835e-07
     82.8795  5.79318e-07
     83.8166  5.86866e-07
     84.7643  6.00984e-07
     85.7227  6.12039e-07
     86.6919  6.29363e-07
     87.6721  6.36021e-07
     88.6634  6.56413e-07
     89.6658  6.66165e-07
     90.6797  6.84986e-07
     91.7049   6.9159e-07
     92.7418  7.16056e-07
     93.7904  7.23718e-07
     94.8508  7.42605e-07
     95.9233  7.57533e-07
     97.0078  7.75332e-07
     98.1046  7.87509e-07
     99.2139  8.08065e-07
