 0.000992177     -85.4485
  0.00100339     -84.2202
  0.00101474     -85.0641
  0.00102621     -82.9337
  0.00103782      -84.084
  0.00104955     -84.0656
  0.00106142     -82.4157
  0.00107342     -83.1165
  0.00108555     -81.7977
  0.00109783     -82.5777
  0.00111024     -81.7234
  0.00112279     -80.7984
  0.00113549     -81.6614
  0.00114833     -79.9626
  0.00116131     -80.2406
  0.00117444     -80.2867
  0.00118772     -79.3719
  0.00120115     -78.5312
  0.00121473     -78.7767
  0.00122846     -78.0251
  0.00124235     -78.4668
   0.0012564     -76.4423
  0.00127061     -76.8928
  0.00128497     -77.3264
   0.0012995      -75.125
  0.00131419     -75.6024
  0.00132905     -74.9952
  0.00134408     -74.6577
  0.00135928      -73.691
  0.00137465     -73.6897
  0.00139019     -72.7299
  0.00140591     -72.6056
   0.0014218     -72.0402
  0.00143788     -70.8866
  0.00145413     -71.0852
  0.00147058     -70.3173
   0.0014872     -69.2997
  0.00150402     -69.2698
  0.00152102     -68.3201
  0.00153822      -67.947
  0.00155561     -67.0837
   0.0015732     -66.5552
  0.00159099      -66.233
  0.00160898     -64.9428
  0.00162717     -64.8734
  0.00164557     -63.8115
  0.00166417     -63.3837
  0.00168299     -62.3048
  0.00170202     -62.1871
  0.00172126     -60.9514
  0.00174072     -60.4533
   0.0017604     -59.7676
  0.00178031     -58.8806
  0.00180044     -58.1696
  0.00182079     -57.3248
  0.00184138      -56.732
   0.0018622     -55.6047
  0.00188326     -55.2195
  0.00190455     -54.1019
  0.00192608     -53.2032
  0.00194786     -52.7834
  0.00196988     -51.3275
  0.00199216     -50.9817
  0.00201468     -49.8267
  0.00203746     -48.9888
   0.0020605     -48.2028
  0.00208379     -47.0604
  0.00210735      -46.396
  0.00213118     -45.2555
  0.00215528     -44.4632
  0.00217965     -43.4197
  0.00220429     -42.4651
  0.00222921     -41.4766
  0.00225442     -40.5561
  0.00227991     -39.4917
  0.00230568     -38.5408
  0.00233175     -37.5038
  0.00235812     -36.4841
  0.00238478     -35.4481
  0.00241174     -34.4074
  0.00243901      -33.384
  0.00246659      -32.282
  0.00249448     -31.2745
  0.00252268      -30.127
   0.0025512     -29.1336
  0.00258005     -27.9946
  0.00260922     -26.9686
  0.00263872      -25.817
  0.00266856     -24.7671
  0.00269873      -23.632
  0.00272924     -22.5409
   0.0027601     -21.4289
  0.00279131     -20.3424
  0.00282287     -19.2284
  0.00285478     -18.0996
  0.00288706     -17.0021
  0.00291971     -15.8967
  0.00295272     -14.7774
   0.0029861     -13.6921
  0.00301986     -12.5947
  0.00305401     -11.4912
  0.00308854     -10.4032
  0.00312346     -9.32939
  0.00315878      -8.2441
  0.00319449     -7.18996
  0.00323061     -6.11723
  0.00326714     -5.07615
  0.00330408     -4.04597
  0.00334143     -3.01656
  0.00337921     -2.01438
  0.00341742     -1.01653
  0.00345606   -0.0420304
  0.00349514     0.913581
  0.00353465       1.8468
  0.00357462      2.77963
  0.00361503       3.6672
  0.00365591      4.55285
  0.00369724      5.39583
  0.00373905      6.21819
  0.00378132      7.02147
  0.00382408      7.79276
  0.00386731      8.54536
  0.00391104      9.23972
  0.00395526      9.92562
  0.00399998      10.5757
  0.00404521      11.1893
  0.00409094      11.7575
   0.0041372      12.3005
  0.00418397      12.8046
  0.00423128      13.2665
  0.00427912      13.6862
   0.0043275      14.0711
  0.00437643      14.4055
  0.00442592      14.7063
  0.00447596      14.9563
  0.00452656      15.1641
  0.00457774      15.3279
   0.0046295      15.4424
  0.00468185      15.5206
  0.00473478      15.5361
  0.00478832      15.5171
  0.00484245      15.4497
  0.00489721      15.3336
  0.00495258      15.1608
  0.00500857        14.96
   0.0050652      14.6952
  0.00512247      14.4107
  0.00518039      14.0565
  0.00523896      13.6712
   0.0052982      13.2361
   0.0053581      12.7669
  0.00541868      12.2525
  0.00547995      11.7058
  0.00554191      11.1147
  0.00560457      10.5081
  0.00566794      9.84828
  0.00573202      9.17061
  0.00579683      8.46462
  0.00586237      7.73632
  0.00592866       6.9852
  0.00599569      6.22218
  0.00606348      5.43666
  0.00613204      4.64627
  0.00620137      3.84916
  0.00627148      3.05077
  0.00634239      2.25366
   0.0064141      1.46016
  0.00648662     0.676356
  0.00655997    -0.091963
  0.00663414    -0.843916
  0.00670914      -1.5699
    0.006785     -2.27105
  0.00686172     -2.94016
   0.0069393     -3.57024
  0.00701776     -4.16803
   0.0070971     -4.71658
  0.00717735     -5.21822
   0.0072585     -5.66842
  0.00734057     -6.06524
  0.00742356     -6.40129
   0.0075075     -6.67911
  0.00759238     -6.89389
  0.00767823     -7.04244
  0.00776504     -7.12612
  0.00785284     -7.13712
  0.00794162     -7.08635
  0.00803142     -6.96331
  0.00812222     -6.77245
  0.00821406     -6.51629
  0.00830693     -6.19338
  0.00840085     -5.81158
  0.00849584     -5.36554
   0.0085919     -4.86699
  0.00868904     -4.31685
  0.00878728      -3.7192
  0.00888664     -3.08386
  0.00898711     -2.40942
  0.00908873     -1.71117
  0.00919149    -0.993827
  0.00929541    -0.259106
  0.00940051     0.474224
   0.0095068       1.2073
  0.00961429      1.92508
  0.00972299      2.62357
  0.00983293      3.28878
   0.0099441      3.91631
   0.0100565      4.49709
   0.0101702      5.02045
   0.0102852      5.48281
   0.0104015      5.87268
   0.0105191      6.18861
   0.0106381      6.42197
   0.0107583      6.57064
     0.01088      6.63084
    0.011003      6.60093
   0.0111274      6.47874
   0.0112532      6.27266
   0.0113804       5.9748
   0.0115091      5.59734
   0.0116392      5.14271
   0.0117708      4.62119
   0.0119039      4.03752
   0.0120385      3.40549
   0.0121746      2.73441
   0.0123123      2.03963
   0.0124515      1.33206
   0.0125923     0.626882
   0.0127347   -0.0606929
   0.0128786    -0.715676
   0.0130243      -1.3244
   0.0131715      -1.8731
   0.0133204     -2.34706
   0.0134711     -2.73573
   0.0136234     -3.02929
   0.0137774     -3.21846
   0.0139332     -3.29864
   0.0140907     -3.26493
     0.01425     -3.11979
   0.0144111     -2.86266
   0.0145741     -2.50122
   0.0147389     -2.04405
   0.0149055     -1.50251
    0.015074    -0.891122
   0.0152445    -0.228043
   0.0154168      0.46847
   0.0155911      1.17673
   0.0157674      1.87554
   0.0159457      2.54137
    0.016126      3.15314
   0.0163083       3.6896
   0.0164927      4.13181
   0.0166792      4.46353
   0.0168678      4.67246
   0.0170585      4.74941
   0.0172514      4.69142
   0.0174464       4.4992
   0.0176437       4.1798
   0.0178432       3.7454
   0.0180449      3.21319
   0.0182489       2.6052
   0.0184553      1.94759
   0.0186639      1.26891
    0.018875     0.601299
   0.0190884    -0.025951
   0.0193042    -0.579635
   0.0195225     -1.03488
   0.0197432     -1.36519
   0.0199664     -1.55438
   0.0201922     -1.58985
   0.0204205     -1.46851
   0.0206513     -1.19523
   0.0208848    -0.783372
    0.021121     -0.25467
   0.0213598     0.360971
   0.0216013      1.02888
   0.0218455      1.70832
   0.0220925       2.3583
   0.0223423      2.93676
   0.0225949      3.40622
   0.0228504      3.73441
   0.0231088      3.89812
     0.02337      3.88456
   0.0236343      3.69335
   0.0239015      3.33691
   0.0241717      2.84052
    0.024445      2.24063
   0.0247214      1.58355
   0.0250009     0.920821
   0.0252836     0.307088
   0.0255695     -0.20636
   0.0258586    -0.573768
   0.0261509    -0.762133
   0.0264466     -0.75155
   0.0267456    -0.541237
    0.027048     -0.14723
   0.0273539     0.394799
   0.0276631      1.03553
   0.0279759      1.71243
   0.0282922      2.35933
   0.0286121      2.90913
   0.0289356      3.30505
   0.0292628      3.50337
   0.0295936      3.48305
   0.0299282      3.24531
   0.0302666      2.81896
   0.0306088      2.25419
   0.0309549       1.6219
   0.0313049      1.00164
   0.0316589     0.476269
   0.0320168     0.116966
   0.0323788   -0.0227405
   0.0327449    0.0805922
   0.0331151     0.419393
   0.0334896     0.950444
   0.0338682      1.60314
   0.0342511      2.28451
   0.0346384      2.89619
     0.03503      3.34543
   0.0354261      3.56439
   0.0358267       3.5183
   0.0362317      3.21752
   0.0366414      2.71403
   0.0370557      2.09888
   0.0374746      1.48405
   0.0378983     0.987406
   0.0383268      0.70684
   0.0387602     0.704723
   0.0391984     0.989549
   0.0396416      1.51535
   0.0400898      2.18381
   0.0405431      2.86592
   0.0410015      3.42356
   0.0414651      3.74313
   0.0419339      3.75812
   0.0424081      3.47117
   0.0428875      2.95323
   0.0433725      2.33488
   0.0438628      1.77399
   0.0443588      1.42226
   0.0448603      1.38233
   0.0453675      1.68246
   0.0458805       2.2606
   0.0463992       2.9801
   0.0469239      3.65897
   0.0474544      4.12294
   0.0479909      4.25207
   0.0485336      4.02352
   0.0490823      3.52007
   0.0496373      2.91487
   0.0501985      2.41812
   0.0507661      2.21562
     0.05134      2.40205
   0.0519205      2.94782
   0.0525076      3.69776
   0.0531012      4.42233
   0.0537016       4.8914
   0.0543088      4.96297
   0.0549229      4.63742
   0.0555438      4.07027
   0.0561718      3.51653
    0.056807      3.23918
   0.0574492      3.39815
   0.0580988      3.98189
   0.0587557      4.79793
     0.05942      5.55016
   0.0600919      5.96018
   0.0607713      5.89914
   0.0614584      5.45227
   0.0621533      4.89563
    0.062856      4.56973
   0.0635667      4.71937
   0.0642854       5.3602
   0.0650123      6.26162
   0.0657473      7.04957
   0.0664907      7.40395
   0.0672425      7.23359
   0.0680028      6.74554
   0.0687716      6.33956
   0.0695492      6.39004
   0.0703356      7.01641
   0.0711308      8.00032
   0.0719351      8.89811
   0.0727484       9.3154
   0.0735709      9.16228
   0.0744028      8.73541
    0.075244      8.53468
   0.0760947      8.93389
   0.0769551      9.90553
   0.0778252       11.024
   0.0787051      11.7535
    0.079595      11.8514
    0.080495       11.566
   0.0814051      11.4749
   0.0823255      12.0349
   0.0832563       13.209
   0.0841976      14.4669
   0.0851496      15.2185
   0.0861124      15.3212
    0.087086      15.2364
   0.0880707      15.6386
   0.0890664      16.8075
   0.0900735      18.3408
   0.0910919      19.5151
   0.0921218      19.9812
   0.0931634       20.142
   0.0942167       20.774
    0.095282      22.2402
   0.0963593      24.0798
   0.0974488      25.4821
   0.0985506      26.1741
   0.0996649      26.7688
    0.100792      28.0965
    0.101931      30.2417
    0.103084      32.4041
    0.104249      33.8569
    0.105428      34.8687
     0.10662      36.4214
    0.107826      38.9597
    0.109045      41.7838
    0.110278      43.9536
    0.111524      45.6068
    0.112785      47.8283
    0.114061      51.1481
     0.11535      54.7388
    0.116655      57.6169
    0.117973      60.1623
    0.119307      63.6265
    0.120656      68.1964
     0.12202      72.6615
      0.1234      76.3658
    0.124795       80.388
    0.126206      85.8105
    0.127633      91.8645
    0.129076      97.2351
    0.130536      102.483
    0.132012      109.163
    0.133504      117.012
    0.135014      124.401
     0.13654      131.516
    0.138084      140.158
    0.139645      150.277
    0.141224       160.04
    0.142821      169.678
    0.144436      181.205
    0.146069      194.273
     0.14772      206.917
    0.149391      220.013
     0.15108      235.562
    0.152788      252.252
    0.154515      268.507
    0.156262      286.404
    0.158029       306.94
    0.159816      327.666
    0.161623      348.823
     0.16345      373.029
    0.165298      398.722
    0.167167      424.225
    0.169057      452.353
    0.170969      483.069
    0.172902      513.503
    0.174857      545.963
    0.176834      581.626
    0.178833      617.056
    0.180855      654.047
      0.1829      694.469
    0.184968      734.381
    0.187059      775.629
    0.189174      820.055
    0.191313      863.094
    0.193476      907.373
    0.195664      953.653
    0.197876      996.707
    0.200114      1040.69
    0.202376      1083.11
    0.204664      1119.39
    0.206978      1154.36
    0.209319      1179.81
    0.211685      1195.24
    0.214079      1201.17
    0.216499      1184.94
    0.218947      1153.98
    0.221423      1094.79
    0.223926      1014.94
    0.226458      919.489
    0.229018      733.246
    0.231608      515.825
    0.234226       366.63
    0.236875       275.07
    0.239553      265.624
    0.242261      321.917
    0.245001      457.834
    0.247771      603.033
    0.250572       659.65
    0.253405      700.496
     0.25627      724.043
    0.259168      726.713
    0.262098       712.74
    0.265062      685.392
    0.268059      649.606
    0.271089      607.693
    0.274154       563.01
    0.277254      516.813
    0.280389      471.029
    0.283559      426.197
    0.286765      383.283
    0.290008      342.448
    0.293287      304.128
    0.296603      268.355
    0.299956      235.331
    0.303348      205.041
    0.306777      177.531
    0.310246      152.733
    0.313754      130.599
    0.317301      111.014
    0.320889      93.8376
    0.324517      78.8927
    0.328186      65.9827
    0.331897      54.9167
    0.335649      45.4927
    0.339444      37.5143
    0.343282      30.7899
    0.347164      25.1551
    0.351089       20.453
    0.355059      16.5535
    0.359073      13.3301
    0.363133      10.6838
    0.367239      8.51753
    0.371391      6.75967
     0.37559      5.33904
    0.379837      4.19529
    0.384131      3.27513
    0.388474      2.54815
    0.392867       1.9756
    0.397309      1.52177
    0.401801       1.1626
    0.406344     0.891048
    0.410938     0.681644
    0.415584     0.513399
    0.420283     0.385478
    0.425035      0.29466
    0.429841     0.218954
    0.434701     0.157982
    0.439616     0.118476
    0.444586     0.087115
    0.449613    0.0583275
    0.454697    0.0441984
    0.459838    0.0354353
    0.465037    0.0238676
    0.470295    0.0187423
    0.475612    0.0162638
     0.48099   0.00855403
    0.486428   0.00395048
    0.491928   0.00327361
     0.49749   0.00205374
    0.503115  0.000913458
    0.508803   0.00283633
    0.514556   0.00327612
    0.520374  0.000142591
    0.526258   0.00100793
    0.532208  0.000356526
    0.538225  -0.00260213
    0.544311   0.00216421
    0.550465 -0.000351196
    0.556689 -0.000606431
    0.562983   0.00330266
    0.569348  -0.00232658
    0.575786   0.00174666
    0.582296  0.000145011
     0.58888   -0.0030012
    0.595538 -8.64052e-05
    0.602271  -0.00113969
    0.609081   0.00364444
    0.615967   0.00045525
    0.622932 -0.000612731
    0.629975  0.000238946
    0.637098  -0.00148205
    0.644301  0.000695611
    0.651586  0.000315097
    0.658953 -0.000776294
    0.666404   0.00115019
    0.673939  -0.00016556
    0.681558  0.000961671
    0.689264   -0.0027276
    0.697058  0.000663952
    0.704939  -0.00123428
    0.712909   0.00217725
     0.72097 -0.000657165
    0.729122 -0.000555802
    0.737365  -0.00107838
    0.745702   0.00215714
    0.754134 -0.000237655
     0.76266 -0.000111093
    0.771283  -0.00127812
    0.780004  -0.00137674
    0.788823   0.00106929
    0.797742   0.00153564
    0.806762   -0.0010708
    0.815883   -0.0010095
    0.825108  0.000753201
    0.834437 -7.59707e-06
    0.843872 -0.000244683
    0.853413  0.000899062
    0.863062 -0.000228828
    0.872821 -0.000696052
    0.882689 -0.000967362
    0.892669  0.000571771
    0.902762   0.00105481
    0.912969 -0.000190364
    0.923292 -0.000978666
    0.933731  1.48625e-05
    0.944288    0.0014501
    0.954965 -1.04197e-06
    0.965762  -0.00127618
    0.976682 -0.000248201
    0.987725  0.000958533
    0.998892  0.000428739
     1.01019 -0.000437114
     1.02161  -0.00022328
     1.03316  0.000699129
     1.04484  0.000311248
     1.05665 -0.000325823
      1.0686  1.74651e-05
     1.08068  5.23257e-05
      1.0929 -0.000400881
     1.10526   0.00038766
     1.11776  0.000457751
     1.13039 -0.000576186
     1.14317 -0.000280086
      1.1561  0.000309507
     1.16917 -5.00054e-05
     1.18239   2.6073e-05
     1.19576 -0.000158629
     1.20928 -0.000748062
     1.22295  0.000688087
     1.23678  0.000473351
     1.25076 -0.000663551
      1.2649 -0.000315648
     1.27921  0.000113554
     1.29367   0.00059181
      1.3083 -0.000489212
     1.32309 -0.000291089
     1.33805  0.000549399
     1.35318 -2.28326e-05
     1.36848 -0.000423633
     1.38395  0.000154351
      1.3996 -9.79277e-05
     1.41542  0.000555745
     1.43143 -0.000380949
     1.44761 -0.000157283
     1.46398  0.000504648
     1.48053  1.96315e-05
     1.49727  -0.00035826
      1.5142  0.000477095
     1.53132 -0.000184403
     1.54863  7.10748e-05
     1.56614 -0.000395698
     1.58385  0.000323992
     1.60176 -0.000254522
     1.61987 -9.26782e-05
     1.63818  5.05133e-05
     1.65671  5.56133e-05
     1.67544  6.53911e-06
     1.69438 -0.000161532
     1.71354  0.000339008
     1.73291    2.069e-05
     1.75251 -0.000349075
     1.77232  0.000588312
     1.79236 -0.000330402
     1.81262 -7.16142e-05
     1.83312  0.000306922
     1.85384 -0.000368687
     1.87481  6.73993e-05
       1.896    0.0001763
     1.91744 -0.000324452
     1.93912  0.000350461
     1.96104 -0.000311886
     1.98322  0.000233863
     2.00564 -0.000237735
     2.02832   0.00013771
     2.05125 -0.000146135
     2.07444 -5.80061e-05
      2.0979    0.0001733
     2.12162 -0.000221762
     2.14561  0.000316795
     2.16987  -0.00019313
      2.1944  0.000218972
     2.21921 -5.52663e-05
      2.2443  1.11768e-05
     2.26968  6.35582e-05
     2.29534 -0.000139534
     2.32129  9.87758e-05
     2.34754 -0.000140426
     2.37408  1.99188e-05
     2.40092  1.32123e-05
     2.42807 -0.000116845
     2.45552  0.000107388
     2.48328 -0.000113841
     2.51136  9.42544e-05
     2.53976 -0.000105222
     2.56847  0.000105106
     2.59751 -8.10843e-05
     2.62688  8.74419e-05
     2.65658 -5.29398e-05
     2.68662  6.42535e-05
       2.717 -4.37567e-05
     2.74772  6.79074e-05
     2.77878 -2.15731e-05
      2.8102  1.17033e-05
     2.84198 -3.34206e-05
     2.87411 -1.08981e-05
      2.9066 -4.13903e-05
     2.93947   8.5189e-06
      2.9727 -2.89633e-05
     3.00631 -2.21965e-06
      3.0403 -1.60136e-05
     3.07468  1.40689e-05
     3.10944  1.99258e-06
      3.1446  4.03608e-05
     3.18016  1.36311e-06
     3.21611   5.4569e-06
     3.25248 -3.21697e-06
     3.28925 -1.23519e-05
     3.32644 -4.71077e-07
     3.36405 -3.50732e-05
     3.40209 -2.63492e-05
     3.44055 -1.78115e-05
     3.47945  6.97439e-06
     3.51879 -1.84042e-05
     3.55858  3.37997e-05
     3.59881  2.09501e-05
      3.6395  2.61514e-05
     3.68065 -2.19522e-05
     3.72227 -1.52171e-05
     3.76436 -1.92282e-05
     3.80692 -2.14245e-05
     3.84996 -1.52496e-05
     3.89349 -1.44667e-05
     3.93751  1.58561e-05
     3.98203  6.78886e-06
     4.02705  1.93734e-05
     4.07259 -3.34025e-06
     4.11863 -3.11908e-06
      4.1652 -1.90333e-05
     4.21229 -3.89482e-06
     4.25992 -1.89943e-06
     4.30809  3.18544e-06
      4.3568 -1.21416e-05
     4.40606 -1.25355e-05
     4.45587  5.92456e-06
     4.50625  1.51031e-05
      4.5572 -7.09323e-07
     4.60873 -1.97365e-05
     4.66084 -3.03657e-05
     4.71354  7.20034e-06
     4.76683  2.33084e-05
     4.82073  1.36811e-05
     4.87523 -1.06042e-05
     4.93035 -1.06404e-05
      4.9861 -1.71666e-05
     5.04247 -1.03942e-05
     5.09949 -1.84221e-05
     5.15714 -1.89099e-05
     5.21545  1.15089e-05
     5.27442  4.02821e-05
     5.33406  3.18668e-05
     5.39437 -1.84677e-05
     5.45536 -4.64893e-05
     5.51704 -2.30146e-05
     5.57942 -1.32151e-05
      5.6425  6.18524e-06
      5.7063  2.45912e-05
     5.77082  2.40888e-05
     5.83607  2.10455e-06
     5.90205 -1.53308e-05
     5.96878  -2.3639e-05
     6.03627 -1.60597e-05
     6.10452 -5.25224e-06
     6.17354  5.43797e-06
     6.24334 -2.46784e-06
     6.31393  1.87133e-05
     6.38532  7.94399e-06
     6.45752 -2.26939e-05
     6.53053 -3.79851e-06
     6.60437 -1.78189e-05
     6.67904 -1.46717e-05
     6.75456  1.30716e-05
     6.83093  2.71369e-05
     6.90816 -1.59018e-05
     6.98627  -9.0113e-06
     7.06526 -3.74382e-06
     7.14514 -1.64709e-05
     7.22593 -4.52497e-06
     7.30763  2.27647e-05
     7.39025 -1.33131e-05
     7.47381 -1.42423e-05
     7.55831  4.06505e-06
     7.64377 -7.42716e-06
      7.7302  1.07347e-05
      7.8176 -7.35929e-06
     7.90599 -2.89028e-05
     7.99538  1.52875e-05
     8.08578  3.58879e-06
      8.1772  5.93321e-06
     8.26966 -1.49036e-05
     8.36316 -2.30245e-05
     8.45772  1.87607e-05
     8.55334 -6.83006e-06
     8.65005 -2.58159e-06
     8.74785  2.47145e-08
     8.84676  -8.0373e-06
     8.94679 -1.34854e-06
     9.04795 -1.20252e-05
     9.15025  1.96568e-06
      9.2537  9.07811e-06
     9.35833 -1.65669e-05
     9.46414  4.25373e-06
     9.57115  -1.6396e-05
     9.67936  7.68474e-06
      9.7888  1.36411e-07
     9.89948 -3.03975e-06
     10.0114 -9.21034e-06
     10.1246 -3.90294e-06
     10.2391  6.25171e-06
     10.3548 -6.22937e-06
     10.4719 -5.62807e-06
     10.5903 -1.21199e-06
     10.7101 -3.57338e-06
     10.8312 -2.84243e-07
     10.9536 -1.03412e-05
     11.0775 -1.45011e-07
     11.2027 -3.14978e-06
     11.3294  5.87659e-07
     11.4575 -1.16533e-05
      11.587 -1.18268e-06
      11.718  4.88234e-06
     11.8505 -5.04963e-06
     11.9845 -1.10948e-05
       12.12  3.22704e-06
      12.257  6.32814e-07
     12.3956 -9.26505e-06
     12.5358 -4.25405e-06
     12.6775  7.70945e-07
     12.8209 -3.58975e-06
     12.9658 -5.64859e-06
     13.1124  -8.1162e-07
     13.2607 -3.19879e-06
     13.4106 -1.62451e-06
     13.5622 -5.71593e-06
     13.7156  4.16511e-07
     13.8707 -2.40222e-06
     14.0275 -8.13992e-06
     14.1861  3.10456e-06
     14.3465 -5.13673e-06
     14.5087 -6.51349e-06
     14.6727  9.49052e-07
     14.8386 -4.09329e-06
     15.0064 -4.77119e-06
     15.1761 -1.39536e-06
     15.3477 -3.95247e-06
     15.5212 -3.08574e-06
     15.6967 -4.78503e-06
     15.8742 -1.83873e-06
     16.0536 -4.38576e-06
     16.2351 -2.44669e-06
     16.4187 -2.28702e-06
     16.6043 -3.60465e-06
     16.7921 -1.44885e-06
     16.9819 -4.26056e-06
      17.174 -2.20391e-06
     17.3681 -3.04316e-06
     17.5645 -2.54099e-06
     17.7631 -4.85987e-06
     17.9639  7.82328e-07
      18.167 -8.35569e-06
     18.3725  1.07037e-06
     18.5802 -4.48209e-06
     18.7903 -4.78572e-06
     19.0027  7.77362e-07
     19.2176 -6.58385e-06
     19.4349 -1.67268e-06
     19.6546  -2.3959e-06
     19.8768 -5.33695e-06
     20.1016 -4.87426e-07
     20.3288 -4.68616e-06
     20.5587 -2.70365e-06
     20.7911  -2.6243e-06
     21.0262 -4.17221e-06
     21.2639 -1.99088e-06
     21.5044  -3.4769e-06
     21.7475 -3.10727e-06
     21.9934 -1.98783e-06
     22.2421  -4.6016e-06
     22.4935 -1.61431e-06
     22.7479 -4.48208e-06
     23.0051 -1.46322e-06
     23.2652 -3.76792e-06
     23.5282 -2.74137e-06
     23.7942 -3.51557e-06
     24.0633 -2.96413e-06
     24.3353  -3.0903e-06
     24.6105 -3.22513e-06
     24.8888  -2.7494e-06
     25.1702 -3.03478e-06
     25.4547 -3.09306e-06
     25.7425 -3.18432e-06
     26.0336 -2.84201e-06
      26.328 -2.87141e-06
     26.6256 -3.12938e-06
     26.9267  -3.1133e-06
     27.2311 -3.18262e-06
      27.539 -3.08288e-06
     27.8504 -3.04888e-06
     28.1653 -3.04249e-06
     28.4837 -2.94929e-06
     28.8058 -2.95359e-06
     29.1315 -2.98007e-06
     29.4609 -2.95265e-06
      29.794 -2.98999e-06
     30.1308 -3.09619e-06
     30.4715 -3.06136e-06
      30.816 -2.97574e-06
     31.1644 -2.97203e-06
     31.5168 -3.14292e-06
     31.8731 -3.16264e-06
     32.2335 -3.04602e-06
      32.598 -2.99417e-06
     32.9665  -2.9209e-06
     33.3393 -2.93664e-06
     33.7162 -2.93664e-06
     34.0974 -3.01842e-06
      34.483 -3.15434e-06
     34.8729 -3.07955e-06
     35.2671 -2.95218e-06
     35.6659 -2.91382e-06
     36.0691 -3.08598e-06
      36.477 -2.98151e-06
     36.8894  -2.9693e-06
     37.3065 -3.14729e-06
     37.7283 -2.98133e-06
     38.1549  -2.9474e-06
     38.5863 -2.97025e-06
     39.0225  -3.0282e-06
     39.4638 -2.98634e-06
       39.91 -2.98949e-06
     40.3612 -3.06294e-06
     40.8175  -3.0398e-06
      41.279 -2.92441e-06
     41.7458 -2.87643e-06
     42.2178 -3.03671e-06
     42.6951  -3.0734e-06
     43.1778 -2.93262e-06
      43.666 -3.04828e-06
     44.1597 -2.93126e-06
      44.659 -2.86204e-06
      45.164 -3.10803e-06
     45.6746  -3.0247e-06
      46.191 -2.99909e-06
     46.7133 -2.89532e-06
     47.2415  -2.8664e-06
     47.7756 -2.97319e-06
     48.3158 -3.02195e-06
     48.8621 -3.02212e-06
     49.4145 -2.87096e-06
     49.9732 -2.95165e-06
     50.5383 -3.10167e-06
     51.1097 -2.88842e-06
     51.6875 -2.95798e-06
      52.272 -2.91575e-06
      52.863 -2.90499e-06
     53.4607 -2.93552e-06
     54.0651 -2.95228e-06
     54.6764 -2.94007e-06
     55.2946 -2.98145e-06
     55.9198 -2.93671e-06
     56.5521 -3.00262e-06
     57.1915 -2.77067e-06
     57.8381 -2.88781e-06
      58.492 -2.96309e-06
     59.1534 -2.94407e-06
     59.8222 -2.90726e-06
     60.4986 -2.98958e-06
     61.1826 -2.79474e-06
     61.8744 -2.89862e-06
      62.574 -2.95794e-06
     63.2815 -2.92043e-06
      63.997 -2.77992e-06
     64.7205 -2.92052e-06
     65.4523 -2.88428e-06
     66.1923 -2.92603e-06
     66.9408  -2.8502e-06
     67.6976  -2.8522e-06
      68.463 -2.86453e-06
     69.2371  -2.8454e-06
       70.02  -2.8605e-06
     70.8116 -2.89313e-06
     71.6123 -2.81397e-06
      72.422 -2.81823e-06
     73.2408 -2.82481e-06
     74.0689 -2.88138e-06
     74.9064 -2.78805e-06
     75.7533 -2.83352e-06
     76.6098 -2.83655e-06
      77.476 -2.76045e-06
      78.352 -2.82759e-06
     79.2379 -2.81021e-06
     80.1338 -2.77122e-06
     81.0398 -2.82051e-06
     81.9561 -2.73848e-06
     82.8827  -2.7708e-06
     83.8198 -2.78127e-06
     84.7676 -2.75358e-06
      85.726 -2.75912e-06
     86.6952 -2.74757e-06
     87.6755 -2.71533e-06
     88.6668 -2.73671e-06
     89.6693 -2.74217e-06
     90.6831 -2.72293e-06
     91.7084 -2.68242e-06
     92.7454 -2.72203e-06
      93.794 -2.68481e-06
     94.8545  -2.6745e-06
     95.9269 -2.69579e-06
     97.0115 -2.67156e-06
     98.1084   -2.637e-06
     99.2177 -2.65128e-06
