 0.000992139     -2.36047
  0.00100336     -2.43551
   0.0010147     -2.45375
  0.00102617     -2.54089
  0.00103778     -2.56781
  0.00104951     -2.62672
  0.00106138     -2.69169
  0.00107338     -2.73337
  0.00108551     -2.80329
  0.00109779     -2.85111
   0.0011102      -2.9106
  0.00112275     -2.98271
  0.00113544     -3.02248
  0.00114828     -3.10641
  0.00116127     -3.15528
   0.0011744     -3.22488
  0.00118767      -3.2865
   0.0012011     -3.36214
  0.00121468     -3.41727
  0.00122842     -3.49994
  0.00124231     -3.55285
  0.00125635     -3.64282
  0.00127056     -3.70433
  0.00128492     -3.77523
  0.00129945     -3.86037
  0.00131414     -3.92885
    0.001329     -4.00828
  0.00134403     -4.08629
  0.00135922     -4.16758
  0.00137459     -4.24655
  0.00139013     -4.33019
  0.00140585     -4.41401
  0.00142175     -4.49501
  0.00143782     -4.58842
  0.00145408     -4.66764
  0.00147052     -4.76095
  0.00148715     -4.84983
  0.00150396     -4.94008
  0.00152096     -5.03255
  0.00153816     -5.12672
  0.00155555     -5.21988
  0.00157314     -5.31897
  0.00159093     -5.41055
  0.00160892     -5.51625
  0.00162711     -5.60826
   0.0016455     -5.71561
  0.00166411     -5.81142
  0.00168292     -5.92071
  0.00170195     -6.01814
   0.0017212      -6.1294
  0.00174066     -6.23114
  0.00176034     -6.34139
  0.00178024     -6.44752
  0.00180037     -6.55876
  0.00182072     -6.66727
  0.00184131     -6.77948
  0.00186213     -6.89093
  0.00188318     -7.00408
  0.00190448     -7.11645
  0.00192601      -7.2334
  0.00194779     -7.34408
  0.00196981     -7.46453
  0.00199208     -7.57592
   0.0020146      -7.6961
  0.00203738     -7.81046
  0.00206042     -7.92937
  0.00208371     -8.04578
  0.00210727     -8.16433
   0.0021311     -8.28113
  0.00215519     -8.40005
  0.00217956     -8.51628
  0.00220421     -8.63535
  0.00222913     -8.75085
  0.00225433     -8.86914
  0.00227982     -8.98383
   0.0023056     -9.10093
  0.00233166     -9.21409
  0.00235803     -9.32962
  0.00238469     -9.44077
  0.00241165      -9.5541
  0.00243892     -9.66267
  0.00246649     -9.77326
  0.00249438     -9.87862
  0.00252258      -9.9858
  0.00255111     -10.0874
  0.00257995     -10.1903
  0.00260912     -10.2875
  0.00263862     -10.3855
  0.00266845     -10.4774
  0.00269863     -10.5696
  0.00272914     -10.6556
  0.00275999     -10.7412
   0.0027912     -10.8204
  0.00282276     -10.8985
  0.00285468     -10.9699
  0.00288695     -11.0396
  0.00291959     -11.1023
   0.0029526     -11.1627
  0.00298599     -11.2156
  0.00301975     -11.2657
  0.00305389     -11.3078
  0.00308842     -11.3465
  0.00312334     -11.3768
  0.00315865      -11.403
  0.00319437     -11.4203
  0.00323048     -11.4331
  0.00326701     -11.4363
  0.00330395     -11.4344
   0.0033413     -11.4225
  0.00337908     -11.4048
  0.00341729     -11.3766
  0.00345593      -11.342
    0.003495     -11.2964
  0.00353452     -11.2438
  0.00357448     -11.1797
   0.0036149      -11.108
  0.00365577     -11.0245
   0.0036971     -10.9328
   0.0037389     -10.8288
  0.00378118     -10.7161
  0.00382393     -10.5907
  0.00386716     -10.4562
  0.00391089     -10.3087
  0.00395511     -10.1517
  0.00399983      -9.9814
  0.00404505     -9.80128
  0.00409079     -9.60773
  0.00413704     -9.40412
  0.00418381     -9.18701
  0.00423112     -8.95973
  0.00427896     -8.71898
  0.00432734     -8.46807
  0.00437626     -8.20386
  0.00442575     -7.92964
  0.00447578     -7.64243
  0.00452639     -7.34551
  0.00457757     -7.03608
  0.00462932     -6.71742
  0.00468167     -6.38691
   0.0047346     -6.04783
  0.00478813     -5.69773
  0.00484227     -5.33996
  0.00489702     -4.97221
  0.00495239     -4.59788
  0.00500838     -4.21485
  0.00506501     -3.82654
  0.00512228     -3.43106
  0.00518019     -3.03185
  0.00523876     -2.62718
  0.00529799     -2.22059
   0.0053579     -1.81053
  0.00541847     -1.40056
  0.00547974    -0.989323
   0.0055417    -0.580445
  0.00560435    -0.172727
  0.00566772      0.23016
   0.0057318     0.629263
  0.00579661      1.02086
  0.00586215      1.40588
  0.00592843      1.78056
  0.00599546      2.14572
  0.00606325      2.49761
   0.0061318      2.83695
  0.00620113         3.16
  0.00627124      3.46744
  0.00634215      3.75559
  0.00641386       4.0251
  0.00648637      4.27241
  0.00655971      4.49816
  0.00663388      4.69894
  0.00670889      4.87549
  0.00678474      5.02456
  0.00686145      5.14702
  0.00693903      5.23988
  0.00701749      5.30417
  0.00709683      5.33722
  0.00717707       5.3403
  0.00725822      5.31109
  0.00734029      5.25116
  0.00742328      5.15859
  0.00750721      5.03534
  0.00759209      4.87995
  0.00767793      4.69477
  0.00776474      4.47886
  0.00785253      4.23504
  0.00794132       3.9629
  0.00803111      3.66573
  0.00812191      3.34371
  0.00821374      3.00063
  0.00830661      2.63721
  0.00840053      2.25774
  0.00849551      1.86348
  0.00859157      1.45918
  0.00868871      1.04659
  0.00878695      0.63083
   0.0088863     0.214077
  0.00898677    -0.198265
  0.00908838    -0.603728
  0.00919114    -0.996745
  0.00929506     -1.37471
  0.00940015     -1.73206
  0.00950643     -2.06623
  0.00961392     -2.37187
  0.00972262     -2.64666
  0.00983255     -2.88566
  0.00994372     -3.08706
   0.0100561     -3.24657
   0.0101698     -3.36312
   0.0102848     -3.43332
   0.0104011     -3.45705
   0.0105187     -3.43209
   0.0106377     -3.35948
   0.0107579     -3.23833
   0.0108796     -3.07104
   0.0110026     -2.85819
    0.011127     -2.60364
   0.0112528     -2.30951
     0.01138     -1.98112
   0.0115087     -1.62209
   0.0116388     -1.23912
   0.0117704    -0.837129
   0.0119035       -0.424
   0.0120381  -0.00567133
   0.0121742     0.409197
   0.0123118     0.814068
    0.012451          1.2
   0.0125918      1.56041
   0.0127342       1.8867
   0.0128782      2.17292
   0.0130238      2.41148
    0.013171      2.59778
   0.0133199      2.72598
   0.0134705      2.79352
   0.0136228      2.79697
   0.0137769      2.73644
   0.0139326      2.61143
   0.0140902      2.42517
   0.0142495      2.18039
   0.0144106      1.88357
   0.0145735       1.5407
   0.0147383      1.16127
   0.0149049     0.754122
   0.0150735     0.331195
   0.0152439   -0.0966761
   0.0154162    -0.516138
   0.0155905    -0.915577
   0.0157668     -1.28163
   0.0159451     -1.60345
   0.0161254      -1.8693
   0.0163077     -2.07081
   0.0164921     -2.19957
   0.0166785      -2.2513
   0.0168671     -2.22243
   0.0170578     -2.11403
   0.0172507     -1.92833
   0.0174457     -1.67242
    0.017643     -1.35455
   0.0178425    -0.987513
   0.0180442    -0.584795
   0.0182482    -0.163591
   0.0184546     0.259245
   0.0186632     0.664478
   0.0188742      1.03469
   0.0190876      1.35178
   0.0193034      1.60114
   0.0195217      1.76928
   0.0197424      1.84782
   0.0199656      1.83099
   0.0201914       1.7193
   0.0204197      1.51668
   0.0206506      1.23366
    0.020884      0.88401
   0.0211202     0.487284
    0.021359    0.0649009
   0.0216005    -0.357897
   0.0218447     -0.75647
   0.0220917     -1.10525
   0.0223415      -1.3824
   0.0225941     -1.56838
   0.0228495     -1.65043
   0.0231079     -1.62085
   0.0233691     -1.48079
   0.0236334     -1.23773
   0.0239006    -0.908287
   0.0241708    -0.514564
   0.0244441   -0.0857176
   0.0247205     0.346773
       0.025     0.748618
   0.0252826      1.08816
   0.0255685      1.33635
   0.0258576      1.47217
   0.0261499      1.48212
   0.0264456      1.36465
   0.0267446      1.12826
    0.027047     0.793993
   0.0273528     0.391487
   0.0276621   -0.0407154
   0.0279748    -0.461137
   0.0282911    -0.826774
    0.028611     -1.10008
   0.0289345     -1.25067
   0.0292617     -1.26165
   0.0295925     -1.12968
   0.0299271    -0.868697
   0.0302655    -0.506811
   0.0306077   -0.0862696
   0.0309537     0.343314
   0.0313037     0.728229
   0.0316576      1.01969
   0.0320156      1.17804
   0.0323776      1.18094
   0.0327436      1.02505
   0.0331139     0.729966
   0.0334883     0.334454
   0.0338669    -0.105725
   0.0342498    -0.527388
   0.0346371    -0.866755
   0.0350287     -1.07159
   0.0354247     -1.10784
   0.0358253    -0.968514
   0.0362303     -0.67412
     0.03664    -0.273049
   0.0370542     0.167399
   0.0374732     0.569628
   0.0378969     0.861368
   0.0383254     0.987191
   0.0387587     0.922123
   0.0391969     0.676106
   0.0396401     0.296188
   0.0400883    -0.142944
   0.0405416    -0.550705
   0.0409999     -0.84091
   0.0414635    -0.948593
   0.0419323    -0.847655
   0.0424064    -0.556995
   0.0428859    -0.140807
   0.0433708     0.305911
   0.0438612     0.676469
   0.0443571     0.880054
   0.0448586     0.863561
   0.0453658     0.629394
   0.0458787     0.236096
   0.0463975    -0.212234
   0.0469221    -0.593873
   0.0474526    -0.800789
   0.0479891    -0.772384
   0.0485317    -0.514165
   0.0490804    -0.101747
   0.0496354     0.340192
   0.0501966     0.672433
   0.0507641     0.786928
   0.0513381     0.642296
   0.0519185     0.283405
   0.0525055    -0.170749
   0.0530992    -0.562647
   0.0536996    -0.752152
   0.0543067    -0.667082
   0.0549207    -0.335878
   0.0555417     0.119108
   0.0561697     0.522263
   0.0568048     0.713396
    0.057447     0.612326
   0.0580966      0.25859
   0.0587534    -0.200127
   0.0594177    -0.564461
   0.0600895    -0.670767
   0.0607689    -0.466097
    0.061456   -0.0408726
   0.0621509     0.407265
   0.0628536     0.661584
   0.0635643     0.594192
   0.0642829     0.234499
   0.0650098    -0.235345
   0.0657448    -0.569453
   0.0664881    -0.585976
   0.0672399    -0.272787
   0.0680001     0.197254
    0.068769     0.553825
   0.0695465     0.584322
   0.0703329     0.264039
   0.0711281    -0.215991
   0.0719323    -0.557555
   0.0727456    -0.538948
   0.0735681     -0.16629
   0.0743999     0.318259
   0.0752411     0.586663
   0.0760918     0.450271
   0.0769522   0.00135031
   0.0778222    -0.436254
   0.0787021     -0.53576
    0.079592    -0.214659
   0.0804919     0.285214
    0.081402     0.571101
   0.0823223     0.407207
   0.0832531   -0.0794431
   0.0841944    -0.485169
   0.0851464    -0.459592
   0.0861091   -0.0184024
   0.0870827     0.449436
   0.0880673     0.514742
    0.089063     0.109026
     0.09007    -0.388364
   0.0910884    -0.491524
   0.0921183    -0.086527
   0.0931598     0.430111
   0.0942131     0.529606
   0.0952783     0.103136
   0.0963556     -0.39543
   0.0974451    -0.414298
   0.0985468    0.0800267
   0.0996611     0.531918
    0.100788     0.409695
    0.101927    -0.155667
     0.10308    -0.487625
    0.104245    -0.169411
    0.105424     0.410054
    0.106616     0.508768
    0.107821   -0.0113355
    0.109041    -0.458271
    0.110273    -0.207531
     0.11152     0.417673
    0.112781     0.543957
    0.114056   -0.0163871
    0.115346    -0.441473
     0.11665   -0.0772419
    0.117969      0.54034
    0.119303      0.44927
    0.120652    -0.221791
    0.122016    -0.386642
    0.123395      0.25408
    0.124791      0.64873
    0.126202      0.12096
    0.127628    -0.408896
    0.129071    0.0352084
    0.130531     0.697234
    0.132007     0.370431
    0.133499    -0.341005
    0.135009   -0.0537556
    0.136535     0.724396
    0.138079     0.468823
     0.13964    -0.318406
    0.141219    0.0132919
    0.142816     0.853941
     0.14443      0.45928
    0.146063    -0.312697
    0.147715     0.304164
    0.149385      1.03892
    0.151074     0.253911
    0.152782    -0.226478
    0.154509     0.840462
    0.156256      1.02988
    0.158023     -0.09348
     0.15981     0.323162
    0.161617      1.44787
    0.163444      0.54063
    0.165292  -0.00148336
    0.167161      1.46638
    0.169051      1.26801
    0.170962  0.000250495
    0.172895      1.35202
     0.17485      1.93529
    0.176827     0.270512
    0.178826      1.35605
    0.180848      2.56255
    0.182893     0.637829
    0.184961      1.58439
    0.187052      3.20283
    0.189167     0.986978
    0.191306      2.15871
    0.193469      3.92978
    0.195656      1.32089
    0.197869      3.26907
    0.200106      4.64014
    0.202368      1.76261
    0.204656      5.05321
     0.20697      5.05584
    0.209311      2.80793
    0.211677      7.42068
     0.21407      4.99977
    0.216491      5.37196
    0.218939      9.45634
    0.221414      5.20371
    0.223917      9.81851
    0.226449      9.91718
     0.22901      7.98802
    0.231599      14.2838
    0.234217      9.86533
    0.236866      14.6655
    0.239544      15.6689
    0.242252      14.1384
    0.244991       20.929
    0.247761      16.9487
    0.250563      23.3363
    0.253396      23.1992
    0.256261      24.8053
    0.259158      30.0689
    0.262088      28.2395
    0.265051      35.5283
    0.268048       34.465
    0.271079       39.764
    0.274144      42.2468
    0.277244      44.1015
    0.280378      49.9034
    0.283548      49.3646
    0.286754      56.3157
    0.289996      55.2374
    0.293275      61.0318
    0.296591       60.567
    0.299945      63.6669
    0.303336      63.6694
    0.306766      63.2305
    0.310234      62.4151
    0.313742      57.6738
    0.317289      53.8331
    0.320877      43.3468
    0.324505      33.5831
    0.328174      15.0957
    0.331884     -3.27285
    0.335637     -31.4335
    0.339431     -56.9722
    0.343269     -90.8763
     0.34715     -80.1356
    0.351075     -13.9328
    0.355045      15.9297
    0.359059      23.5573
    0.363119     -14.2114
    0.367225     -48.2024
    0.371377     -20.3432
    0.375576      5.66144
    0.379822      28.5576
    0.384117      44.0948
     0.38846      54.9288
    0.392852      60.2577
    0.397293      62.4763
    0.401785      61.5816
    0.406328      59.1682
    0.410922      55.2797
    0.415569      50.8747
    0.420267      45.9112
    0.425019      40.9501
    0.429824      35.9454
    0.434684      31.2345
    0.439599      26.7494
    0.444569       22.703
    0.449596      19.0308
    0.454679      15.8267
     0.45982        13.01
    0.465019       10.631
    0.470277      8.59687
    0.475594      6.91077
    0.480971      5.50004
    0.486409      4.35571
    0.491909      3.41048
    0.497471        2.663
    0.503096      2.05802
    0.508784      1.58124
    0.514536      1.20275
    0.520354     0.915967
    0.526237     0.683206
    0.532187     0.512428
    0.538205     0.380794
     0.54429     0.279726
    0.550444      0.20451
    0.556667     0.149828
    0.562961     0.104644
    0.569327    0.0791031
    0.575764    0.0536175
    0.582274    0.0393157
    0.588857    0.0276315
    0.595515    0.0176656
    0.602248    0.0144921
    0.609057   0.00896387
    0.615944    0.0058938
    0.622908   0.00510802
    0.629951  0.000846798
    0.637073     0.003579
    0.644277  0.000332272
    0.651561   0.00135147
    0.658928  0.000659853
    0.666378  0.000264944
    0.673913  0.000629188
    0.681532  -0.00101772
    0.689238   0.00153813
    0.697031 -0.000999319
    0.704912  0.000952939
    0.712882 -0.000883947
    0.720942   0.00115967
    0.729094  -0.00117363
    0.737337  0.000368278
    0.745674 -0.000206752
    0.754105  0.000443382
    0.762631 -0.000241427
    0.771254  0.000145845
    0.779974 -0.000239397
    0.788793   0.00029903
    0.797711 -0.000484642
    0.806731  0.000542589
    0.815852  2.21505e-07
    0.825076 -0.000335648
    0.834405  5.68834e-05
    0.843839  0.000226177
     0.85338  0.000157874
    0.863029 -0.000390068
    0.872787  0.000170371
    0.882655 -0.000168936
    0.892635  0.000103107
    0.902728  0.000287216
    0.912934  -0.00032534
    0.923256 -0.000289918
    0.933695  0.000584676
    0.944252 -0.000244855
    0.954928 -0.000252453
    0.965725  0.000266073
    0.976644  4.06013e-05
    0.987687 -0.000303691
    0.998854  0.000107848
     1.01015   0.00030579
     1.02157 -0.000278581
     1.03312 -8.83977e-05
      1.0448  0.000191739
     1.05661  7.92951e-05
     1.06856 -0.000116785
     1.08064 -0.000113584
     1.09286   0.00021029
     1.10522  -0.00021627
     1.11771  -4.5713e-05
     1.13035  0.000338841
     1.14313 -0.000302345
     1.15606  0.000294107
     1.16913 -0.000338184
     1.18234  0.000213513
     1.19571  1.50886e-05
     1.20923 -0.000124798
      1.2229  3.64925e-05
     1.23673 -6.75994e-05
     1.25071  0.000228319
     1.26486 -0.000200866
     1.27916  0.000169422
     1.29362  7.31321e-06
     1.30825 -5.72326e-05
     1.32304  5.83108e-06
       1.338 -2.83178e-05
     1.35313 -9.19629e-05
     1.36842     0.000151
      1.3839 -0.000113146
     1.39954  2.21727e-05
     1.41537  4.92659e-06
     1.43137  3.87835e-06
     1.44755 -1.85974e-05
     1.46392 -1.44768e-05
     1.48047  6.08015e-05
     1.49721 -9.90349e-05
     1.51414  0.000121538
     1.53126 -9.07255e-05
     1.54857  2.99459e-05
     1.56608  2.62572e-05
     1.58379 -1.31435e-05
      1.6017  1.94321e-05
     1.61981 -4.14447e-05
     1.63812  2.46065e-05
     1.65664 -1.58189e-05
     1.67537  2.61182e-05
     1.69432   3.9003e-05
     1.71347 -9.06566e-05
     1.73285  5.33835e-05
     1.75244 -2.44739e-05
     1.77225  8.25922e-06
     1.79229  1.06477e-05
     1.81255 -2.50235e-05
     1.83305 -1.25336e-05
     1.85377 -2.20033e-06
     1.87473  2.41717e-05
     1.89593  5.43797e-06
     1.91737  2.45267e-06
     1.93905 -2.41884e-05
     1.96097 -7.98936e-06
     1.98314  5.31826e-05
     2.00556 -5.79237e-06
     2.02824 -5.91058e-06
     2.05117 -1.92833e-06
     2.07436 -2.97287e-05
     2.09782  2.71686e-05
     2.12154 -2.35583e-05
     2.14552  3.19048e-05
     2.16978 -1.50302e-05
     2.19431  5.26819e-06
     2.21912 -2.40962e-05
     2.24422  9.23094e-06
     2.26959  7.18741e-06
     2.29525  4.60142e-06
      2.3212 -3.13839e-05
     2.34745  3.00802e-05
     2.37399 -5.48321e-06
     2.40083  2.25717e-06
     2.42798  9.14784e-06
     2.45543 -7.37162e-07
     2.48319 -1.22107e-05
     2.51127  7.82174e-06
     2.53966 -2.42189e-06
     2.56837  3.25325e-06
     2.59741  1.53768e-06
     2.62678  4.66639e-06
     2.65648 -1.84334e-05
     2.68652 -3.16151e-06
     2.71689  1.55931e-05
     2.74761 -1.07359e-05
     2.77868 -6.66598e-06
     2.81009  1.52087e-05
     2.84187 -6.38175e-06
       2.874  1.84316e-06
     2.90649  4.14544e-07
     2.93935  9.03029e-07
     2.97259  1.45243e-05
      3.0062 -5.96041e-06
     3.04019 -1.50929e-05
     3.07456 -4.23614e-06
     3.10932  1.94507e-05
     3.14448  4.11303e-07
     3.18003 -2.10688e-05
     3.21599  6.62424e-06
     3.25235  5.30135e-06
     3.28912 -2.56762e-06
     3.32631  1.10227e-06
     3.36392 -1.57432e-06
     3.40196  6.94342e-06
     3.44042  9.34971e-07
     3.47932 -3.54311e-07
     3.51866  3.00716e-06
     3.55844 -7.63424e-06
     3.59868 -1.55964e-06
     3.63936 -5.82159e-06
     3.68051  8.08409e-06
     3.72213 -2.69866e-06
     3.76421 -6.22704e-06
     3.80677  1.78309e-05
     3.84981 -4.09745e-06
     3.89334 -5.37991e-06
     3.93736   -7.273e-08
     3.98188  1.08288e-06
      4.0269 -3.74304e-06
     4.07243  2.05587e-06
     4.11847  5.60245e-06
     4.16504 -7.70091e-06
     4.21213  2.57159e-06
     4.25976  1.37511e-06
     4.30792 -1.76588e-07
     4.35663  1.68858e-06
     4.40589 -2.02941e-06
      4.4557 -2.09579e-06
     4.50608 -1.01878e-06
     4.55703  -5.5426e-07
     4.60855  5.69788e-06
     4.66066 -2.93831e-06
     4.71336  6.63876e-06
     4.76665 -8.56113e-06
     4.82054  2.77364e-06
     4.87504 -5.06869e-06
     4.93016  4.02075e-06
     4.98591 -1.60224e-06
     5.04228  5.04308e-06
     5.09929 -1.96728e-06
     5.15695   5.2027e-06
     5.21525    -6.13e-06
     5.27422  1.05109e-06
     5.33385 -4.57726e-06
     5.39416 -6.57912e-07
     5.45515  4.67294e-06
     5.51683  1.09838e-06
     5.57921  3.01502e-06
     5.64229 -4.82746e-06
     5.70608  2.00186e-06
      5.7706 -5.16658e-06
     5.83584  3.12254e-06
     5.90183 -2.28219e-06
     5.96856  4.03905e-06
     6.03604  5.43194e-08
     6.10429 -1.44043e-06
      6.1733  1.97334e-06
      6.2431 -3.82735e-06
     6.31369  1.63998e-06
     6.38508  8.61874e-07
     6.45727 -2.72007e-06
     6.53028  2.82399e-06
     6.60411  5.11448e-07
     6.67878  6.61911e-07
      6.7543  -2.8154e-06
     6.83066  3.35008e-07
      6.9079 -6.18597e-07
       6.986  8.55052e-07
     7.06499  1.13463e-06
     7.14487  1.96462e-08
     7.22565 -1.21679e-06
     7.30735 -4.16883e-08
     7.38997 -1.09353e-06
     7.47352  2.67611e-06
     7.55802  8.88346e-07
     7.64348 -2.54504e-06
      7.7299 -1.03697e-06
      7.8173  2.30999e-06
     7.90569 -1.13263e-06
     7.99507   2.1294e-06
     8.08547 -3.13377e-06
     8.17689  6.93507e-07
     8.26934  1.13898e-06
     8.36284 -1.06275e-07
     8.45739   2.5977e-07
     8.55301 -1.35698e-06
     8.64972  7.73302e-07
     8.74752  2.61303e-07
     8.84642 -4.03376e-07
     8.94644 -3.67524e-07
      9.0476  1.01356e-06
     9.14989 -4.88339e-07
     9.25335 -9.37273e-08
     9.35797 -2.37157e-07
     9.46378  7.57238e-07
     9.57078 -4.63383e-07
     9.67899  3.48954e-07
     9.78843 -1.02622e-06
      9.8991   8.1945e-07
      10.011 -5.41013e-09
     10.1242  3.17311e-07
     10.2387 -1.08372e-06
     10.3544  6.31127e-07
     10.4715   9.3735e-08
     10.5899   2.1802e-08
     10.7097 -3.37084e-07
     10.8307 -1.61431e-07
     10.9532  6.77387e-07
      11.077 -2.39851e-07
     11.2023  1.91922e-07
     11.3289 -7.34557e-07
      11.457   8.3464e-07
     11.5866 -1.23764e-08
     11.7176 -8.24417e-07
     11.8501   4.1754e-07
      11.984  3.10841e-07
     12.1195 -2.31071e-07
     12.2566 -5.45014e-07
     12.3952  8.42816e-07
     12.5353 -2.06361e-07
      12.677 -2.77735e-07
     12.8204  2.02963e-07
     12.9653  7.85414e-08
     13.1119 -1.61786e-07
     13.2602 -1.19513e-08
     13.4101 -3.18404e-08
     13.5617  2.84926e-07
      13.715  -2.8177e-07
     13.8701  -1.8988e-07
     14.0269  5.53032e-07
     14.1855 -5.12243e-07
     14.3459   1.6995e-07
     14.5081  2.57911e-07
     14.6722 -3.91805e-07
     14.8381  2.14165e-07
     15.0058  1.27598e-08
     15.1755 -1.74439e-07
     15.3471  1.47125e-07
     15.5206 -9.79349e-08
     15.6961  1.23853e-07
     15.8735 -9.88087e-08
      16.053  1.32724e-07
     16.2345 -8.61153e-08
     16.4181 -8.22611e-08
     16.6037  1.11166e-07
     16.7914 -1.34227e-07
     16.9813  1.21538e-07
     17.1733  -7.0092e-08
     17.3675  7.55253e-08
     17.5638 -1.86307e-07
     17.7624  3.01114e-07
     17.9632 -3.99058e-07
     18.1663  3.89979e-07
     18.3717 -2.36999e-07
     18.5795   6.9301e-08
     18.7895  3.55271e-08
      19.002 -1.29124e-07
     19.2168  1.29105e-07
     19.4341 -8.80028e-08
     19.6538  3.51488e-08
     19.8761  3.98816e-08
     20.1008  -1.0636e-07
     20.3281  8.00131e-08
     20.5579 -6.18922e-08
     20.7903   4.9082e-08
     21.0254 -2.22027e-08
     21.2631 -3.44637e-09
     21.5035 -1.77158e-08
     21.7467  3.37685e-08
     21.9925 -6.93508e-08
     22.2412  3.46453e-08
     22.4927  2.59439e-09
      22.747  3.98336e-08
     23.0042 -1.04131e-07
     23.2643  4.35947e-08
     23.5273 -1.51386e-08
     23.7933  3.74112e-08
     24.0623 -5.14654e-08
     24.3344  1.30436e-08
     24.6095  7.56235e-09
     24.8878 -5.49255e-09
     25.1692 -5.15954e-08
     25.4538  3.96765e-08
     25.7416  7.46799e-09
     26.0326 -4.13865e-08
     26.3269  1.88405e-09
     26.6246  7.25133e-10
     26.9256  -9.8882e-09
     27.2301  2.09881e-09
      27.538 -6.46189e-09
     27.8493 -1.28008e-08
     28.1642  1.12973e-09
     28.4826 -6.60678e-09
     28.8047 -1.95923e-08
     29.1304  1.16731e-08
     29.4597 -2.15329e-08
     29.7928 -5.46176e-09
     30.1297  8.48374e-10
     30.4703 -1.18483e-08
     30.8148 -2.11434e-09
     31.1632 -2.14182e-08
     31.5156  8.39952e-10
     31.8719 -2.86599e-10
     32.2323 -1.92398e-08
     32.5967  3.40916e-09
     32.9653 -2.18734e-08
      33.338  7.04641e-10
     33.7149 -1.62558e-08
     34.0961   -9.719e-09
     34.4816 -1.92747e-09
     34.8715 -1.06279e-08
     35.2658 -8.67478e-09
     35.6645 -2.01442e-08
     36.0678  1.03143e-09
     36.4756 -1.25332e-08
      36.888 -2.07163e-08
     37.3051  5.37025e-09
     37.7268  -2.1595e-08
     38.1534  -7.1917e-09
     38.5848 -1.65368e-08
      39.021 -6.21704e-09
     39.4622 -1.54306e-08
     39.9084 -1.27549e-08
     40.3596 -1.15307e-08
      40.816 -1.04107e-08
     41.2775 -1.48792e-08
     41.7442 -1.75315e-08
     42.2161 -1.22542e-08
     42.6935 -8.56241e-09
     43.1762 -2.26018e-08
     43.6644 -8.22203e-09
      44.158 -1.59732e-08
     44.6573 -2.30182e-08
     45.1622 -7.35571e-09
     45.6729  -1.9733e-08
     46.1893 -1.39948e-08
     46.7115 -1.83769e-08
     47.2397 -1.96429e-08
     47.7738 -1.60839e-08
     48.3139 -1.84107e-08
     48.8602 -1.53661e-08
     49.4126 -2.25236e-08
     49.9713 -2.11973e-08
     50.5363 -1.27835e-08
     51.1077  -2.6395e-08
     51.6856  -1.7395e-08
     52.2699 -2.24704e-08
     52.8609 -2.15833e-08
     53.4586 -2.22894e-08
      54.063 -2.16435e-08
     54.6743 -2.45743e-08
     55.2925 -2.13444e-08
     55.9176 -2.71461e-08
     56.5499 -1.93533e-08
     57.1893 -3.06799e-08
     57.8359 -2.39733e-08
     58.4898 -2.61606e-08
     59.1511 -2.59441e-08
     59.8199 -2.99079e-08
     60.4963 -2.39364e-08
     61.1803 -3.28616e-08
      61.872 -2.79119e-08
     62.5716  -2.9975e-08
      63.279 -2.88884e-08
     63.9945 -3.47839e-08
     64.7181 -2.94551e-08
     65.4498 -3.42723e-08
     66.1898 -3.19314e-08
     66.9382 -3.51718e-08
      67.695 -3.48622e-08
     68.4604 -3.54718e-08
     69.2345 -3.67348e-08
     70.0173 -3.75524e-08
     70.8089 -3.71323e-08
     71.6095 -3.97581e-08
     72.4192  -3.9544e-08
      73.238 -4.12835e-08
     74.0661  -4.0289e-08
     74.9035 -4.35759e-08
     75.7504 -4.31005e-08
     76.6069 -4.36484e-08
      77.473  -4.6446e-08
      78.349 -4.55418e-08
     79.2348 -4.72353e-08
     80.1307 -4.89087e-08
     81.0367 -4.84557e-08
     81.9529 -5.11637e-08
     82.8795 -5.13533e-08
     83.8166 -5.23576e-08
     84.7643 -5.40399e-08
     85.7227 -5.47271e-08
     86.6919  -5.6047e-08
     87.6721 -5.74927e-08
     88.6634 -5.84836e-08
     89.6658 -5.96371e-08
     90.6797 -6.09598e-08
     91.7049  -6.2708e-08
     92.7418 -6.33414e-08
     93.7904 -6.51043e-08
     94.8508 -6.66242e-08
     95.9233 -6.75366e-08
     97.0078 -6.93181e-08
     98.1046 -7.07921e-08
     99.2139 -7.23007e-08
