 0.000992177      3491.61
  0.00100339      3490.62
  0.00101474      3489.06
  0.00102621      3488.23
  0.00103782      3486.57
  0.00104955      3485.15
  0.00106142      3484.13
  0.00107342      3482.46
  0.00108555       3481.3
  0.00109783      3479.56
  0.00111024      3478.22
  0.00112279      3476.85
  0.00113549      3475.01
  0.00114833      3473.77
  0.00116131      3472.01
  0.00117444      3470.28
  0.00118772      3468.75
  0.00120115      3467.16
  0.00121473      3465.27
  0.00122846       3463.6
  0.00124235       3461.6
   0.0012564      3460.15
  0.00127061      3458.08
  0.00128497      3455.96
   0.0012995      3454.47
  0.00131419      3452.25
  0.00132905       3450.3
  0.00134408      3448.21
  0.00135928      3446.25
  0.00137465         3444
  0.00139019      3441.97
  0.00140591      3439.67
   0.0014218      3437.45
  0.00143788      3435.32
  0.00145413      3432.83
  0.00147058      3430.52
   0.0014872      3428.23
  0.00150402      3425.65
  0.00152102      3423.27
  0.00153822      3420.68
  0.00155561      3418.18
   0.0015732      3415.55
  0.00159099      3412.83
  0.00160898      3410.28
  0.00162717       3407.4
  0.00164557      3404.71
  0.00166417      3401.82
  0.00168299      3399.04
  0.00170202      3395.99
  0.00172126      3393.14
  0.00174072      3390.08
   0.0017604      3387.01
  0.00178031      3383.95
  0.00180044      3380.78
  0.00182079      3377.61
  0.00184138      3374.33
   0.0018622      3371.13
  0.00188326      3367.69
  0.00190455      3364.39
  0.00192608      3360.98
  0.00194786      3357.42
  0.00196988      3354.04
  0.00199216      3350.37
  0.00201468      3346.83
  0.00203746      3343.18
   0.0020605      3339.46
  0.00208379      3335.78
  0.00210735      3331.94
  0.00213118      3328.18
  0.00215528      3324.28
  0.00217965      3320.41
  0.00220429      3316.47
  0.00222921       3312.5
  0.00225442      3308.47
  0.00227991      3304.44
  0.00230568      3300.34
  0.00233175      3296.23
  0.00235812      3292.08
  0.00238478       3287.9
  0.00241174      3283.69
  0.00243901      3279.45
  0.00246659      3275.19
  0.00249448       3270.9
  0.00252268       3266.6
   0.0025512      3262.26
  0.00258005      3257.92
  0.00260922      3253.55
  0.00263872      3249.18
  0.00266856      3244.79
  0.00269873      3240.41
  0.00272924      3236.01
   0.0027601      3231.61
  0.00279131      3227.21
  0.00282287      3222.82
  0.00285478      3218.44
  0.00288706      3214.07
  0.00291971      3209.72
  0.00295272      3205.38
   0.0029861      3201.07
  0.00301986      3196.78
  0.00305401      3192.53
  0.00308854      3188.31
  0.00312346      3184.14
  0.00315878      3180.01
  0.00319449      3175.92
  0.00323061       3171.9
  0.00326714      3167.94
  0.00330408      3164.04
  0.00334143      3160.21
  0.00337921      3156.46
  0.00341742      3152.79
  0.00345606       3149.2
  0.00349514      3145.72
  0.00353465      3142.32
  0.00357462      3139.04
  0.00361503      3135.87
  0.00365591      3132.82
  0.00369724      3129.88
  0.00373905      3127.08
  0.00378132      3124.41
  0.00382408      3121.89
  0.00386731      3119.51
  0.00391104      3117.29
  0.00395526      3115.22
  0.00399998      3113.33
  0.00404521      3111.61
  0.00409094      3110.06
   0.0041372       3108.7
  0.00418397      3107.53
  0.00423128      3106.55
  0.00427912      3105.78
   0.0043275      3105.21
  0.00437643      3104.85
  0.00442592       3104.7
  0.00447596      3104.77
  0.00452656      3105.07
  0.00457774      3105.59
   0.0046295      3106.33
  0.00468185      3107.31
  0.00473478      3108.52
  0.00478832      3109.96
  0.00484245      3111.63
  0.00489721      3113.55
  0.00495258      3115.68
  0.00500857      3118.06
   0.0050652      3120.66
  0.00512247       3123.5
  0.00518039      3126.55
  0.00523896      3129.83
   0.0052982      3133.31
   0.0053581      3137.01
  0.00541868       3140.9
  0.00547995      3144.99
  0.00554191      3149.26
  0.00560457      3153.71
  0.00566794      3158.31
  0.00573202      3163.07
  0.00579683      3167.96
  0.00586237      3172.97
  0.00592866       3178.1
  0.00599569      3183.31
  0.00606348       3188.6
  0.00613204      3193.95
  0.00620137      3199.33
  0.00627148      3204.74
  0.00634239      3210.14
   0.0064141      3215.53
  0.00648662      3220.86
  0.00655997      3226.14
  0.00663414      3231.32
  0.00670914       3236.4
    0.006785      3241.34
  0.00686172      3246.14
   0.0069393      3250.75
  0.00701776      3255.16
   0.0070971      3259.35
  0.00717735      3263.31
   0.0072585      3266.99
  0.00734057      3270.41
  0.00742356      3273.52
   0.0075075      3276.32
  0.00759238      3278.79
  0.00767823      3280.93
  0.00776504      3282.71
  0.00785284      3284.14
  0.00794162      3285.21
  0.00803142      3285.91
  0.00812222      3286.26
  0.00821406      3286.25
  0.00830693      3285.88
  0.00840085      3285.18
  0.00849584      3284.16
   0.0085919      3282.84
  0.00868904      3281.23
  0.00878728      3279.38
  0.00888664       3277.3
  0.00898711      3275.03
  0.00908873      3272.61
  0.00919149      3270.09
  0.00929541      3267.49
  0.00940051      3264.89
   0.0095068      3262.31
  0.00961429      3259.83
  0.00972299      3257.48
  0.00983293      3255.33
   0.0099441      3253.43
   0.0100565      3251.83
   0.0101702      3250.59
   0.0102852      3249.77
   0.0104015      3249.41
   0.0105191      3249.56
   0.0106381      3250.26
   0.0107583      3251.55
     0.01088      3253.46
    0.011003      3256.01
   0.0111274      3259.22
   0.0112532      3263.11
   0.0113804      3267.66
   0.0115091      3272.87
   0.0116392      3278.72
   0.0117708      3285.18
   0.0119039      3292.21
   0.0120385      3299.76
   0.0121746      3307.76
   0.0123123      3316.15
   0.0124515      3324.84
   0.0125923      3333.76
   0.0127347      3342.82
   0.0128786       3351.9
   0.0130243      3360.93
   0.0131715      3369.79
   0.0133204       3378.4
   0.0134711      3386.65
   0.0136234      3394.46
   0.0137774      3401.75
   0.0139332      3408.46
   0.0140907      3414.53
     0.01425      3419.93
   0.0144111      3424.64
   0.0145741      3428.66
   0.0147389      3432.02
   0.0149055      3434.77
    0.015074      3436.97
   0.0152445      3438.73
   0.0154168      3440.15
   0.0155911      3441.37
   0.0157674      3442.53
   0.0159457      3443.81
    0.016126      3445.37
   0.0163083      3447.39
   0.0164927      3450.04
   0.0166792      3453.49
   0.0168678      3457.89
   0.0170585      3463.37
   0.0172514      3470.04
   0.0174464      3477.97
   0.0176437       3487.2
   0.0178432      3497.72
   0.0180449      3509.48
   0.0182489      3522.39
   0.0184553      3536.32
   0.0186639      3551.08
    0.018875      3566.48
   0.0190884      3582.27
   0.0193042       3598.2
   0.0195225         3614
   0.0197432      3629.44
   0.0199664      3644.25
   0.0201922      3658.26
   0.0204205       3671.3
   0.0206513      3683.27
   0.0208848      3694.15
    0.021121         3704
   0.0213598      3712.93
   0.0216013      3721.15
   0.0218455      3728.95
   0.0220925      3736.67
   0.0223423       3744.7
   0.0225949      3753.43
   0.0228504       3763.3
   0.0231088      3774.68
     0.02337      3787.91
   0.0236343      3803.25
   0.0239015      3820.83
   0.0241717      3840.71
    0.024445      3862.76
   0.0247214      3886.77
   0.0250009      3912.37
   0.0252836      3939.11
   0.0255695      3966.45
   0.0258586      3993.84
   0.0261509      4020.73
   0.0264466      4046.65
   0.0267456      4071.23
    0.027048      4094.27
   0.0273539      4115.78
   0.0276631      4135.97
   0.0279759      4155.26
   0.0282922      4174.28
   0.0286121      4193.78
   0.0289356      4214.61
   0.0292628      4237.61
   0.0295936      4263.55
   0.0299282      4292.98
   0.0302666      4326.23
   0.0306088      4363.31
   0.0309549      4403.88
   0.0313049      4447.29
   0.0316589      4492.63
   0.0320168      4538.81
   0.0323788      4584.74
   0.0327449      4629.44
   0.0331151      4672.21
   0.0334896      4712.73
   0.0338682      4751.22
   0.0342511      4788.39
   0.0346384      4825.39
     0.03503      4863.74
   0.0354261      4905.07
   0.0358267      4950.89
   0.0362317      5002.35
   0.0366414      5059.99
   0.0370557      5123.62
   0.0374746      5192.27
   0.0378983      5264.31
   0.0383268       5337.7
   0.0387602      5410.32
   0.0391984      5480.42
   0.0396416         5547
   0.0400898      5610.09
   0.0405431       5670.9
   0.0410015      5731.67
   0.0414651      5795.28
   0.0419339      5864.72
   0.0424081       5942.4
   0.0428875       6029.5
   0.0433725      6125.54
   0.0438628      6228.33
   0.0443588      6334.25
   0.0448603      6439.05
   0.0453675      6538.86
   0.0458805      6631.28
   0.0463992      6716.22
   0.0469239      6796.22
   0.0474544      6876.05
   0.0479909      6961.54
   0.0485336      7057.88
   0.0490823       7167.8
   0.0496373       7290.2
   0.0501985      7419.73
   0.0507661      7547.69
     0.05134      7664.32
   0.0519205      7761.87
   0.0525076       7837.7
   0.0531012      7896.14
   0.0537016      7948.24
   0.0543088       8008.7
   0.0549229      8090.52
   0.0555438      8198.31
   0.0561718      8322.61
    0.056807      8437.21
   0.0574492      8501.34
   0.0580988      8467.23
   0.0587557      8291.55
     0.05942      7947.95
   0.0600919      7436.53
   0.0607713      6786.85
   0.0614584      6052.41
   0.0621533      5297.77
    0.062856      4581.97
   0.0635667      3944.05
   0.0642854       3395.8
   0.0650123      2924.79
   0.0657473      2506.14
   0.0664907      2118.15
   0.0672425      1754.49
   0.0680028      1427.22
   0.0687716      1159.44
   0.0695492      971.457
   0.0703356      868.561
   0.0711308      838.122
   0.0719351       858.74
   0.0727484      916.956
   0.0735709      1021.08
   0.0744028      1201.56
    0.075244      1493.88
   0.0760947       1910.8
   0.0769551      2419.33
   0.0778252      2938.53
   0.0787051      3364.18
    0.079595      3611.03
    0.080495      3650.58
   0.0814051      3522.61
   0.0823255      3312.11
   0.0832563      3104.21
   0.0841976      2943.88
   0.0851496      2824.11
   0.0861124      2707.49
    0.087086      2563.05
   0.0880707      2390.79
   0.0890664      2217.31
   0.0900735      2069.61
   0.0910919       1951.6
   0.0921218       1843.6
   0.0931634      1723.67
   0.0942167      1589.48
    0.095282       1459.3
   0.0963593      1352.13
   0.0974488      1267.97
   0.0985506      1188.83
   0.0996649      1099.18
    0.100792      1002.96
    0.101931      918.044
    0.103084      854.705
    0.104249      803.388
    0.105428      746.569
     0.10662      680.297
    0.107826      618.414
    0.109045      573.917
    0.110278      541.517
    0.111524      504.757
    0.112785      458.351
    0.114061      414.984
     0.11535      386.579
    0.116655       366.68
    0.117973      339.949
    0.119307       305.13
    0.120656      276.466
     0.12202      260.889
      0.1234      246.757
    0.124795      222.828
    0.126206      196.723
    0.127633      181.681
    0.129076      173.518
    0.130536      158.045
    0.132012      136.457
    0.133504      122.963
    0.135014      118.171
     0.13654      107.943
    0.138084      90.6236
    0.139645      80.1458
    0.141224      78.0038
    0.142821      70.2036
    0.144436      56.2282
    0.146069      50.0697
     0.14772      50.1404
    0.149391       42.736
     0.15108      32.3718
    0.152788      31.4937
    0.154515      31.7807
    0.156262      23.4437
    0.158029      18.2671
    0.159816        21.13
    0.161623      17.9958
     0.16345      10.7759
    0.165298      12.4082
    0.167167      13.6858
    0.169057      7.17491
    0.170969      6.70035
    0.172902      10.0904
    0.174857      5.12159
    0.176834      3.12903
    0.178833      7.12771
    0.180855      3.40855
      0.1829      1.09826
    0.184968      5.23916
    0.187059      2.04354
    0.189174     0.247134
    0.191313      4.15654
    0.193476     0.536801
    0.195664    0.0367861
    0.197876      3.17446
    0.200114    -0.886943
    0.202376     0.755655
    0.204664      2.09104
    0.206978     -1.54282
    0.209319      1.91282
    0.211685     0.104284
    0.214079    -0.889446
    0.216499      1.97717
    0.218947     -1.60914
    0.221423      1.18874
    0.223926     0.169881
    0.226458    -0.877527
    0.229018      1.68357
    0.231608     -1.80206
    0.234226      1.56179
    0.236875    -0.988846
    0.239553     0.412871
    0.242261     0.384307
    0.245001    -0.843935
    0.247771      1.21154
    0.250572     -1.48689
    0.253405      1.49541
     0.25627     -1.38915
    0.259168      1.34888
    0.262098     -1.12101
    0.265062     0.901506
    0.268059    -0.805825
    0.271089     0.632772
    0.274154    -0.428142
    0.277254     0.410732
    0.280389    -0.316518
    0.283559     0.176596
    0.286765    -0.183685
    0.290008     0.175138
    0.293287   -0.0683029
    0.296603    0.0633338
    0.299956    -0.110426
    0.303348    0.0418166
    0.306777  -0.00190186
    0.310246    0.0629056
    0.313754   -0.0493499
    0.317301   -0.0188885
    0.320889   -0.0175413
    0.324517    0.0537357
    0.328186   0.00317808
    0.331897   -0.0187095
    0.335649   -0.0330685
    0.339444    0.0288366
    0.343282    0.0237094
    0.347164  -0.00475067
    0.351089   -0.0378599
    0.355059   0.00554099
    0.359073    0.0282511
    0.363133     0.007153
    0.367239   -0.0320331
    0.371391    -0.003238
     0.37559    0.0286919
    0.379837   0.00896277
    0.384131   -0.0346462
    0.388474  -0.00391835
    0.392867     0.031791
    0.397309   0.00146197
    0.401801   -0.0359727
    0.406344   0.00910856
    0.410938     0.032984
    0.415584    -0.016148
    0.420283   -0.0270116
    0.425035    0.0265954
    0.429841    0.0119007
    0.434701   -0.0308791
    0.439616   0.00509945
    0.444586    0.0289822
    0.449613   -0.0224374
    0.454697   -0.0134501
    0.459838    0.0283062
    0.465037  -0.00679198
    0.470295   -0.0230387
    0.475612    0.0224654
     0.48099   0.00629367
    0.486428   -0.0209624
    0.491928    0.0150634
     0.49749   0.00733092
    0.503115   -0.0241709
    0.508803     0.014008
    0.514556   0.00942644
    0.520374   -0.0231092
    0.526258    0.0167555
    0.532208   0.00407173
    0.538225   -0.0219466
    0.544311    0.0240593
    0.550465  -0.00918365
    0.556689   -0.0102917
    0.562983     0.023048
    0.569348   -0.0241441
    0.575786    0.0120115
    0.582296   0.00559015
     0.58888    -0.017659
    0.595538    0.0240986
    0.602271   -0.0171738
    0.609081   0.00528772
    0.615967   0.00280521
    0.622932    -0.012873
    0.629975    0.0197922
    0.637098   -0.0179479
    0.644301    0.0128247
    0.651586  -0.00589987
    0.658953 -0.000849485
    0.666404   0.00759857
    0.673939   -0.0130381
    0.681558    0.0166648
    0.689264   -0.0173255
    0.697058    0.0177968
    0.704939   -0.0164119
    0.712909    0.0149522
     0.72097   -0.0129049
    0.729122    0.0109691
    0.737365  -0.00896445
    0.745702   0.00741543
    0.754134  -0.00589615
     0.76266   0.00390845
    0.771283  -0.00248173
    0.780004   0.00400296
    0.788823  -0.00266957
    0.797742   0.00147554
    0.806762  -0.00161018
    0.815883   0.00190684
    0.825108 -0.000654705
    0.834437  0.000961214
    0.843872  -0.00119125
    0.853413  0.000267132
    0.863062    -0.000144
    0.872821  0.000718204
    0.882689  0.000340604
    0.892669  0.000803647
    0.902762  -0.00134165
    0.912969   0.00129086
    0.923292 -0.000306659
    0.933731  3.05004e-05
    0.944288 -0.000384323
    0.954965  0.000427092
    0.965762  0.000163293
    0.976682 -7.50922e-05
    0.987725   0.00026069
    0.998892  4.36442e-05
     1.01019 -0.000210121
     1.02161   0.00104879
     1.03316  -0.00052489
     1.04484  -0.00040859
     1.05665  0.000316609
      1.0686  0.000332187
     1.08068  0.000310648
      1.0929 -0.000201935
     1.10526  0.000356984
     1.11776 -0.000134723
     1.13039  0.000240517
     1.14317 -1.51857e-05
      1.1561 -5.93727e-05
     1.16917  0.000330982
     1.18239  0.000172393
     1.19576  0.000304745
     1.20928  0.000266555
     1.22295 -0.000404411
     1.23678  0.000224393
     1.25076  0.000243889
      1.2649 -3.40358e-05
     1.27921  0.000425453
     1.29367 -6.12503e-05
      1.3083  0.000220914
     1.32309  0.000119024
     1.33805 -0.000196642
     1.35318  0.000148818
     1.36848  0.000247645
     1.38395  0.000369224
      1.3996 -0.000230686
     1.41542  0.000319484
     1.43143 -5.09067e-05
     1.44761 -0.000100923
     1.46398   0.00041008
     1.48053  4.32526e-05
     1.49727  0.000237299
      1.5142  9.52269e-05
     1.53132 -0.000249421
     1.54863  0.000335856
     1.56614  0.000231277
     1.58385 -3.28492e-05
     1.60176  0.000213079
     1.61987  7.15138e-05
     1.63818  -2.7634e-05
     1.65671  0.000238981
     1.67544  0.000296895
     1.69438  1.67289e-05
     1.71354 -0.000105798
     1.73291  0.000246699
     1.75251 -1.76858e-05
     1.77232  0.000280661
     1.79236  0.000195411
     1.81262 -0.000117061
     1.83312  0.000126064
     1.85384  0.000194332
     1.87481  0.000148764
       1.896  7.80737e-05
     1.91744  3.56184e-05
     1.93912  0.000139433
     1.96104  0.000187775
     1.98322  0.000145601
     2.00564  2.31816e-05
     2.02832  9.98994e-05
     2.05125  0.000244569
     2.07444  2.19673e-05
      2.0979  0.000163929
     2.12162 -6.60916e-05
     2.14561  0.000289129
     2.16987  6.16232e-05
      2.1944  2.35537e-05
     2.21921  0.000122626
      2.2443  0.000134748
     2.26968  0.000174435
     2.29534 -2.39022e-05
     2.32129  0.000161136
     2.34754  0.000183248
     2.37408  7.14528e-05
     2.40092  0.000104767
     2.42807  0.000109932
     2.45552  0.000206053
     2.48328  -1.0347e-05
     2.51136  0.000168873
     2.53976  0.000120869
     2.56847  9.58125e-05
     2.59751  4.34487e-05
     2.62688  0.000206962
     2.65658  6.99674e-05
     2.68662  6.85629e-05
       2.717  0.000146213
     2.74772  0.000130428
     2.77878   5.5329e-05
      2.8102  0.000152149
     2.84198  0.000111789
     2.87411  5.38575e-05
      2.9066  0.000168865
     2.93947  0.000129419
      2.9727  5.71216e-05
     3.00631  0.000166256
      3.0403  0.000101737
     3.07468  7.80342e-05
     3.10944  0.000156549
      3.1446  7.17497e-05
     3.18016  9.07465e-05
     3.21611  0.000150938
     3.25248   4.5437e-05
     3.28925   0.00015605
     3.32644  0.000134743
     3.36405   6.7952e-05
     3.40209  0.000146442
     3.44055  8.48366e-05
     3.47945  0.000139576
     3.51879  9.96846e-05
     3.55858  6.58685e-05
     3.59881  0.000166905
      3.6395  6.07694e-05
     3.68065  0.000139625
     3.72227  9.90263e-05
     3.76436  0.000110242
     3.80692  0.000128246
     3.84996  9.14258e-05
     3.89349  0.000143894
     3.93751  7.67245e-05
     3.98203  0.000135904
     4.02705  7.55715e-05
     4.07259  0.000133108
     4.11863  8.50574e-05
      4.1652  0.000131928
     4.21229  0.000101047
     4.25992   0.00012679
     4.30809  9.81569e-05
      4.3568   0.00011719
     4.40606    9.837e-05
     4.45587   0.00012528
     4.50625  0.000104912
      4.5572  0.000111798
     4.60873  0.000113555
     4.66084  0.000104409
     4.71354  0.000111495
     4.76683  0.000106441
     4.82073  0.000113453
     4.87523  0.000104726
     4.93035  0.000111237
      4.9861  0.000110035
     5.04247  0.000119336
     5.09949  0.000116266
     5.15714  0.000103994
     5.21545  0.000108755
     5.27442  9.92389e-05
     5.33406  0.000103626
     5.39437  0.000115596
     5.45536  0.000117257
     5.51704  0.000123837
     5.57942  0.000109611
      5.6425  0.000113272
      5.7063   9.5148e-05
     5.77082  0.000104915
     5.83607  0.000110503
     5.90205  0.000114703
     5.96878  0.000112531
     6.03627  0.000118981
     6.10452  0.000107507
     6.17354  0.000112759
     6.24334  0.000105647
     6.31393  0.000104608
     6.38532   0.00010759
     6.45752   0.00011098
     6.53053  0.000118589
     6.60437  0.000110138
     6.67904  0.000115606
     6.75456  0.000103775
     6.83093  0.000108676
     6.90816  0.000106273
     6.98627  0.000113676
     7.06526  0.000114667
     7.14514  0.000111738
     7.22593  0.000108265
     7.30763  0.000108989
     7.39025  0.000107929
     7.47381  0.000111905
     7.55831  0.000109065
     7.64377  0.000112261
      7.7302  0.000106912
      7.8176  0.000112976
     7.90599  0.000114826
     7.99538  0.000109674
     8.08578  0.000103708
      8.1772  0.000109056
     8.26966  0.000115136
     8.36316  0.000113959
     8.45772  0.000106019
     8.55334  0.000109856
     8.65005  0.000110602
     8.74785  0.000110129
     8.84676  0.000109225
     8.94679  0.000114118
     9.04795  0.000110038
     9.15025  0.000108083
      9.2537  0.000108457
     9.35833  0.000111221
     9.46414  0.000111745
     9.57115  0.000111818
     9.67936  0.000109383
      9.7888  0.000108457
     9.89948  0.000110191
     10.0114  0.000113266
     10.1246  0.000109871
     10.2391  0.000109135
     10.3548  0.000110383
     10.4719  0.000111489
     10.5903  0.000109846
     10.7101  0.000110167
     10.8312  0.000110351
     10.9536  0.000110193
     11.0775  0.000110662
     11.2027   0.00010813
     11.3294  0.000111267
     11.4575  0.000111585
      11.587    0.0001105
      11.718  0.000108094
     11.8505  0.000110896
     11.9845  0.000113438
       12.12  0.000107873
      12.257  0.000109687
     12.3956  0.000111191
     12.5358   0.00011098
     12.6775  0.000108966
     12.8209  0.000110202
     12.9658  0.000111408
     13.1124  0.000109754
     13.2607  0.000110729
     13.4106   0.00010977
     13.5622  0.000111264
     13.7156  0.000109531
     13.8707  0.000110586
     14.0275  0.000111613
     14.1861  0.000108426
     14.3465  0.000110798
     14.5087   0.00011126
     14.6727  0.000109151
     14.8386  0.000110403
     15.0064  0.000110971
     15.1761  0.000109843
     15.3477  0.000110266
     15.5212  0.000110162
     15.6967  0.000110499
     15.8742  0.000109638
     16.0536  0.000110533
     16.2351  0.000110361
     16.4187  0.000110384
     16.6043  0.000110601
     16.7921  0.000109961
     16.9819  0.000110709
      17.174  0.000110062
     17.3681  0.000110318
     17.5645  0.000110424
     17.7631  0.000110598
     17.9639  0.000109262
      18.167  0.000111782
     18.3725  0.000108774
     18.5802  0.000110837
     18.7903  0.000111002
     19.0027  0.000108893
     19.2176  0.000111536
     19.4349  0.000109757
     19.6546  0.000109801
     19.8768  0.000111192
     20.1016  0.000109405
     20.3288  0.000110849
     20.5587  0.000110148
     20.7911  0.000109889
     21.0262  0.000110747
     21.2639  0.000109854
     21.5044  0.000110516
     21.7475  0.000110298
     21.9934  0.000110013
     22.2421  0.000110825
     22.4935  0.000109425
     22.7479  0.000110865
     23.0051  0.000110008
     23.2652  0.000110549
     23.5282  0.000109973
     23.7942  0.000110239
     24.0633   0.00011029
     24.3353  0.000110185
     24.6105  0.000110212
     24.8888  0.000110206
     25.1702  0.000110439
     25.4547  0.000110039
     25.7425  0.000110188
     26.0336  0.000110367
      26.328  0.000110195
     26.6256  0.000110214
     26.9267  0.000110186
     27.2311  0.000110174
      27.539  0.000110179
     27.8504   0.00011023
     28.1653  0.000110172
     28.4837  0.000110212
     28.8058  0.000110253
     29.1315  0.000110143
     29.4609  0.000110248
      29.794  0.000110185
     30.1308  0.000110139
     30.4715  0.000110193
      30.816  0.000110151
     31.1644  0.000110222
     31.5168   0.00011011
     31.8731  0.000110112
     32.2335   0.00011018
      32.598  0.000110119
     32.9665  0.000110208
     33.3393  0.000110131
     33.7162  0.000110174
     34.0974  0.000110133
      34.483  0.000110078
     34.8729  0.000110116
     35.2671   0.00011012
     35.6659  0.000110161
     36.0691  0.000110063
      36.477  0.000110113
     36.8894  0.000110126
     37.3065  0.000110023
     37.7283  0.000110115
     38.1549  0.000110078
     38.5863  0.000110092
     39.0225  0.000110048
     39.4638  0.000110069
       39.91  0.000110056
     40.3612  0.000110029
     40.8175  0.000110026
      41.279   0.00011005
     41.7458   0.00011006
     42.2178  0.000110005
     42.6951  0.000109982
     43.1778   0.00011003
      43.666  0.000109971
     44.1597  0.000109999
      44.659  0.000110023
      45.164  0.000109924
     45.6746  0.000109962
      46.191  0.000109942
     46.7133  0.000109968
     47.2415  0.000109963
     47.7756  0.000109925
     48.3158  0.000109905
     48.8621  0.000109891
     49.4145  0.000109924
     49.9732  0.000109896
     50.5383  0.000109832
     51.1097  0.000109896
     51.6875  0.000109848
      52.272  0.000109859
      52.863  0.000109843
     53.4607  0.000109828
     54.0651  0.000109807
     54.6764  0.000109804
     55.2946  0.000109772
     55.9198  0.000109782
     56.5521  0.000109736
     57.1915  0.000109796
     57.8381   0.00010974
      58.492  0.000109714
     59.1534    0.0001097
     59.8222  0.000109701
     60.4986  0.000109654
     61.1826  0.000109699
     61.8744  0.000109648
      62.574  0.000109622
     63.2815  0.000109609
      63.997  0.000109635
     64.7205  0.000109573
     65.4523  0.000109572
     66.1923  0.000109538
     66.9408  0.000109542
     67.6976  0.000109519
      68.463  0.000109498
     69.2371  0.000109482
       70.02   0.00010946
     70.8116  0.000109428
     71.6123   0.00010943
      72.422  0.000109404
     73.2408  0.000109383
     74.0689  0.000109343
     74.9064  0.000109347
     75.7533  0.000109309
     76.6098  0.000109285
      77.476   0.00010928
      78.352  0.000109237
     79.2379  0.000109215
     80.1338    0.0001092
     81.0398  0.000109159
     81.9561  0.000109154
     82.8827  0.000109116
     83.8198  0.000109086
     84.7676  0.000109063
      85.726  0.000109032
     86.6952  0.000109004
     87.6755  0.000108982
     88.6668  0.000108944
     89.6693  0.000108911
     90.6831  0.000108882
     91.7084  0.000108859
     92.7454  0.000108814
      93.794  0.000108789
     94.8545  0.000108755
     95.9269  0.000108713
     97.0115  0.000108681
     98.1084  0.000108652
     99.2177  0.000108609
