 0.000992177     -12.7609
  0.00100339      -12.684
  0.00101474     -12.6055
  0.00102621     -12.5254
  0.00103782     -12.4439
  0.00104955     -12.3608
  0.00106142     -12.2758
  0.00107342     -12.1895
  0.00108555     -12.1013
  0.00109783     -12.0116
  0.00111024       -11.92
  0.00112279     -11.8268
  0.00113549     -11.7318
  0.00114833      -11.635
  0.00116131     -11.5364
  0.00117444      -11.436
  0.00118772     -11.3336
  0.00120115     -11.2294
  0.00121473     -11.1233
  0.00122846     -11.0153
  0.00124235     -10.9053
   0.0012564     -10.7933
  0.00127061     -10.6793
  0.00128497     -10.5634
   0.0012995     -10.4452
  0.00131419     -10.3252
  0.00132905      -10.203
  0.00134408     -10.0787
  0.00135928     -9.95223
  0.00137465     -9.82372
  0.00139019     -9.69293
  0.00140591     -9.56007
   0.0014218     -9.42493
  0.00143788     -9.28761
  0.00145413     -9.14807
  0.00147058     -9.00631
   0.0014872     -8.86223
  0.00150402       -8.716
  0.00152102      -8.5674
  0.00153822     -8.41661
  0.00155561     -8.26345
   0.0015732     -8.10808
  0.00159099     -7.95038
  0.00160898      -7.7904
  0.00162717     -7.62813
  0.00164557     -7.46359
  0.00166417     -7.29674
  0.00168299     -7.12764
  0.00170202     -6.95628
  0.00172126     -6.78265
  0.00174072     -6.60679
   0.0017604     -6.42874
  0.00178031     -6.24844
  0.00180044     -6.06603
  0.00182079     -5.88141
  0.00184138     -5.69474
   0.0018622     -5.50592
  0.00188326     -5.31513
  0.00190455     -5.12226
  0.00192608     -4.92749
  0.00194786     -4.73079
  0.00196988     -4.53222
  0.00199216     -4.33187
  0.00201468     -4.12979
  0.00203746     -3.92602
   0.0020605     -3.72069
  0.00208379     -3.51379
  0.00210735     -3.30552
  0.00213118     -3.09584
  0.00215528     -2.88496
  0.00217965     -2.67288
  0.00220429      -2.4598
  0.00222921     -2.24575
  0.00225442     -2.03092
  0.00227991     -1.81536
  0.00230568     -1.59928
  0.00233175     -1.38274
  0.00235812     -1.16597
  0.00238478    -0.949045
  0.00241174    -0.732197
  0.00243901     -0.51553
  0.00246659    -0.299278
  0.00249448   -0.0835747
  0.00252268     0.131339
   0.0025512     0.345308
  0.00258005     0.558079
  0.00260922     0.769478
  0.00263872     0.979235
  0.00266856      1.18716
  0.00269873      1.39296
  0.00272924      1.59644
   0.0027601      1.79728
  0.00279131      1.99526
  0.00282287      2.19006
  0.00285478      2.38145
  0.00288706      2.56906
  0.00291971      2.75266
  0.00295272      2.93188
   0.0029861      3.10645
  0.00301986        3.276
  0.00305401      3.44024
  0.00308854      3.59878
  0.00312346      3.75132
  0.00315878      3.89747
  0.00319449      4.03691
  0.00323061      4.16923
  0.00326714       4.2941
  0.00330408      4.41112
  0.00334143      4.51995
  0.00337921      4.62017
  0.00341742      4.71145
  0.00345606      4.79337
  0.00349514      4.86559
  0.00353465      4.92771
  0.00357462      4.97938
  0.00361503      5.02021
  0.00365591      5.04988
  0.00369724      5.06799
  0.00373905      5.07426
  0.00378132       5.0683
  0.00382408      5.04985
  0.00386731      5.01858
  0.00391104      4.97422
  0.00395526       4.9165
  0.00399998      4.84521
  0.00404521      4.76009
  0.00409094      4.66101
   0.0041372      4.54778
  0.00418397       4.4203
  0.00423128      4.27846
  0.00427912      4.12226
   0.0043275      3.95166
  0.00437643      3.76674
  0.00442592      3.56756
  0.00447596       3.3543
  0.00452656      3.12715
  0.00457774      2.88639
   0.0046295      2.63233
  0.00468185       2.3654
  0.00473478      2.08604
  0.00478832      1.79484
  0.00484245      1.49238
  0.00489721       1.1794
  0.00495258      0.85668
  0.00500857     0.525131
   0.0050652     0.185703
  0.00512247    -0.160492
  0.00518039    -0.512309
  0.00523896    -0.868435
   0.0052982     -1.22751
   0.0053581     -1.58802
  0.00541868     -1.94838
  0.00547995     -2.30686
  0.00554191     -2.66164
  0.00560457     -3.01078
  0.00566794     -3.35224
  0.00573202     -3.68383
  0.00579683     -4.00332
  0.00586237     -4.30829
  0.00592866      -4.5963
  0.00599569     -4.86474
  0.00606348     -5.11095
  0.00613204     -5.33216
  0.00620137     -5.52553
  0.00627148     -5.68812
  0.00634239     -5.81698
   0.0064141     -5.90906
  0.00648662      -5.9613
  0.00655997     -5.97058
  0.00663414     -5.93382
  0.00670914     -5.84788
    0.006785     -5.70971
  0.00686172     -5.51625
   0.0069393     -5.26455
  0.00701776      -4.9517
   0.0070971     -4.57494
  0.00717735     -4.13162
   0.0072585     -3.61927
  0.00734057     -3.03558
  0.00742356     -2.37851
   0.0075075     -1.64621
  0.00759238    -0.837166
  0.00767823    0.0498829
  0.00776504       1.0158
  0.00785284      2.06113
  0.00794162      3.18597
  0.00803142         4.39
  0.00812222      5.67243
  0.00821406      7.03199
  0.00830693      8.46686
  0.00840085      9.97471
  0.00849584      11.5526
   0.0085919      13.1971
  0.00868904       14.904
  0.00878728      16.6687
  0.00888664      18.4858
  0.00898711      20.3493
  0.00908873      22.2527
  0.00919149      24.1889
  0.00929541      26.1499
  0.00940051      28.1276
   0.0095068      30.1131
  0.00961429       32.097
  0.00972299      34.0696
  0.00983293      36.0207
   0.0099441      37.9398
   0.0100565      39.8163
   0.0101702      41.6392
   0.0102852      43.3977
   0.0104015      45.0809
   0.0105191      46.6781
   0.0106381      48.1788
   0.0107583      49.5729
     0.01088      50.8509
    0.011003      52.0038
   0.0111274      53.0235
   0.0112532      53.9026
   0.0113804      54.6349
   0.0115091      55.2153
   0.0116392      55.6397
   0.0117708      55.9058
   0.0119039      56.0123
   0.0120385      55.9595
   0.0121746      55.7496
   0.0123123      55.3859
   0.0124515      54.8737
   0.0125923      54.2197
   0.0127347      53.4322
   0.0128786      52.5211
   0.0130243      51.4976
   0.0131715      50.3741
   0.0133204      49.1643
   0.0134711      47.8828
   0.0136234      46.5448
   0.0137774      45.1662
   0.0139332      43.7629
   0.0140907      42.3509
     0.01425      40.9458
   0.0144111      39.5626
   0.0145741      38.2154
   0.0147389      36.9171
   0.0149055      35.6789
    0.015074      34.5107
   0.0152445        33.42
   0.0154168      32.4124
   0.0155911      31.4911
   0.0157674      30.6572
   0.0159457      29.9091
    0.016126      29.2432
   0.0163083      28.6535
   0.0164927      28.1322
   0.0166792      27.6694
   0.0168678      27.2542
   0.0170585      26.8742
   0.0172514      26.5169
   0.0174464      26.1691
   0.0176437      25.8181
   0.0178432      25.4522
   0.0180449      25.0606
   0.0182489      24.6344
   0.0184553      24.1668
   0.0186639      23.6532
    0.018875      23.0918
   0.0190884      22.4834
   0.0193042      21.8314
   0.0195225      21.1419
   0.0197432      20.4233
   0.0199664      19.6858
   0.0201922      18.9411
   0.0204205      18.2017
   0.0206513      17.4803
   0.0208848      16.7891
    0.021121      16.1391
   0.0213598      15.5394
   0.0216013      14.9966
   0.0218455      14.5146
   0.0220925      14.0942
   0.0223423      13.7326
   0.0225949      13.4242
   0.0228504      13.1603
   0.0231088      12.9299
     0.02337      12.7203
   0.0236343      12.5181
   0.0239015      12.3099
   0.0241717      12.0834
    0.024445      11.8282
   0.0247214       11.537
   0.0250009      11.2058
   0.0252836      10.8345
   0.0255695      10.4268
   0.0258586      9.99043
   0.0261509        9.536
   0.0264466      9.07651
   0.0267456      8.62609
    0.027048       8.1988
   0.0273539      7.80722
   0.0276631      7.46128
   0.0279759      7.16718
   0.0282922      6.92666
   0.0286121       6.7367
   0.0289356      6.58975
   0.0292628      6.47433
   0.0295936      6.37625
   0.0299282      6.28005
   0.0302666      6.17078
   0.0306088      6.03571
   0.0309549       5.8659
   0.0313049      5.65738
   0.0316589      5.41179
   0.0320168      5.13626
   0.0323788      4.84265
   0.0327449      4.54605
   0.0331151      4.26282
   0.0334896      4.00829
   0.0338682      3.79457
   0.0342511      3.62861
   0.0346384      3.51109
     0.03503      3.43607
   0.0354261      3.39173
   0.0358267      3.36206
   0.0362317      3.32938
   0.0366414      3.27717
   0.0370557      3.19293
   0.0374746      3.07043
   0.0378983      2.91096
   0.0383268      2.72334
   0.0387602      2.52239
   0.0391984      2.32629
   0.0396416      2.15315
   0.0400898       2.0173
   0.0405431      1.92633
   0.0410015      1.87926
   0.0414651      1.86652
   0.0419339      1.87172
   0.0424081      1.87516
   0.0428875      1.85813
   0.0433725       1.8073
   0.0438628      1.71797
   0.0443588      1.59549
   0.0448603      1.45415
   0.0453675      1.31378
   0.0458805      1.19475
   0.0463992      1.11259
   0.0469239      1.07355
   0.0474544      1.07268
   0.0479909      1.09481
   0.0485336      1.11869
   0.0490823      1.12308
   0.0496373      1.09313
   0.0501985      1.02512
   0.0507661     0.927939
     0.05134     0.820509
   0.0519205     0.725802
   0.0525076     0.663132
   0.0531012     0.641393
   0.0537016     0.655559
   0.0543088     0.688118
   0.0549229     0.715111
   0.0555438     0.714993
   0.0561718     0.676934
    0.056807     0.605405
   0.0574492     0.518751
   0.0580988     0.442067
   0.0587557     0.396792
     0.05942     0.391429
   0.0600919     0.417396
   0.0607713     0.452425
   0.0614584     0.470331
   0.0621533     0.453202
    0.062856     0.400173
   0.0635667      0.32838
   0.0642854     0.264874
   0.0650123     0.233134
   0.0657473     0.240647
   0.0664907     0.274468
   0.0672425     0.307587
   0.0680028     0.313543
   0.0687716     0.281406
   0.0695492     0.222601
   0.0703356     0.164737
   0.0711308     0.135397
   0.0719351        0.145
   0.0727484     0.179711
   0.0735709     0.209556
   0.0744028     0.207713
    0.075244     0.168621
   0.0760947     0.112533
   0.0769551     0.072109
   0.0778252    0.0694905
   0.0787051    0.0997664
    0.079595     0.133854
    0.080495     0.139866
   0.0814051     0.107878
   0.0823255    0.0584408
   0.0832563    0.0269111
   0.0841976    0.0345902
   0.0851496     0.070301
   0.0861124    0.0988987
    0.087086    0.0913973
   0.0880707    0.0510375
   0.0890664    0.0112876
   0.0900735   0.00542657
   0.0910919    0.0348916
   0.0921218    0.0669354
   0.0931634    0.0661946
   0.0942167     0.030365
    0.095282  -0.00642098
   0.0963593  -0.00851589
   0.0974488    0.0231432
   0.0985506    0.0511178
   0.0996649    0.0423839
    0.100792   0.00589746
    0.101931   -0.0168971
    0.103084 -0.000562491
    0.104249    0.0332525
    0.105428    0.0413736
     0.10662    0.0128416
    0.107826   -0.0165812
    0.109045   -0.0101969
    0.110278    0.0208705
    0.111524    0.0322331
    0.112785   0.00721828
    0.114061   -0.0191377
     0.11535   -0.0098531
    0.116655     0.019879
    0.117973    0.0247585
    0.119307  -0.00194664
    0.120656   -0.0178294
     0.12202   0.00178889
      0.1234    0.0237025
    0.124795    0.0110845
    0.126206   -0.0147501
    0.127633   -0.0102382
    0.129076    0.0146946
    0.130536    0.0141263
    0.132012   -0.0108033
    0.133504   -0.0134418
    0.135014    0.0108304
     0.13654     0.015159
    0.138084  -0.00806908
    0.139645   -0.0116549
    0.141224    0.0112458
    0.142821     0.012324
    0.144436   -0.0112367
    0.146069   -0.0095354
     0.14772    0.0126523
    0.149391   0.00552681
     0.15108   -0.0145671
    0.152788 -0.000940713
    0.154515    0.0152683
    0.156262  -0.00350087
    0.158029   -0.0116909
    0.159816    0.0102955
    0.161623   0.00709568
     0.16345   -0.0140042
    0.165298 -7.99726e-05
    0.167167    0.0122468
    0.169057  -0.00872484
    0.170969  -0.00591713
    0.172902    0.0135603
    0.174857  -0.00290784
    0.176834  -0.00910635
    0.178833    0.0109332
    0.180855  -0.00149613
      0.1829    -0.010369
    0.184968   0.00963415
    0.187059 -0.000546555
    0.189174  -0.00777258
    0.191313    0.0103842
    0.193476  -0.00275432
    0.195664  -0.00571132
    0.197876   0.00851349
    0.200114  -0.00700623
    0.202376 -0.000487286
    0.204664   0.00671014
    0.206978  -0.00759305
    0.209319   0.00627145
    0.211685   -0.0007796
    0.214079  -0.00503069
    0.216499   0.00678897
    0.218947  -0.00741376
    0.221423   0.00490309
    0.223926  0.000416025
    0.226458  -0.00361919
    0.229018   0.00667992
    0.231608  -0.00856691
    0.234226   0.00670951
    0.236875  -0.00470048
    0.239553   0.00228298
    0.242261   0.00177777
    0.245001  -0.00405728
    0.247771   0.00534072
    0.250572  -0.00720664
    0.253405   0.00703191
     0.25627  -0.00615734
    0.259168   0.00620931
    0.262098  -0.00500399
    0.265062    0.0035524
    0.268059  -0.00339975
    0.271089    0.0024984
    0.274154  -0.00135071
    0.277254   0.00149776
    0.280389  -0.00115188
    0.283559  0.000296117
    0.286765 -0.000571146
    0.290008  0.000678949
    0.293287  4.26021e-05
    0.296603    0.0001158
    0.299956 -0.000538383
    0.303348  -3.8572e-05
    0.306777  0.000178022
    0.310246  0.000413824
    0.313754  -0.00018526
    0.317301 -0.000338816
    0.320889 -0.000126173
    0.324517   0.00041881
    0.328186  0.000207504
    0.331897 -0.000251636
    0.335649 -0.000372206
    0.339444  0.000208486
    0.343282  0.000364989
    0.347164 -8.46663e-05
    0.351089 -0.000427501
    0.355059  3.88571e-05
    0.359073  0.000392677
    0.363133  3.02447e-05
    0.367239 -0.000395839
    0.371391 -1.28946e-05
     0.37559  0.000360334
    0.379837  1.68899e-05
    0.384131 -0.000355382
    0.388474  2.18324e-05
    0.392867  0.000315179
    0.397309 -5.69836e-05
    0.401801 -0.000290506
    0.406344   0.00011309
    0.410938  0.000234594
    0.415584  -0.00016054
    0.420283 -0.000186411
    0.425035  0.000216111
    0.429841  0.000107869
    0.434701 -0.000245804
    0.439616 -2.28661e-06
    0.444586  0.000250221
    0.449613 -0.000141279
    0.454697 -0.000181574
    0.459838  0.000255049
    0.465037  7.60815e-06
    0.470295 -0.000263981
    0.475612  0.000212089
     0.48099  8.95047e-05
    0.486428 -0.000293874
    0.491928  0.000176778
     0.49749  0.000109634
    0.503115 -0.000282606
    0.508803  0.000189394
    0.514556  6.31343e-05
    0.520374 -0.000246383
    0.526258  0.000213018
    0.532208 -2.15776e-05
    0.538225 -0.000165146
    0.544311  0.000218033
    0.550465 -0.000114886
    0.556689 -6.02974e-05
    0.562983  0.000176473
    0.569348 -0.000178496
    0.575786  7.55728e-05
    0.582296  6.76254e-05
     0.58888 -0.000178102
    0.595538  0.000200595
    0.602271 -0.000141464
    0.609081  3.01323e-05
    0.615967  9.24989e-05
    0.622932 -0.000186518
    0.629975  0.000223733
    0.637098   -0.0002153
    0.644301  0.000164611
    0.651586 -8.86546e-05
    0.658953   8.7504e-06
    0.666404  5.82872e-05
    0.673939 -0.000113127
    0.681558  0.000146259
    0.689264 -0.000163177
    0.697058  0.000162689
    0.704939  -0.00015514
    0.712909  0.000141396
     0.72097 -0.000121642
    0.729122  9.92295e-05
    0.737365  -8.6317e-05
    0.745702  6.96724e-05
    0.754134 -5.41029e-05
     0.76266   4.3183e-05
    0.771283 -3.60012e-05
    0.780004  2.68486e-05
    0.788823 -2.11291e-05
    0.797742  1.51855e-05
    0.806762 -1.46534e-05
    0.815883  1.08805e-05
    0.825108 -7.65121e-06
    0.834437  5.58888e-06
    0.843872  -5.9802e-06
    0.853413  3.99618e-06
    0.863062 -4.06097e-06
    0.872821  1.11537e-06
    0.882689 -2.18965e-06
    0.892669  2.96855e-06
    0.902762 -3.12935e-06
    0.912969  -5.1708e-08
    0.923292 -1.31003e-06
    0.933731  1.21371e-06
    0.944288 -1.85976e-06
    0.954965  5.12161e-07
    0.965762  -1.1003e-06
    0.976682  -5.5971e-07
    0.987725 -6.40642e-07
    0.998892    1.429e-07
     1.01019  -1.3803e-06
     1.02161 -3.59463e-07
     1.03316  5.09191e-07
     1.04484 -1.26949e-06
     1.05665 -1.39656e-06
      1.0686  6.34457e-07
     1.08068 -4.00532e-07
      1.0929 -6.53063e-07
     1.10526 -1.12289e-06
     1.11776 -7.92095e-07
     1.13039  4.82027e-07
     1.14317 -9.44331e-08
      1.1561 -1.76461e-06
     1.16917  -1.9606e-07
     1.18239   1.1261e-08
     1.19576  -9.1984e-07
     1.20928 -4.78373e-07
     1.22295 -4.73038e-07
     1.23678 -3.64784e-07
     1.25076 -5.04705e-07
      1.2649 -7.67411e-07
     1.27921 -2.69727e-08
     1.29367 -1.21258e-06
      1.3083 -1.59499e-08
     1.32309 -3.61631e-07
     1.33805 -9.74263e-07
     1.35318 -3.41544e-07
     1.36848 -2.71514e-07
     1.38395 -6.35448e-07
      1.3996 -9.30366e-07
     1.41542 -7.92704e-08
     1.43143  -4.2828e-07
     1.44761 -8.09079e-07
     1.46398 -3.03203e-07
     1.48053 -6.24549e-07
     1.49727  -5.0599e-07
      1.5142 -4.34641e-07
     1.53132 -5.63976e-07
     1.54863 -4.60827e-07
     1.56614 -3.92334e-07
     1.58385 -8.64538e-07
     1.60176 -2.74432e-07
     1.61987 -3.78871e-07
     1.63818 -7.72213e-07
     1.65671 -4.24403e-07
     1.67544 -4.28653e-07
     1.69438 -5.77545e-07
     1.71354  -5.9222e-07
     1.73291 -2.83732e-07
     1.75251 -5.21997e-07
     1.77232 -8.45606e-07
     1.79236 -1.06324e-07
     1.81262  -7.7565e-07
     1.83312 -4.24284e-07
     1.85384 -4.44728e-07
     1.87481 -6.83217e-07
       1.896 -3.88043e-07
     1.91744 -5.01744e-07
     1.93912 -4.86861e-07
     1.96104 -6.42053e-07
     1.98322 -2.76749e-07
     2.00564 -7.73891e-07
     2.02832 -2.24743e-07
     2.05125 -7.46505e-07
     2.07444 -3.90911e-07
      2.0979  -5.4951e-07
     2.12162 -4.73024e-07
     2.14561 -5.60968e-07
     2.16987 -4.70178e-07
      2.1944 -5.94332e-07
     2.21921 -3.26939e-07
      2.2443 -7.65689e-07
     2.26968 -2.84637e-07
     2.29534 -6.62602e-07
     2.32129 -4.00655e-07
     2.34754 -5.68075e-07
     2.37408 -5.18097e-07
     2.40092 -4.19165e-07
     2.42807 -6.21147e-07
     2.45552 -4.01498e-07
     2.48328 -6.11952e-07
     2.51136 -3.88951e-07
     2.53976 -6.43538e-07
     2.56847 -4.05452e-07
     2.59751 -5.65641e-07
     2.62688 -4.91263e-07
     2.65658 -5.28752e-07
     2.68662 -4.72642e-07
       2.717 -5.37704e-07
     2.74772 -5.01061e-07
     2.77878 -5.04333e-07
      2.8102 -5.11633e-07
     2.84198 -5.25456e-07
     2.87411 -4.79166e-07
      2.9066 -5.34759e-07
     2.93947 -5.06817e-07
      2.9727 -4.86301e-07
     3.00631 -5.23911e-07
      3.0403 -4.99861e-07
     3.07468 -5.02563e-07
     3.10944 -5.26393e-07
      3.1446 -5.06456e-07
     3.18016 -5.03405e-07
     3.21611 -5.29783e-07
     3.25248 -4.85752e-07
     3.28925 -5.23707e-07
     3.32644  -5.0873e-07
     3.36405 -4.90461e-07
     3.40209 -5.19821e-07
     3.44055  -5.0042e-07
     3.47945 -5.21615e-07
     3.51879 -5.10229e-07
     3.55858 -4.95735e-07
     3.59881 -5.26782e-07
      3.6395 -4.94298e-07
     3.68065 -5.19807e-07
     3.72227 -5.04659e-07
     3.76436 -5.07167e-07
     3.80692 -5.13157e-07
     3.84996 -4.98778e-07
     3.89349 -5.19024e-07
     3.93751 -4.96415e-07
     3.98203 -5.21315e-07
     4.02705 -5.01063e-07
     4.07259 -5.21587e-07
     4.11863 -5.00712e-07
      4.1652 -5.14078e-07
     4.21229 -5.00668e-07
     4.25992 -5.12204e-07
     4.30809 -5.04918e-07
      4.3568 -5.14666e-07
     4.40606 -5.07611e-07
     4.45587 -5.11967e-07
     4.50625 -5.02243e-07
      4.5572 -5.07793e-07
     4.60873 -5.11796e-07
     4.66084 -5.11949e-07
     4.71354 -5.08131e-07
     4.76683 -5.06134e-07
     4.82073 -5.08923e-07
     4.87523 -5.11207e-07
     4.93035 -5.10777e-07
      4.9861 -5.07543e-07
     5.04247 -5.05908e-07
     5.09949 -5.06806e-07
     5.15714 -5.08075e-07
     5.21545 -5.14065e-07
     5.27442 -5.09925e-07
     5.33406 -5.08996e-07
     5.39437 -5.09671e-07
     5.45536 -5.07062e-07
     5.51704 -5.04306e-07
     5.57942  -5.0548e-07
      5.6425 -5.12957e-07
      5.7063  -5.1092e-07
     5.77082 -5.10384e-07
     5.83607 -5.09341e-07
     5.90205 -5.06315e-07
     5.96878 -5.07214e-07
     6.03627 -5.09733e-07
     6.10452 -5.06332e-07
     6.17354 -5.09151e-07
     6.24334 -5.10186e-07
     6.31393 -5.09422e-07
     6.38532 -5.09988e-07
     6.45752  -5.0839e-07
     6.53053 -5.07065e-07
     6.60437  -5.0561e-07
     6.67904 -5.11683e-07
     6.75456 -5.07003e-07
     6.83093 -5.09872e-07
     6.90816 -5.10358e-07
     6.98627 -5.07853e-07
     7.06526 -5.05532e-07
     7.14514 -5.09363e-07
     7.22593 -5.09734e-07
     7.30763 -5.07629e-07
     7.39025 -5.09084e-07
     7.47381 -5.09875e-07
     7.55831  -5.0572e-07
     7.64377 -5.10472e-07
      7.7302 -5.07991e-07
      7.8176 -5.08497e-07
     7.90599 -5.07112e-07
     7.99538 -5.07117e-07
     8.08578 -5.11775e-07
      8.1772 -5.08849e-07
     8.26966 -5.05173e-07
     8.36316 -5.09107e-07
     8.45772 -5.08054e-07
     8.55334 -5.09995e-07
     8.65005 -5.06495e-07
     8.74785 -5.09001e-07
     8.84676 -5.08911e-07
     8.94679 -5.06443e-07
     9.04795 -5.08277e-07
     9.15025  -5.0947e-07
      9.2537 -5.07364e-07
     9.35833 -5.09247e-07
     9.46414 -5.06254e-07
     9.57115  -5.0895e-07
     9.67936 -5.07162e-07
      9.7888 -5.09246e-07
     9.89948  -5.0773e-07
     10.0114 -5.07007e-07
     10.1246 -5.08218e-07
     10.2391 -5.08158e-07
     10.3548 -5.07841e-07
     10.4719 -5.07456e-07
     10.5903   -5.079e-07
     10.7101 -5.07992e-07
     10.8312 -5.07338e-07
     10.9536 -5.08265e-07
     11.0775 -5.06852e-07
     11.2027 -5.08924e-07
     11.3294 -5.06765e-07
     11.4575 -5.07657e-07
      11.587  -5.0714e-07
      11.718 -5.08292e-07
     11.8505 -5.07352e-07
     11.9845 -5.06308e-07
       12.12 -5.08354e-07
      12.257 -5.07287e-07
     12.3956 -5.07156e-07
     12.5358 -5.07009e-07
     12.6775 -5.07603e-07
     12.8209 -5.07237e-07
     12.9658 -5.06703e-07
     13.1124 -5.07421e-07
     13.2607 -5.06727e-07
     13.4106 -5.07324e-07
     13.5622 -5.06516e-07
     13.7156  -5.0721e-07
     13.8707 -5.06756e-07
     14.0275 -5.06378e-07
     14.1861   -5.073e-07
     14.3465 -5.06517e-07
     14.5087 -5.06339e-07
     14.6727 -5.06925e-07
     14.8386 -5.06439e-07
     15.0064 -5.06286e-07
     15.1761 -5.06516e-07
     15.3477 -5.06319e-07
     15.5212 -5.06304e-07
     15.6967 -5.06129e-07
     15.8742 -5.06305e-07
     16.0536 -5.05999e-07
     16.2351 -5.05969e-07
     16.4187 -5.05935e-07
     16.6043 -5.05735e-07
     16.7921 -5.05912e-07
     16.9819 -5.05547e-07
      17.174 -5.05728e-07
     17.3681 -5.05494e-07
     17.5645 -5.05483e-07
     17.7631 -5.05234e-07
     17.9639 -5.05636e-07
      18.167 -5.04744e-07
     18.3725 -5.05567e-07
     18.5802 -5.04851e-07
     18.7903 -5.04765e-07
     19.0027 -5.05201e-07
     19.2176 -5.04417e-07
     19.4349 -5.04773e-07
     19.6546 -5.04679e-07
     19.8768 -5.04179e-07
     20.1016 -5.04587e-07
     20.3288 -5.04051e-07
     20.5587 -5.04165e-07
     20.7911 -5.04081e-07
     21.0262 -5.03772e-07
     21.2639 -5.03862e-07
     21.5044 -5.03593e-07
     21.7475 -5.03497e-07
     21.9934 -5.03477e-07
     22.2421 -5.03098e-07
     22.4935 -5.03359e-07
     22.7479  -5.0282e-07
     23.0051 -5.02944e-07
     23.2652 -5.02623e-07
     23.5282 -5.02651e-07
     23.7942 -5.02407e-07
     24.0633  -5.0227e-07
     24.3353 -5.02117e-07
     24.6105  -5.0197e-07
     24.8888 -5.01794e-07
     25.1702 -5.01587e-07
     25.4547 -5.01495e-07
     25.7425 -5.01301e-07
     26.0336 -5.01067e-07
      26.328 -5.00942e-07
     26.6256 -5.00734e-07
     26.9267 -5.00565e-07
     27.2311 -5.00358e-07
      27.539 -5.00173e-07
     27.8504 -4.99944e-07
     28.1653 -4.99763e-07
     28.4837 -4.99528e-07
     28.8058 -4.99314e-07
     29.1315 -4.99105e-07
     29.4609 -4.98865e-07
      29.794 -4.98635e-07
     30.1308 -4.98419e-07
     30.4715 -4.98152e-07
      30.816 -4.97925e-07
     31.1644 -4.97643e-07
     31.5168  -4.9742e-07
     31.8731 -4.97143e-07
     32.2335 -4.96866e-07
      32.598 -4.96592e-07
     32.9665 -4.96298e-07
     33.3393 -4.96016e-07
     33.7162 -4.95719e-07
     34.0974 -4.95415e-07
      34.483 -4.95126e-07
     34.8729 -4.94791e-07
     35.2671 -4.94475e-07
     35.6659 -4.94125e-07
     36.0691 -4.93817e-07
      36.477  -4.9345e-07
     36.8894 -4.93101e-07
     37.3065 -4.92754e-07
     37.7283 -4.92371e-07
     38.1549 -4.91993e-07
     38.5863  -4.9161e-07
     39.0225 -4.91217e-07
     39.4638 -4.90815e-07
       39.91 -4.90397e-07
     40.3612 -4.89987e-07
     40.8175 -4.89548e-07
      41.279 -4.89108e-07
     41.7458 -4.88648e-07
     42.2178 -4.88204e-07
     42.6951 -4.87731e-07
     43.1778 -4.87244e-07
      43.666 -4.86758e-07
     44.1597 -4.86253e-07
      44.659 -4.85727e-07
      45.164 -4.85227e-07
     45.6746 -4.84675e-07
      46.191 -4.84134e-07
     46.7133 -4.83561e-07
     47.2415 -4.82992e-07
     47.7756 -4.82407e-07
     48.3158 -4.81816e-07
     48.8621   -4.812e-07
     49.4145  -4.8057e-07
     49.9732  -4.7993e-07
     50.5383 -4.79293e-07
     51.1097 -4.78605e-07
     51.6875 -4.77935e-07
      52.272 -4.77228e-07
      52.863 -4.76521e-07
     53.4607 -4.75789e-07
     54.0651 -4.75051e-07
     54.6764 -4.74284e-07
     55.2946 -4.73515e-07
     55.9198 -4.72712e-07
     56.5521 -4.71912e-07
     57.1915 -4.71063e-07
     57.8381 -4.70228e-07
      58.492 -4.69361e-07
     59.1534  -4.6848e-07
     59.8222 -4.67569e-07
     60.4986 -4.66656e-07
     61.1826 -4.65696e-07
     61.8744 -4.64743e-07
      62.574 -4.63757e-07
     63.2815 -4.62753e-07
      63.997 -4.61713e-07
     64.7205 -4.60675e-07
     65.4523 -4.59596e-07
     66.1923 -4.58507e-07
     66.9408 -4.57379e-07
     67.6976  -4.5624e-07
      68.463 -4.55069e-07
     69.2371 -4.53878e-07
       70.02 -4.52658e-07
     70.8116 -4.51418e-07
     71.6123  -4.5014e-07
      72.422 -4.48846e-07
     73.2408 -4.47517e-07
     74.0689  -4.4617e-07
     74.9064  -4.4478e-07
     75.7533 -4.43373e-07
     76.6098  -4.4193e-07
      77.476 -4.40456e-07
      78.352 -4.38955e-07
     79.2379 -4.37423e-07
     80.1338 -4.35852e-07
     81.0398 -4.34259e-07
     81.9561 -4.32619e-07
     82.8827 -4.30957e-07
     83.8198 -4.29255e-07
     84.7676  -4.2752e-07
      85.726 -4.25746e-07
     86.6952 -4.23939e-07
     87.6755  -4.2209e-07
     88.6668  -4.2021e-07
     89.6693 -4.18286e-07
     90.6831 -4.16326e-07
     91.7084 -4.14321e-07
     92.7454 -4.12283e-07
      93.794 -4.10196e-07
     94.8545 -4.08072e-07
     95.9269 -4.05904e-07
     97.0115 -4.03693e-07
     98.1084 -4.01434e-07
     99.2177 -3.99136e-07
