 0.000992139     -3.51285
  0.00100336     -3.58908
   0.0010147     -3.66252
  0.00102617     -3.74168
  0.00103778     -3.81818
  0.00104951      -3.8999
  0.00106138     -3.97987
  0.00107338     -4.06436
  0.00108551     -4.14751
  0.00109779     -4.23512
   0.0011102     -4.32135
  0.00112275     -4.41238
  0.00113544     -4.50166
  0.00114828     -4.59605
  0.00116127     -4.68879
   0.0011744     -4.78631
  0.00118767     -4.88262
   0.0012011      -4.9836
  0.00121468     -5.08334
  0.00122842     -5.18784
  0.00124231     -5.29113
  0.00125635     -5.39924
  0.00127056     -5.50626
  0.00128492     -5.61774
  0.00129945     -5.72873
  0.00131414     -5.84383
    0.001329      -5.9585
  0.00134403     -6.07742
  0.00135922     -6.19591
  0.00137459     -6.31858
  0.00139013     -6.44093
  0.00140585     -6.56744
  0.00142175     -6.69364
  0.00143782     -6.82407
  0.00145408     -6.95413
  0.00147052     -7.08839
  0.00148715     -7.22246
  0.00150396     -7.36052
  0.00152096     -7.49852
  0.00153816     -7.64045
  0.00155555     -7.78233
  0.00157314     -7.92812
  0.00159093     -8.07382
  0.00160892     -8.22345
  0.00162711     -8.37294
   0.0016455     -8.52628
  0.00166411     -8.67953
  0.00168292     -8.83652
  0.00170195      -8.9934
   0.0017212     -9.15392
  0.00174066     -9.31436
  0.00176034     -9.47825
  0.00178024     -9.64209
  0.00180037     -9.80922
  0.00182072     -9.97626
  0.00184131     -10.1464
  0.00186213     -10.3165
  0.00188318     -10.4895
  0.00190448     -10.6623
  0.00192601     -10.8379
  0.00194779     -11.0131
  0.00196981     -11.1911
  0.00199208     -11.3684
   0.0020146     -11.5483
  0.00203738     -11.7275
  0.00206042     -11.9089
  0.00208371     -12.0895
  0.00210727     -12.2719
   0.0021311     -12.4535
  0.00215519     -12.6366
  0.00217956     -12.8185
  0.00220421     -13.0017
  0.00222913     -13.1835
  0.00225433     -13.3662
  0.00227982     -13.5471
   0.0023056     -13.7287
  0.00233166     -13.9082
  0.00235803     -14.0878
  0.00238469      -14.265
  0.00241165      -14.442
  0.00243892     -14.6161
  0.00246649     -14.7896
  0.00249438     -14.9597
  0.00252258     -15.1286
  0.00255111     -15.2938
  0.00257995     -15.4572
  0.00260912     -15.6164
  0.00263862     -15.7732
  0.00266845     -15.9251
  0.00269863     -16.0741
  0.00272914     -16.2178
  0.00275999     -16.3577
   0.0027912     -16.4916
  0.00282276     -16.6212
  0.00285468      -16.744
  0.00288695     -16.8618
  0.00291959     -16.9721
   0.0029526     -17.0765
  0.00298599     -17.1728
  0.00301975     -17.2623
  0.00305389     -17.3429
  0.00308842     -17.4159
  0.00312334      -17.479
  0.00315865     -17.5338
  0.00319437     -17.5778
  0.00323048     -17.6125
  0.00326701     -17.6356
  0.00330395     -17.6485
   0.0033413     -17.6488
  0.00337908     -17.6379
  0.00341729     -17.6136
  0.00345593     -17.5771
    0.003495     -17.5263
  0.00353452     -17.4622
  0.00357448      -17.383
   0.0036149     -17.2896
  0.00365577       -17.18
   0.0036971     -17.0554
   0.0037389     -16.9138
  0.00378118     -16.7561
  0.00382393     -16.5807
  0.00386716     -16.3884
  0.00391089     -16.1775
  0.00395511      -15.949
  0.00399983     -15.7011
  0.00404505      -15.435
  0.00409079      -15.149
  0.00413704     -14.8441
  0.00418381     -14.5188
  0.00423112     -14.1742
  0.00427896     -13.8088
  0.00432734     -13.4239
  0.00437626      -13.018
  0.00442575     -12.5924
  0.00447578      -12.146
  0.00452639     -11.6799
  0.00457757     -11.1932
  0.00462932     -10.6873
  0.00468167     -10.1612
   0.0047346     -9.61645
  0.00478813     -9.05232
  0.00484227     -8.47045
  0.00489702     -7.87027
  0.00495239     -7.25357
  0.00500838     -6.61996
  0.00506501     -5.97139
  0.00512228     -5.30768
  0.00518019     -4.63094
  0.00523876     -3.94119
  0.00529799     -3.24071
   0.0053579     -2.52975
  0.00541847     -1.81075
  0.00547974      -1.0842
   0.0055417    -0.352706
  0.00560435     0.383033
  0.00566772      1.12022
   0.0057318      1.85795
  0.00579661      2.59327
  0.00586215      3.32507
  0.00592843      4.05024
  0.00599546       4.7675
  0.00606325      5.47361
   0.0061318      6.16715
  0.00620113      6.84478
  0.00627124      7.50495
  0.00634215      8.14427
  0.00641386      8.76113
  0.00648637      9.35213
  0.00655971      9.91566
  0.00663388      10.4484
  0.00670889      10.9487
  0.00678474      11.4133
  0.00686145       11.841
  0.00693903      12.2285
  0.00701749      12.5748
  0.00709683       12.877
  0.00717707      13.1343
  0.00725822      13.3443
  0.00734029      13.5065
  0.00742328      13.6191
  0.00750721       13.682
  0.00759209       13.694
  0.00767793      13.6557
  0.00776474      13.5665
  0.00785253      13.4278
  0.00794132      13.2397
  0.00803111      13.0044
  0.00812191      12.7229
  0.00821374      12.3981
  0.00830661      12.0322
  0.00840053      11.6289
  0.00849551      11.1912
  0.00859157      10.7238
  0.00868871      10.2307
  0.00878695      9.71753
   0.0088863      9.18903
  0.00898677      8.65173
  0.00908838      8.11116
  0.00919114      7.57452
  0.00929506      7.04796
  0.00940015       6.5392
  0.00950643      6.05477
  0.00961392      5.60265
  0.00972262       5.1895
  0.00983255      4.82321
  0.00994372      4.51022
   0.0100561      4.25798
   0.0101698      4.07233
   0.0102848      3.95987
   0.0104011      3.92536
   0.0105187      3.97414
   0.0106377      4.10947
   0.0107579      4.33496
   0.0108796      4.65195
   0.0110026      5.06189
    0.011127      5.56385
   0.0112528      6.15679
     0.01138      6.83717
   0.0115087      7.60127
   0.0116388       8.4428
   0.0117704      9.35527
   0.0119035      10.3297
   0.0120381      11.3569
   0.0121742      12.4255
   0.0123118      13.5241
    0.012451      14.6392
   0.0125918      15.7579
   0.0127342      16.8655
   0.0128782      17.9485
   0.0130238      18.9919
    0.013171      19.9826
   0.0133199      20.9069
   0.0134705      21.7532
   0.0136228      22.5103
   0.0137769        23.17
   0.0139326      23.7247
   0.0140902      24.1706
   0.0142495      24.5054
   0.0144106       24.731
   0.0145735      24.8509
   0.0147383      24.8732
   0.0149049      24.8082
   0.0150735      24.6702
   0.0152439      24.4756
   0.0154162      24.2445
   0.0155905      23.9982
   0.0157668      23.7612
   0.0159451      23.5577
   0.0161254       23.414
   0.0163077      23.3547
   0.0164921      23.4046
   0.0166785      23.5852
   0.0168671      23.9166
   0.0170578      24.4136
   0.0172507      25.0878
   0.0174457      25.9443
    0.017643      26.9835
   0.0178425      28.1984
   0.0180442      29.5766
   0.0182482      31.0984
   0.0184546      32.7393
   0.0186632      34.4682
   0.0188742      36.2509
   0.0190876      38.0494
   0.0193034      39.8247
   0.0195217      41.5377
   0.0197424       43.152
   0.0199656      44.6349
   0.0201914      45.9606
   0.0204197      47.1105
   0.0206506      48.0767
    0.020884      48.8611
   0.0211202      49.4783
    0.021359      49.9536
   0.0216005      50.3244
   0.0218447      50.6374
   0.0220917      50.9477
   0.0223415      51.3151
   0.0225941      51.8018
   0.0228495      52.4676
   0.0231079       53.367
   0.0233691      54.5438
   0.0236334      56.0288
   0.0239006      57.8356
   0.0241708      59.9593
   0.0244441      62.3745
   0.0247205       65.037
       0.025      67.8847
   0.0252826      70.8424
   0.0255685      73.8257
   0.0258576      76.7493
   0.0261499      79.5322
   0.0264456      82.1072
   0.0267446      84.4269
    0.027047      86.4708
   0.0273528      88.2486
   0.0276621      89.8035
   0.0279748       91.209
   0.0282911      92.5665
    0.028611      93.9956
   0.0289345      95.6253
   0.0292617      97.5793
   0.0295925      99.9644
   0.0299271      102.856
   0.0302655      106.287
   0.0306077      110.242
   0.0309537      114.656
   0.0313037      119.414
   0.0316576      124.368
   0.0320156      129.349
   0.0323776      134.188
   0.0327436      138.743
   0.0331139      142.917
   0.0334883      146.681
   0.0338669       150.08
   0.0342498      153.238
   0.0346371      156.346
   0.0350287      159.639
   0.0354247      163.364
   0.0358253      167.742
   0.0362303      172.931
     0.03664       178.99
   0.0370542      185.866
   0.0374732      193.388
   0.0378969      201.289
   0.0383254      209.249
   0.0387587      216.947
   0.0391969      224.129
   0.0396401      230.666
   0.0400883      236.591
   0.0405416      242.116
   0.0409999      247.603
   0.0414635      253.505
   0.0419323      260.274
   0.0424064      268.256
   0.0428859      277.603
   0.0433708      288.207
   0.0438612      299.699
   0.0443571      311.512
   0.0448586      322.995
   0.0453658      333.582
   0.0458787      342.951
   0.0463975      351.147
   0.0469221      358.616
   0.0474526      366.131
   0.0479891      374.603
   0.0485317      384.817
   0.0490804      397.158
   0.0496354      411.414
   0.0501966      426.731
   0.0507641      441.779
   0.0513381      455.112
   0.0519185      465.648
   0.0525055      473.121
   0.0530992      478.353
   0.0536996      483.164
   0.0543067      489.884
   0.0549207      500.504
   0.0555417      515.677
   0.0561697       533.89
   0.0568048      551.133
    0.057447      561.318
   0.0580966      557.499
   0.0587534      533.652
   0.0594177      486.543
   0.0600895      417.079
   0.0607689      330.604
    0.061456        235.9
   0.0621509       143.09
   0.0628536        61.06
   0.0635643     -4.70837
   0.0642829     -53.1077
   0.0650098     -86.7837
   0.0657448     -110.182
   0.0664881     -127.102
   0.0672399     -138.855
   0.0680001     -143.894
    0.068769      -139.06
   0.0695465     -121.755
   0.0703329     -91.7929
   0.0711281     -51.7499
   0.0719323     -5.45504
   0.0727456       44.621
   0.0735681      99.4314
   0.0743999      163.275
   0.0752411      241.037
   0.0760918      333.909
   0.0769522      435.996
   0.0778222      534.259
   0.0787021      612.598
    0.079592      658.478
   0.0804919       668.63
    0.081402      650.486
   0.0823223       618.23
   0.0832531      585.606
   0.0841944        559.7
   0.0851464      539.345
   0.0861091      518.714
   0.0870827      493.161
   0.0880673       462.95
    0.089063      432.428
     0.09007      405.856
   0.0910884      383.794
   0.0921183      363.142
   0.0931598      340.559
   0.0942131      315.813
   0.0952783      291.849
   0.0963556      271.623
   0.0974451      255.064
   0.0985468      239.335
   0.0996611      222.064
    0.100788      203.945
    0.101927      187.791
     0.10308      175.149
    0.104245      164.466
    0.105424      153.011
    0.106616      140.226
    0.107821      128.304
    0.109041      119.236
    0.110273      112.132
     0.11152      104.418
    0.112781      95.3168
    0.114056      86.8359
    0.115346      80.7998
     0.11665      76.1488
    0.117969      70.4914
    0.119303      63.6763
    0.120652      57.9379
    0.122016      54.3143
    0.123395      50.9554
    0.124791      46.1321
    0.126202      41.0691
    0.127628      37.8147
    0.129071      35.6735
    0.130531      32.4346
    0.132007      28.3216
    0.133499      25.5502
    0.135009      24.1748
    0.136535      21.9813
    0.138079      18.7439
     0.13964      16.6395
    0.141219      15.8646
    0.142816      14.2294
     0.14443      11.6836
    0.146063      10.4084
    0.147715      10.1226
    0.149385      8.69095
    0.151074      6.84348
    0.152782      6.50635
    0.154509      6.35499
    0.156256      4.87958
    0.158023      3.93174
     0.15981        4.246
    0.161617       3.6282
    0.163444      2.40121
    0.165292      2.57188
    0.167161      2.68352
    0.169051      1.59578
    0.170962       1.4683
    0.172895      1.93758
     0.17485        1.108
    0.176827     0.760708
    0.178826      1.34427
    0.180848     0.725444
    0.182893     0.343608
    0.184961      0.96515
    0.187052     0.441056
    0.189167     0.148272
    0.191306      0.74012
    0.193469     0.156557
    0.195656    0.0708261
    0.197869     0.547159
    0.200106   -0.0961996
    0.202368     0.157953
    0.204656     0.357224
     0.20697    -0.213768
    0.209311     0.321841
    0.211677    0.0316322
     0.21407    -0.124377
    0.216491     0.319125
    0.218939     -0.24198
    0.221414     0.195479
    0.223917    0.0332062
    0.226449    -0.130181
     0.22901     0.266048
    0.231599    -0.278852
    0.234217     0.246029
    0.236866    -0.152183
    0.239544    0.0681807
    0.242252    0.0618803
    0.244991     -0.12993
    0.247761     0.188414
    0.250563    -0.231949
    0.253396     0.233842
    0.256261    -0.215095
    0.259158     0.211905
    0.262088    -0.175118
    0.265051     0.139736
    0.268048    -0.126882
    0.271079     0.099421
    0.274144    -0.065889
    0.277244    0.0647542
    0.280378   -0.0505105
    0.283548    0.0265672
    0.286754   -0.0287192
    0.289996    0.0287677
    0.293275   -0.0097482
    0.296591   0.00959651
    0.299945   -0.0181983
    0.303336   0.00664017
    0.306766   0.00075517
    0.310234    0.0104547
    0.313742  -0.00845586
    0.317289  -0.00395616
    0.320877  -0.00267391
    0.324505   0.00924246
    0.328174  0.000600634
    0.331884  -0.00383607
    0.335637  -0.00577514
    0.339431   0.00502006
    0.343269   0.00433959
     0.34715  -0.00108432
    0.351075  -0.00662068
    0.355045   0.00108775
    0.359059   0.00525853
    0.363119   0.00118414
    0.367225  -0.00572146
    0.371377 -0.000599382
    0.375576   0.00518045
    0.379822   0.00142813
    0.384117  -0.00624598
     0.38846  -0.00067347
    0.392852   0.00581526
    0.397293   0.00022551
    0.401785   -0.0064001
    0.406328   0.00165052
    0.410922   0.00582555
    0.415569  -0.00311492
    0.420267  -0.00486575
    0.425019   0.00483188
    0.429824   0.00213578
    0.434684  -0.00554602
    0.439599   0.00104095
    0.444569   0.00520321
    0.449596  -0.00408159
    0.454679  -0.00242806
     0.45982   0.00506358
    0.465019  -0.00130776
    0.470277  -0.00413058
    0.475594     0.004002
    0.480971  0.000992127
    0.486409  -0.00380707
    0.491909   0.00280229
    0.497471   0.00137769
    0.503096  -0.00429872
    0.508784    0.0024627
    0.514536   0.00154116
    0.520354  -0.00425414
    0.526237   0.00302664
    0.532187  0.000748874
    0.538205  -0.00384563
     0.54429   0.00439194
    0.550444  -0.00169864
    0.556667  -0.00189502
    0.562961   0.00411477
    0.569327  -0.00437765
    0.575764   0.00215026
    0.582274  0.000905139
    0.588857  -0.00323489
    0.595515   0.00428792
    0.602248  -0.00308765
    0.609057   0.00107168
    0.615944  0.000552327
    0.622908  -0.00236203
    0.629951   0.00346636
    0.637073  -0.00326851
    0.644277   0.00234507
    0.651561  -0.00105129
    0.658928 -0.000194231
    0.666378   0.00130071
    0.673913  -0.00237572
    0.681532   0.00300112
    0.689238  -0.00312396
    0.697031   0.00316195
    0.704912  -0.00300398
    0.712882   0.00267529
    0.720942   -0.0022984
    0.729094   0.00198806
    0.737337  -0.00164264
    0.745674   0.00128763
    0.754105  -0.00107977
    0.762631  0.000701256
    0.771254  -0.00049535
    0.779974  0.000684882
    0.788793 -0.000528278
    0.797711  0.000187437
    0.806731 -0.000318318
    0.815852  0.000353906
    0.825076 -0.000105088
    0.834405  0.000129837
    0.843839 -0.000225218
     0.85338  5.84452e-05
    0.863029 -4.99397e-05
    0.872787  7.10876e-05
    0.882655  2.88236e-05
    0.892635  0.000109699
    0.902728 -0.000256273
    0.912934   0.00019203
    0.923256 -5.45578e-05
    0.933695 -7.15618e-06
    0.944252 -7.90835e-05
    0.954928   7.0552e-05
    0.965725  3.93509e-05
    0.976644  -3.3826e-05
    0.987687  7.97814e-06
    0.998854  1.58054e-05
     1.01015 -4.53621e-05
     1.02157  0.000134714
     1.03312 -0.000114379
      1.0448 -7.26674e-05
     1.05661  5.38891e-05
     1.06856  5.13724e-05
     1.08064  1.25864e-05
     1.09286 -4.29358e-05
     1.10522  5.20355e-05
     1.11771   -3.968e-05
     1.13035  5.03466e-06
     1.14313 -2.96235e-05
     1.15606 -1.49605e-05
     1.16913   2.7789e-05
     1.18234  3.44803e-06
     1.19571  3.18237e-05
     1.20923   3.2091e-05
      1.2229 -0.000106804
     1.23673  2.30091e-05
     1.25071  3.41861e-05
     1.26486  -7.0312e-05
     1.27916  7.35772e-05
     1.29362   6.3343e-06
     1.30825 -7.47621e-08
     1.32304 -3.25249e-05
       1.338 -2.62981e-05
     1.35313  1.94062e-05
     1.36842  2.22521e-05
      1.3839  2.54622e-05
     1.39954 -4.48465e-05
     1.41537  5.61322e-05
     1.43137 -5.10571e-05
     1.44755 -4.28034e-05
     1.46392  7.13915e-05
     1.48047  4.28656e-07
     1.49721 -6.01496e-06
     1.51414 -8.32472e-06
     1.53126 -3.49477e-05
     1.54857   1.9526e-05
     1.56608   6.8371e-06
     1.58379  1.07014e-05
      1.6017  2.00945e-05
     1.61981 -3.75705e-05
     1.63812 -5.21463e-06
     1.65664  9.89053e-06
     1.67537  2.43875e-05
     1.69432 -2.06272e-06
     1.71347 -3.76144e-05
     1.73285  1.87747e-05
     1.75244  -1.7816e-05
     1.77225  2.65135e-05
     1.79229  9.33205e-06
     1.81255  -2.6538e-05
     1.83305 -4.37208e-06
     1.85377   2.8571e-05
     1.87473  1.22254e-07
     1.89593 -1.07484e-05
     1.91737 -5.18313e-06
     1.93905 -1.77034e-05
     1.96097  3.62595e-05
     1.98314 -1.19622e-05
     2.00556 -1.54291e-05
     2.02824  1.02821e-06
     2.05117  1.28894e-05
     2.07436  4.68328e-07
     2.09782  3.64432e-06
     2.12154 -3.00199e-05
     2.14552  3.66588e-05
     2.16978  -1.3086e-05
     2.19431 -3.23139e-06
     2.21912  2.61287e-06
     2.24422 -4.55537e-06
     2.26959  2.03242e-05
     2.29525 -2.76393e-05
      2.3212  1.37294e-05
     2.34745  4.16795e-06
     2.37399  -9.3556e-06
     2.40083  2.82443e-06
     2.42798 -7.53979e-06
     2.45543  2.13193e-05
     2.48319 -2.81089e-05
     2.51127  1.92544e-05
     2.53966 -7.08826e-06
     2.56837  8.98089e-06
     2.59741 -1.64221e-05
     2.62678  1.88097e-05
     2.65648 -9.32083e-06
     2.68652 -3.70042e-06
     2.71689  4.26328e-06
     2.74761  4.87702e-06
     2.77868  -1.2397e-05
     2.81009  9.20843e-06
     2.84187  2.74377e-06
       2.874 -1.00933e-05
     2.90649   7.7696e-06
     2.93935  3.22877e-06
     2.97259 -1.22673e-05
      3.0062  9.37121e-06
     3.04019 -2.24165e-06
     3.07456 -7.70831e-06
     3.10932  1.23581e-05
     3.14448 -5.62287e-06
     3.18003 -2.20499e-06
     3.21599  8.55412e-06
     3.25235 -9.92882e-06
     3.28912  6.86342e-06
     3.32631 -1.89552e-07
     3.36392 -8.19958e-06
     3.40196  8.73371e-06
     3.44042 -6.13005e-06
     3.47932  3.01028e-06
     3.51866  3.67713e-06
     3.55844 -7.69412e-06
     3.59868  7.56027e-06
     3.63936  -6.7425e-06
     3.68051  5.79284e-06
     3.72213 -3.29171e-06
     3.76421  3.24782e-07
     3.80677  2.26741e-06
     3.84981  -4.6593e-06
     3.89334  5.53639e-06
     3.93736 -6.27394e-06
     3.98188  5.68848e-06
      4.0269 -4.37506e-06
     4.07243  4.62647e-06
     4.11847 -3.13017e-06
     4.16504  1.89707e-06
     4.21213 -2.11605e-06
     4.25976  7.56804e-07
     4.30792  -4.3329e-07
     4.35663  5.50412e-07
     4.40589  8.18457e-07
      4.4557 -8.20908e-08
     4.50608 -1.23391e-06
     4.55703 -2.47604e-07
     4.60855  3.48907e-07
     4.66066  1.59691e-06
     4.71336 -1.19439e-06
     4.76665 -4.38956e-08
     4.82054 -7.72515e-07
     4.87504  1.24248e-06
     4.93016 -3.91398e-09
     4.98591  1.10051e-07
     5.04228 -6.42011e-07
     5.09929 -4.48716e-07
     5.15695  -5.9195e-08
     5.21525  9.53034e-07
     5.27422 -3.82779e-09
     5.33385 -2.43791e-07
     5.39416  2.83423e-07
     5.45515  2.58156e-07
     5.51683 -1.10205e-06
     5.57921 -3.35356e-07
     5.64229  7.37481e-07
     5.70608   3.9084e-07
      5.7706 -1.43779e-07
     5.83584  3.13034e-07
     5.90183 -6.45089e-07
     5.96856 -2.07003e-08
     6.03604  4.53605e-07
     6.10429 -5.03893e-07
      6.1733  4.88045e-08
      6.2431  2.56395e-07
     6.31369  -4.8749e-08
     6.38508  1.22731e-07
     6.45727  1.73462e-07
     6.53028 -3.19741e-07
     6.60411 -4.97657e-07
     6.67878  8.26564e-07
      6.7543 -4.89016e-07
     6.83066  1.46445e-08
      6.9079  5.27508e-07
       6.986  -1.8451e-07
     7.06499 -5.42695e-07
     7.14487  2.54442e-07
     7.22565  3.57388e-07
     7.30735 -4.52061e-07
     7.38997  1.76776e-07
     7.47352  3.51092e-07
     7.55802 -7.23208e-07
     7.64348  5.51632e-07
      7.7299 -1.57755e-07
      7.8173  8.65014e-08
     7.90569  -7.7049e-08
     7.99507  -4.7014e-07
     8.08547  7.35254e-07
     8.17689   1.3653e-08
     8.26934 -6.14819e-07
     8.36284  3.70258e-07
     8.45739 -1.95211e-07
     8.55301  4.02362e-07
     8.64972 -4.52205e-07
     8.74752  1.69226e-07
     8.84642  2.28508e-07
     8.94644 -3.76404e-07
      9.0476  8.19615e-08
     9.14989  2.26512e-07
     9.25335 -2.89248e-07
     9.35797  3.53932e-07
     9.46378 -4.12572e-07
     9.57078  3.22536e-07
     9.67899 -2.73693e-07
     9.78843  2.38907e-07
      9.8991 -4.14175e-08
      10.011 -1.47816e-07
     10.1242  1.06015e-07
     10.2387 -9.98334e-09
     10.3544  2.36239e-08
     10.4715  -6.9076e-08
     10.5899  3.29107e-08
     10.7097  3.73388e-08
     10.8307 -9.86686e-08
     10.9532  1.48632e-07
      11.077 -2.20211e-07
     11.2023  2.55131e-07
     11.3289 -1.88559e-07
      11.457  9.14801e-08
     11.5866 -9.64881e-08
     11.7176  9.93896e-08
     11.8501   2.0612e-08
      11.984 -1.78456e-07
     12.1195  1.78953e-07
     12.2566 -7.68916e-08
     12.3952  2.34101e-08
     12.5353   -5.253e-08
      12.677  5.23346e-08
     12.8204 -1.14673e-09
     12.9653 -5.56475e-08
     13.1119  6.35938e-08
     13.2602 -6.45019e-08
     13.4101   6.3594e-08
     13.5617    -6.79e-08
      13.715  4.28135e-08
     13.8701  1.69518e-09
     14.0269 -6.27199e-08
     14.1855   7.2948e-08
     14.3459 -3.48876e-08
     14.5081 -2.25376e-08
     14.6722    3.051e-08
     14.8381 -1.02356e-08
     15.0058 -2.08641e-08
     15.1755  1.89662e-08
     15.3471 -1.73678e-08
     15.5206  1.08741e-08
     15.6961 -2.19582e-08
     15.8735  1.89037e-08
      16.053  -1.7494e-08
     16.2345  1.39392e-09
     16.4181 -3.60869e-10
     16.6037 -1.36372e-08
     16.7914  1.25927e-08
     16.9813 -1.97824e-08
     17.1733  9.44849e-09
     17.3675 -1.19904e-08
     17.5638  6.60552e-09
     17.7624 -2.60379e-08
     17.9632  3.54956e-08
     18.1663 -5.26905e-08
     18.3717  3.76635e-08
     18.5795 -2.03155e-08
     18.7895 -1.80739e-08
      19.002  2.76276e-08
     19.2168 -3.43329e-08
     19.4341  8.69466e-09
     19.6538   2.9553e-09
     19.8761 -2.44879e-08
     20.1008  1.64149e-08
     20.3281 -1.92008e-08
     20.5579 -9.53509e-10
     20.7903  3.39234e-10
     21.0254 -1.46248e-08
     21.2631  3.36176e-09
     21.5035 -9.90064e-09
     21.7467 -6.67948e-09
     21.9925  1.64778e-09
     22.2412 -1.85744e-08
     22.4927  9.61896e-09
      22.747 -1.92383e-08
     23.0042  3.07657e-09
     23.2643 -1.31435e-08
     23.5273 -1.68946e-09
     23.7933 -8.39782e-09
     24.0623 -6.76729e-09
     24.3344 -6.35943e-09
     24.6095 -7.60376e-09
     24.8878 -5.77012e-09
     25.1692 -9.86205e-09
     25.4538 -5.36221e-09
     25.7416 -8.06338e-09
     26.0326 -8.53977e-09
     26.3269   -7.602e-09
     26.6246 -8.23229e-09
     26.9256 -8.52502e-09
     27.2301 -8.37638e-09
      27.538  -8.8491e-09
     27.8493 -9.04591e-09
     28.1642 -9.18078e-09
     28.4826 -9.10027e-09
     28.8047 -1.02735e-08
     29.1304 -8.99072e-09
     29.4597 -1.07267e-08
     29.7928 -9.95641e-09
     30.1297 -1.05083e-08
     30.4703 -1.07927e-08
     30.8148 -1.08674e-08
     31.1632 -1.14314e-08
     31.5156 -1.14519e-08
     31.8719 -1.14078e-08
     32.2323 -1.25121e-08
     32.5967 -1.17093e-08
     32.9653  -1.3134e-08
      33.338  -1.2356e-08
     33.7149 -1.34946e-08
     34.0961 -1.32485e-08
     34.4816 -1.37546e-08
     34.8715 -1.39615e-08
     35.2658 -1.44036e-08
     35.6645 -1.47551e-08
     36.0678 -1.49336e-08
     36.4756 -1.52301e-08
      36.888 -1.60419e-08
     37.3051 -1.55715e-08
     37.7268 -1.67979e-08
     38.1534  -1.6489e-08
     38.5848 -1.74186e-08
      39.021 -1.72808e-08
     39.4622 -1.81359e-08
     39.9084 -1.81974e-08
     40.3596 -1.88643e-08
      40.816 -1.90124e-08
     41.2775 -1.97358e-08
     41.7442 -1.99758e-08
     42.2161 -2.05897e-08
     42.6935 -2.07468e-08
     43.1762 -2.16619e-08
     43.6644 -2.16925e-08
      44.158 -2.25001e-08
     44.6573 -2.29149e-08
     45.1622 -2.33642e-08
     45.6729  -2.3914e-08
     46.1893 -2.45104e-08
     46.7115 -2.49514e-08
     47.2397 -2.56934e-08
     47.7738 -2.60381e-08
     48.3139 -2.68316e-08
     48.8602 -2.72044e-08
     49.4126 -2.80695e-08
     49.9713 -2.85204e-08
     50.5363 -2.91814e-08
     51.1077  -2.9878e-08
     51.6856 -3.05438e-08
     52.2699 -3.11586e-08
     52.8609  -3.1968e-08
     53.4586 -3.25493e-08
      54.063 -3.33928e-08
     54.6743 -3.40395e-08
     55.2925 -3.48711e-08
     55.9176 -3.55999e-08
     56.5499 -3.63954e-08
     57.1893 -3.72314e-08
     57.8359 -3.80758e-08
     58.4898 -3.88321e-08
     59.1511 -3.97947e-08
     59.8199 -4.06103e-08
     60.4963  -4.1534e-08
     61.1803 -4.24531e-08
      61.872 -4.34266e-08
     62.5716 -4.43032e-08
      63.279 -4.53629e-08
     63.9945  -4.6328e-08
     64.7181 -4.73762e-08
     65.4498 -4.83746e-08
     66.1898 -4.95017e-08
     66.9382 -5.05243e-08
      67.695 -5.17223e-08
     68.4604 -5.27603e-08
     69.2345 -5.40231e-08
     70.0173 -5.51146e-08
     70.8089 -5.64031e-08
     71.6095 -5.75699e-08
     72.4192 -5.89081e-08
      73.238 -6.01204e-08
     74.0661 -6.14998e-08
     74.9035 -6.27864e-08
     75.7504 -6.42256e-08
     76.6069 -6.55375e-08
      77.473  -6.7071e-08
      78.349 -6.84263e-08
     79.2348 -7.00034e-08
     80.1307  -7.1453e-08
     81.0367  -7.3063e-08
     81.9529 -7.45906e-08
     82.8795 -7.62695e-08
     83.8166 -7.78444e-08
     84.7643 -7.96051e-08
     85.7227 -8.12456e-08
     86.6919 -8.30684e-08
     87.6721 -8.47898e-08
     88.6634 -8.66775e-08
     89.6658 -8.84702e-08
     90.6797 -9.04327e-08
     91.7049 -9.23091e-08
     92.7418 -9.43377e-08
     93.7904 -9.62934e-08
     94.8508 -9.84087e-08
     95.9233 -1.00436e-07
     97.0078 -1.02634e-07
     98.1046 -1.04752e-07
     99.2139 -1.07028e-07
