 0.000992177     -121.079
  0.00100339      -122.91
  0.00101474     -118.948
  0.00102621     -121.544
  0.00103782     -119.911
  0.00104955     -120.017
  0.00106142     -120.713
  0.00107342     -117.749
  0.00108555      -119.84
  0.00109783     -118.342
  0.00111024     -118.269
  0.00112279     -118.504
  0.00113549     -116.659
  0.00114833     -117.622
  0.00116131     -116.561
  0.00117444     -117.152
  0.00118772     -115.891
  0.00120115     -115.365
  0.00121473     -114.551
  0.00122846     -115.986
  0.00124235     -114.061
   0.0012564      -113.69
  0.00127061     -113.717
  0.00128497     -113.528
   0.0012995     -112.735
  0.00131419     -111.293
  0.00132905     -112.282
  0.00134408     -111.005
  0.00135928     -110.752
  0.00137465     -109.893
  0.00139019      -109.75
  0.00140591     -109.371
   0.0014218     -108.587
  0.00143788     -107.666
  0.00145413     -107.729
  0.00147058     -107.085
   0.0014872     -106.021
  0.00150402     -105.702
  0.00152102     -105.261
  0.00153822     -104.484
  0.00155561     -103.663
   0.0015732     -103.398
  0.00159099     -102.789
  0.00160898      -101.76
  0.00162717     -101.239
  0.00164557     -100.726
  0.00166417     -99.6389
  0.00168299     -99.0434
  0.00170202     -98.7039
  0.00172126     -97.6071
  0.00174072      -96.888
   0.0017604      -96.436
  0.00178031     -95.3799
  0.00180044     -94.5476
  0.00182079     -93.8234
  0.00184138     -93.1159
   0.0018622     -91.9727
  0.00188326     -91.7259
  0.00190455      -90.356
  0.00192608     -89.4549
  0.00194786     -89.1418
  0.00196988     -87.4041
  0.00199216      -87.185
  0.00201468     -85.9799
  0.00203746     -85.0226
   0.0020605     -84.2762
  0.00208379     -82.9367
  0.00210735     -82.3455
  0.00213118     -81.0797
  0.00215528     -80.2584
  0.00217965     -79.1331
  0.00220429     -78.0213
  0.00222921     -77.0069
  0.00225442     -76.0482
  0.00227991     -74.8498
  0.00230568     -73.8406
  0.00233175     -72.7052
  0.00235812     -71.5674
  0.00238478     -70.4177
  0.00241174     -69.2769
  0.00243901     -68.1491
  0.00246659     -66.8845
  0.00249448     -65.7803
  0.00252268     -64.4245
   0.0025512      -63.369
  0.00258005     -62.0485
  0.00260922     -60.9177
  0.00263872     -59.5443
  0.00266856      -58.365
  0.00269873     -57.0153
  0.00272924     -55.7366
   0.0027601     -54.4347
  0.00279131     -53.1803
  0.00282287     -51.8457
  0.00285478     -50.4563
  0.00288706     -49.1478
  0.00291971     -47.8074
  0.00295272     -46.4153
   0.0029861     -45.1052
  0.00301986     -43.7448
  0.00305401     -42.3439
  0.00308854     -40.9679
  0.00312346     -39.6098
  0.00315878     -38.1961
  0.00319449     -36.8389
  0.00323061     -35.4009
  0.00326714     -34.0228
  0.00330408     -32.6409
  0.00334143     -31.2277
  0.00337921     -29.8476
  0.00341742     -28.4455
  0.00345606     -27.0601
  0.00349514     -25.6926
  0.00353465     -24.3304
  0.00357462     -22.9243
  0.00361503     -21.5872
  0.00365591     -20.2072
  0.00369724     -18.8861
  0.00373905     -17.5689
  0.00378132     -16.2351
  0.00382408     -14.9284
  0.00386731     -13.6052
  0.00391104      -12.386
  0.00395526     -11.1106
  0.00399998     -9.86219
  0.00404521     -8.64088
  0.00409094     -7.47543
   0.0041372     -6.29373
  0.00418397     -5.14201
  0.00423128      -4.0243
  0.00427912     -2.94418
   0.0043275     -1.86993
  0.00437643    -0.856115
  0.00442592     0.158648
  0.00447596      1.11446
  0.00452656      2.04675
  0.00457774      2.94161
   0.0046295       3.7938
  0.00468185      4.63229
  0.00473478      5.38479
  0.00478832      6.12945
  0.00484245      6.83365
  0.00489721      7.48075
  0.00495258      8.05755
  0.00500857      8.64123
   0.0050652      9.12835
  0.00512247      9.64391
  0.00518039      10.0361
  0.00523896      10.4128
   0.0052982      10.7228
   0.0053581      11.0003
  0.00541868      11.2155
  0.00547995       11.393
  0.00554191      11.4991
  0.00560457      11.6107
  0.00566794      11.6064
  0.00573202      11.5845
  0.00579683      11.5138
  0.00586237      11.3946
  0.00592866       11.226
  0.00599569      11.0249
  0.00606348       10.755
  0.00613204       10.456
  0.00620137        10.12
  0.00627148      9.74536
  0.00634239      9.33721
   0.0064141      8.88386
  0.00648662      8.40182
  0.00655997      7.89121
  0.00663414      7.35081
  0.00670914      6.79368
    0.006785      6.21179
  0.00686172      5.61103
   0.0069393      5.01072
  0.00701776      4.37079
   0.0070971      3.74533
  0.00717735       3.1107
   0.0072585      2.47994
  0.00734057      1.84541
  0.00742356      1.23213
   0.0075075     0.619053
  0.00759238    0.0248331
  0.00767823    -0.549523
  0.00776504     -1.10333
  0.00785284     -1.61716
  0.00794162      -2.1199
  0.00803142     -2.57928
  0.00812222     -2.99874
  0.00821406     -3.38674
  0.00830693     -3.72326
  0.00840085     -4.03079
  0.00849584     -4.27224
   0.0085919     -4.47958
  0.00868904     -4.63358
  0.00878728     -4.73618
  0.00888664     -4.79507
  0.00898711     -4.79007
  0.00908873     -4.74492
  0.00919149     -4.65755
  0.00929541     -4.50267
  0.00940051     -4.32467
   0.0095068     -4.08735
  0.00961429     -3.82118
  0.00972299     -3.50761
  0.00983293     -3.17414
   0.0099441     -2.80471
   0.0100565     -2.41196
   0.0101702     -2.00434
   0.0102852      -1.5792
   0.0104015     -1.15237
   0.0105191    -0.719119
   0.0106381    -0.291566
   0.0107583     0.125703
     0.01088     0.529674
    0.011003     0.909179
   0.0111274      1.25782
   0.0112532      1.58996
   0.0113804      1.86963
   0.0115091      2.11453
   0.0116392      2.31483
   0.0117708      2.47219
   0.0119039      2.57534
   0.0120385      2.62983
   0.0121746      2.63261
   0.0123123      2.58819
   0.0124515      2.49375
   0.0125923      2.34963
   0.0127347      2.16602
   0.0128786      1.94274
   0.0130243       1.6866
   0.0131715      1.39761
   0.0133204      1.09289
   0.0134711     0.770278
   0.0136234     0.440925
   0.0137774     0.111757
   0.0139332    -0.208823
   0.0140907    -0.512082
     0.01425    -0.795718
   0.0144111     -1.04656
   0.0145741      -1.2605
   0.0147389     -1.43615
   0.0149055     -1.56299
    0.015074      -1.6422
   0.0152445     -1.67084
   0.0154168     -1.64952
   0.0155911      -1.5774
   0.0157674     -1.45893
   0.0159457      -1.2978
    0.016126     -1.10069
   0.0163083    -0.871366
   0.0164927    -0.622246
   0.0166792    -0.357909
   0.0168678   -0.0907243
   0.0170585     0.171655
   0.0172514     0.418135
   0.0174464     0.641775
   0.0176437      0.83099
   0.0178432     0.983159
   0.0180449      1.08794
   0.0182489       1.1459
   0.0184553      1.15139
   0.0186639      1.10722
    0.018875      1.01599
   0.0190884     0.879149
   0.0193042      0.70897
   0.0195225     0.507575
   0.0197432     0.290324
   0.0199664    0.0651056
   0.0201922    -0.156557
   0.0204205    -0.360961
   0.0206513    -0.541556
   0.0208848    -0.684434
    0.021121    -0.785705
   0.0213598    -0.838084
   0.0216013    -0.840148
   0.0218455    -0.791583
   0.0220925    -0.696802
   0.0223423    -0.560831
   0.0225949    -0.394835
   0.0228504     -0.20698
   0.0231088   -0.0132178
     0.02337     0.176777
   0.0236343     0.346337
   0.0239015     0.487354
   0.0241717     0.586504
    0.024445     0.639982
   0.0247214     0.641722
   0.0250009     0.594427
   0.0252836     0.500325
   0.0255695     0.369292
   0.0258586     0.211355
   0.0261509    0.0410035
   0.0264466    -0.127574
   0.0267456    -0.278684
    0.027048    -0.399679
   0.0273539    -0.479079
   0.0276631    -0.510282
   0.0279759    -0.490523
   0.0282922     -0.42248
   0.0286121    -0.313567
   0.0289356    -0.175668
   0.0292628    -0.023489
   0.0295936     0.126201
   0.0299282     0.256804
   0.0302666     0.353831
   0.0306088     0.406381
   0.0309549      0.40888
   0.0313049     0.361418
   0.0316589     0.270589
   0.0320168     0.148411
   0.0323788    0.0110134
   0.0327449     -0.12313
   0.0331151    -0.236049
   0.0334896     -0.31215
   0.0338682    -0.341217
   0.0342511    -0.319476
   0.0346384    -0.250863
     0.03503    -0.146329
   0.0354261   -0.0223343
   0.0358267      0.10102
   0.0362317     0.203911
   0.0366414     0.269537
   0.0370557     0.287161
   0.0374746     0.254304
   0.0378983      0.17743
   0.0383268     0.070892
   0.0387602    -0.045151
   0.0391984    -0.148676
   0.0396416    -0.219762
   0.0400898    -0.244822
   0.0405431    -0.219274
   0.0410015    -0.148994
   0.0414651   -0.0493816
   0.0419339    0.0576202
   0.0424081     0.148371
   0.0428875      0.20251
   0.0433725     0.207978
   0.0438628     0.164122
   0.0443588     0.082111
   0.0448603   -0.0173462
   0.0453675      -0.1089
   0.0458805    -0.169093
   0.0463992    -0.182347
   0.0469239    -0.145749
   0.0474544   -0.0699585
   0.0479909    0.0232122
   0.0485336     0.106666
   0.0490823     0.155953
   0.0496373     0.156656
   0.0501985      0.10915
   0.0507661     0.028965
     0.05134   -0.0577677
   0.0519205    -0.122452
   0.0525076    -0.143662
   0.0531012    -0.114651
   0.0537016   -0.0462685
   0.0543088    0.0366037
   0.0549229     0.103332
   0.0555438     0.129225
   0.0561718     0.104836
    0.056807    0.0404339
   0.0574492    -0.037783
   0.0580988   -0.0976454
   0.0587557    -0.114424
     0.05942   -0.0814766
   0.0600919   -0.0138465
   0.0607713    0.0579321
   0.0614584     0.101101
   0.0621533    0.0959075
    0.062856    0.0454649
   0.0635667   -0.0251993
   0.0642854   -0.0808066
   0.0650123   -0.0933624
   0.0657473    -0.056945
   0.0664907   0.00855616
   0.0672425    0.0673497
   0.0680028    0.0871236
   0.0687716    0.0572691
   0.0695492  -0.00427854
   0.0703356   -0.0608973
   0.0711308   -0.0785291
   0.0719351   -0.0469091
   0.0727484    0.0134567
   0.0735709     0.063446
   0.0744028    0.0705024
    0.075244    0.0304145
   0.0760947   -0.0287868
   0.0769551   -0.0656179
   0.0778252   -0.0541942
   0.0787051  -0.00352097
    0.079595    0.0482085
    0.080495    0.0618019
   0.0814051    0.0273528
   0.0823255   -0.0271411
   0.0832563   -0.0573244
   0.0841976   -0.0386659
   0.0851496    0.0123925
   0.0861124    0.0514613
    0.087086    0.0444184
   0.0880707  -0.00180712
   0.0890664   -0.0443969
   0.0900735   -0.0437243
   0.0910919  -0.00111328
   0.0921218    0.0413359
   0.0931634    0.0415923
   0.0942167  0.000100697
    0.095282   -0.0395093
   0.0963593   -0.0354407
   0.0974488   0.00726561
   0.0985506    0.0410492
   0.0996649    0.0281592
    0.100792   -0.0160193
    0.101931   -0.0395416
    0.103084   -0.0148237
    0.104249    0.0273834
    0.105428    0.0346038
     0.10662  -0.00158671
    0.107826   -0.0338351
    0.109045     -0.01981
    0.110278    0.0209048
    0.111524    0.0322868
    0.112785  -0.00109849
    0.114061   -0.0312237
     0.11535   -0.0147092
    0.116655    0.0233065
    0.117973    0.0254381
    0.119307   -0.0107521
    0.120656   -0.0280388
     0.12202  0.000697463
      0.1234    0.0279579
    0.124795   0.00872254
    0.126206   -0.0239014
    0.127633   -0.0138751
    0.129076    0.0204344
    0.130536    0.0177643
    0.132012   -0.0161383
    0.133504   -0.0180714
    0.135014     0.014853
     0.13654    0.0189403
    0.138084   -0.0133345
    0.139645   -0.0174619
    0.141224    0.0142444
    0.142821    0.0162545
    0.144436   -0.0148161
    0.146069   -0.0123127
     0.14772    0.0175084
    0.149391   0.00855341
     0.15108   -0.0184846
    0.152788  -0.00197181
    0.154515     0.019087
    0.156262  -0.00447776
    0.158029   -0.0154766
    0.159816    0.0122028
    0.161623   0.00939812
     0.16345   -0.0160695
    0.165298  0.000956813
    0.167167    0.0156757
    0.169057   -0.0102058
    0.170969  -0.00701851
    0.172902     0.015512
    0.174857  -0.00476702
    0.176834   -0.0103168
    0.178833    0.0142846
    0.180855   -0.0018393
      0.1829   -0.0109917
    0.184968    0.0129681
    0.187059  -0.00216327
    0.189174   -0.0094559
    0.191313    0.0132158
    0.193476  -0.00502904
    0.195664  -0.00592634
    0.197876     0.012372
    0.200114  -0.00919405
    0.202376  0.000735542
    0.204664   0.00838842
    0.206978   -0.0116363
    0.209319   0.00862206
    0.211685 -0.000773962
    0.214079  -0.00624152
    0.216499    0.0104506
    0.218947   -0.0099133
    0.221423   0.00569203
    0.223926  0.000650793
    0.226458  -0.00581785
    0.229018   0.00923571
    0.231608   -0.0100367
    0.234226    0.0086131
    0.236875  -0.00541825
    0.239553   0.00164704
    0.242261   0.00196588
    0.245001  -0.00471083
    0.247771   0.00673953
    0.250572  -0.00804249
    0.253405    0.0082256
     0.25627  -0.00783165
    0.259168   0.00718855
    0.262098  -0.00649078
    0.265062    0.0054371
    0.268059  -0.00462212
    0.271089   0.00359311
    0.274154  -0.00296958
    0.277254   0.00237665
    0.280389  -0.00208232
    0.283559   0.00136333
    0.286765  -0.00116137
    0.290008  0.000814583
    0.293287 -0.000791995
    0.296603  0.000505848
    0.299956 -0.000628856
    0.303348  0.000273565
    0.306777 -0.000257798
    0.310246  0.000110032
    0.313754 -0.000300075
    0.317301  7.74658e-05
    0.320889 -0.000230416
    0.324517  0.000121826
    0.328186 -0.000145838
    0.331897 -8.79541e-05
    0.335649 -6.44949e-05
    0.339444 -1.07783e-05
    0.343282 -1.13178e-05
    0.347164  -3.5454e-05
    0.351089 -0.000119695
    0.355059  7.92014e-05
    0.359073 -2.31886e-05
    0.363133  6.38585e-05
    0.367239 -9.67366e-05
    0.371391  7.89636e-05
     0.37559  4.80411e-05
    0.379837   7.3327e-05
    0.384131 -3.24372e-05
    0.388474  5.98816e-05
    0.392867  9.21957e-05
    0.397309  7.19264e-05
    0.401801 -9.32224e-06
    0.406344  5.48359e-05
    0.410938  9.92259e-05
    0.415584  5.37641e-05
    0.420283 -1.76162e-05
    0.425035  4.75822e-05
    0.429841  7.69695e-05
    0.434701  4.03824e-06
    0.439616 -4.49157e-05
    0.444586  3.15308e-05
    0.449613  2.55913e-05
    0.454697 -6.13241e-05
    0.459838 -5.61705e-05
    0.465037  2.31249e-05
    0.470295 -3.01865e-05
    0.475612 -8.45258e-05
     0.48099 -9.32342e-06
    0.486428  2.88472e-05
    0.491928 -4.86617e-05
     0.49749  -7.0237e-06
    0.503115  9.36495e-05
    0.508803  6.63373e-05
    0.514556  6.94745e-05
    0.520374  0.000216935
    0.526258  0.000263137
    0.532208    0.0002736
    0.538225   0.00044925
    0.544311  0.000595139
    0.550465  0.000652777
    0.556689  0.000888664
    0.562983   0.00115283
    0.569348   0.00132455
    0.575786   0.00167744
    0.582296   0.00212395
     0.58888   0.00249507
    0.595538   0.00309034
    0.602271   0.00384033
    0.609081   0.00458589
    0.615967   0.00564717
    0.622932   0.00696316
    0.629975   0.00841085
    0.637098    0.0103656
    0.644301    0.0127382
    0.651586    0.0155249
    0.658953    0.0191538
    0.666404    0.0235276
    0.673939    0.0288477
    0.681558    0.0355976
    0.689264    0.0437366
    0.697058    0.0538062
    0.704939    0.0663217
    0.712909    0.0815185
     0.72097     0.100371
    0.729122     0.123507
    0.737365     0.151788
    0.745702     0.186684
    0.754134      0.22925
     0.76266     0.281419
    0.771283     0.345257
    0.780004     0.423004
    0.788823     0.517998
    0.797742     0.633469
    0.806762     0.773847
    0.815883     0.944261
    0.825108      1.15048
    0.834437          1.4
    0.843872      1.70089
    0.853413      2.06326
    0.863062      2.49859
    0.872821      3.02013
    0.882689      3.64359
    0.892669      4.38612
    0.902762      5.26781
    0.912969      6.31006
    0.923292      7.53641
    0.933731      8.97099
    0.944288      10.6374
    0.954965      12.5573
    0.965762      14.7462
    0.976682      17.2115
    0.987725      19.9456
    0.998892      22.9223
     1.01019      26.0885
     1.02161      29.3611
     1.03316      32.6217
     1.04484      35.7189
     1.05665      38.4745
      1.0686      40.6998
     1.08068      42.2205
      1.0929      42.9085
     1.10526      42.7175
     1.11776      41.7079
     1.13039      40.0547
     1.14317      38.0207
      1.1561      35.9014
     1.16917      33.9522
     1.18239      32.3416
     1.19576      31.1576
     1.20928      30.4615
     1.22295      30.2547
     1.23678      30.4037
     1.25076      30.6405
      1.2649      30.6345
     1.27921      30.0957
     1.29367      28.8541
      1.3083      26.8917
     1.32309      24.3256
     1.33805       21.359
     1.35318      18.2249
     1.36848      15.1381
     1.38395       12.265
      1.3996      9.71283
     1.41542      7.53254
     1.43143      5.73033
     1.44761      4.28196
     1.46398       3.1459
     1.48053       2.2737
     1.49727      1.61697
      1.5142      1.13137
     1.53132     0.778588
     1.54863      0.52674
     1.56614     0.350125
     1.58385     0.228524
     1.60176     0.146377
     1.61987    0.0919644
     1.63818    0.0566483
     1.65671    0.0341977
     1.67544    0.0202257
     1.69438    0.0117157
     1.71354   0.00664188
     1.73291   0.00367973
     1.75251   0.00198762
     1.77232   0.00104386
     1.79236  0.000532365
     1.81262  0.000266215
     1.83312  0.000134445
     1.85384  7.32493e-05
     1.87481  4.72041e-05
       1.896  3.70894e-05
     1.91744   2.9506e-05
     1.93912  1.81849e-05
     1.96104  5.72225e-06
     1.98322 -5.11867e-06
     2.00564 -1.05982e-05
     2.02832 -1.28304e-05
     2.05125 -1.15258e-05
     2.07444 -8.42999e-06
      2.0979 -8.57327e-06
     2.12162 -1.34319e-05
     2.14561 -2.04446e-05
     2.16987 -2.40876e-05
      2.1944 -1.88708e-05
     2.21921  -7.4144e-06
      2.2443  3.41021e-06
     2.26968  6.83593e-06
     2.29534  1.69718e-06
     2.32129 -8.51777e-06
     2.34754 -1.70052e-05
     2.37408 -1.98233e-05
     2.40092 -1.65177e-05
     2.42807 -1.03748e-05
     2.45552 -2.48726e-06
     2.48328  3.98685e-06
     2.51136  9.53027e-06
     2.53976  1.27493e-05
     2.56847  1.32889e-05
     2.59751  8.24158e-06
     2.62688  7.49238e-07
     2.65658 -6.26831e-06
     2.68662 -1.13431e-05
       2.717 -1.32287e-05
     2.74772 -8.97514e-06
     2.77878 -2.20254e-06
      2.8102  1.03845e-06
     2.84198 -2.89431e-06
     2.87411 -1.17811e-05
      2.9066 -1.79543e-05
     2.93947 -1.44126e-05
      2.9727 -3.16552e-06
     3.00631  6.81148e-06
      3.0403  8.81033e-06
     3.07468  5.54407e-06
     3.10944  3.55353e-06
      3.1446  6.30961e-06
     3.18016  9.91589e-06
     3.21611  9.55772e-06
     3.25248 -7.88238e-07
     3.28925 -1.74802e-05
     3.32644 -2.49969e-05
     3.36405 -1.67004e-05
     3.40209 -1.01795e-06
     3.44055  8.16823e-06
     3.47945   2.1044e-06
     3.51879 -1.22246e-05
     3.55858 -2.03336e-05
     3.59881 -1.65446e-05
      3.6395 -4.20821e-06
     3.68065  8.46585e-06
     3.72227  1.23186e-05
     3.76436  6.83632e-06
     3.80692 -3.69775e-06
     3.84996 -1.31724e-05
     3.89349 -1.78405e-05
     3.93751 -1.31569e-05
     3.98203 -6.04328e-06
     4.02705 -2.61428e-06
     4.07259 -8.05459e-06
     4.11863 -1.21563e-05
      4.1652 -7.59466e-06
     4.21229  4.33024e-06
     4.25992   1.2681e-05
     4.30809  8.63834e-06
      4.3568  4.22995e-08
     4.40606  7.10642e-07
     4.45587  1.20971e-06
     4.50625 -1.38216e-05
      4.5572 -2.79151e-05
     4.60873  -1.7028e-05
     4.66084 -4.43596e-06
     4.71354 -6.51902e-06
     4.76683 -7.12011e-07
     4.82073   1.3884e-05
     4.87523  1.02555e-05
     4.93035 -4.39562e-07
      4.9861 -3.52055e-06
     5.04247 -1.06393e-05
     5.09949 -2.11414e-05
     5.15714 -2.04942e-05
     5.21545 -7.66899e-06
     5.27442   2.8638e-06
     5.33406  1.93701e-07
     5.39437 -1.03736e-06
     5.45536  9.06275e-06
     5.51704  5.89039e-06
     5.57942 -8.74409e-06
      5.6425 -1.06872e-05
      5.7063 -1.04892e-05
     5.77082 -2.34643e-06
     5.83607  2.57088e-06
     5.90205 -5.21339e-06
     5.96878 -3.96814e-06
     6.03627  -2.7856e-06
     6.10452 -5.84556e-06
     6.17354 -6.08974e-06
     6.24334  -1.8431e-06
     6.31393 -1.49074e-05
     6.38532 -1.49672e-05
     6.45752 -5.53756e-06
     6.53053 -6.59186e-06
     6.60437  1.39377e-05
     6.67904  1.39331e-05
     6.75456 -7.31098e-06
     6.83093 -9.58401e-06
     6.90816 -1.09712e-05
     6.98627 -1.60115e-05
     7.06526 -9.89965e-06
     7.14514  1.35936e-05
     7.22593  1.14634e-05
     7.30763 -6.74539e-06
     7.39025 -1.08236e-05
     7.47381 -2.22864e-05
     7.55831 -6.42029e-06
     7.64377  7.01603e-06
      7.7302 -9.56676e-08
      7.8176  2.31748e-06
     7.90599 -4.51665e-07
     7.99538 -2.29086e-05
     8.08578 -8.46451e-06
      8.1772  3.40702e-06
     8.26966 -4.08844e-06
     8.36316  1.01138e-05
     8.45772 -1.03037e-05
     8.55334 -1.52848e-05
     8.65005 -1.89512e-07
     8.74785 -1.15891e-05
     8.84676  4.49819e-06
     8.94679  -1.1425e-06
     9.04795  1.89347e-06
     9.15025  -1.1588e-05
      9.2537 -4.11809e-06
     9.35833 -4.66785e-06
     9.46414 -2.31806e-06
     9.57115 -1.77866e-06
     9.67936 -5.20773e-06
      9.7888 -5.92888e-06
     9.89948 -1.40698e-05
     10.0114    3.444e-06
     10.1246 -7.87297e-06
     10.2391  2.21082e-06
     10.3548 -7.53173e-06
     10.4719 -1.12767e-05
     10.5903 -4.96035e-07
     10.7101  1.14448e-06
     10.8312 -5.28487e-07
     10.9536 -9.87002e-06
     11.0775 -6.09147e-06
     11.2027 -1.22205e-06
     11.3294 -6.26972e-07
     11.4575 -8.92775e-06
      11.587 -3.63665e-06
      11.718 -4.71534e-06
     11.8505 -5.87917e-07
     11.9845 -6.95745e-06
       12.12 -2.77758e-06
      12.257 -7.02914e-06
     12.3956 -4.35644e-06
     12.5358 -4.12086e-06
     12.6775  1.09688e-06
     12.8209 -6.27113e-06
     12.9658 -5.12125e-06
     13.1124 -3.24266e-06
     13.2607 -1.04513e-06
     13.4106 -7.85503e-06
     13.5622 -5.01571e-06
     13.7156 -2.61244e-06
     13.8707 -4.81628e-06
     14.0275 -5.05628e-06
     14.1861 -3.70291e-06
     14.3465  -3.7977e-06
     14.5087 -5.22992e-06
     14.6727 -4.54939e-06
     14.8386 -5.26918e-06
     15.0064 -2.71259e-06
     15.1761 -2.44875e-06
     15.3477 -5.31602e-06
     15.5212 -4.45227e-06
     15.6967 -2.61784e-06
     15.8742 -5.43225e-06
     16.0536 -4.34577e-06
     16.2351 -3.18365e-06
     16.4187 -3.67961e-06
     16.6043 -5.46559e-06
     16.7921 -5.00037e-06
     16.9819 -2.99314e-06
      17.174 -7.25002e-06
     17.3681 -3.61331e-06
     17.5645 -4.71484e-07
     17.7631 -6.60191e-06
     17.9639 -3.12769e-06
      18.167 -2.28368e-06
     18.3725 -7.19996e-06
     18.5802 -2.91033e-06
     18.7903 -2.65636e-06
     19.0027  -6.7716e-06
     19.2176 -2.02641e-06
     19.4349 -4.96551e-06
     19.6546  -7.0081e-06
     19.8768 -1.10048e-07
     20.1016 -7.39903e-06
     20.3288 -2.68187e-06
     20.5587 -3.31028e-06
     20.7911 -6.91961e-06
     21.0262 -5.62052e-07
     21.2639 -7.66513e-06
     21.5044 -2.62115e-06
     21.7475 -3.67735e-06
     21.9934 -4.91761e-06
     22.2421 -2.80311e-06
     22.4935 -6.31925e-06
     22.7479 -2.39905e-06
     23.0051 -5.31299e-06
     23.2652 -3.15971e-06
     23.5282 -5.18023e-06
     23.7942 -4.28156e-06
     24.0633 -2.69268e-06
     24.3353  -5.0212e-06
     24.6105 -4.00293e-06
     24.8888  -4.4935e-06
     25.1702 -3.72373e-06
     25.4547 -4.47387e-06
     25.7425 -4.27668e-06
     26.0336 -4.48139e-06
      26.328 -3.56363e-06
     26.6256 -4.72946e-06
     26.9267 -4.37615e-06
     27.2311 -3.68614e-06
      27.539 -3.90372e-06
     27.8504 -4.33142e-06
     28.1653 -4.18053e-06
     28.4837 -4.08501e-06
     28.8058 -4.35526e-06
     29.1315 -4.05317e-06
     29.4609 -4.26621e-06
      29.794 -3.79844e-06
     30.1308 -3.98524e-06
     30.4715 -4.53835e-06
      30.816 -3.97476e-06
     31.1644 -4.39048e-06
     31.5168 -4.18042e-06
     31.8731 -3.95741e-06
     32.2335 -4.04947e-06
      32.598  -3.9747e-06
     32.9665 -4.50263e-06
     33.3393 -4.22223e-06
     33.7162 -4.28899e-06
     34.0974 -3.86793e-06
      34.483  -3.9048e-06
     34.8729 -4.17936e-06
     35.2671 -4.13568e-06
     35.6659 -4.17281e-06
     36.0691 -4.47094e-06
      36.477 -4.02219e-06
     36.8894 -3.91524e-06
     37.3065 -4.27475e-06
     37.7283 -4.01913e-06
     38.1549 -4.16892e-06
     38.5863  -4.2599e-06
     39.0225 -4.06466e-06
     39.4638 -4.19678e-06
       39.91 -4.09158e-06
     40.3612 -4.02889e-06
     40.8175 -3.96895e-06
      41.279 -4.33359e-06
     41.7458 -4.19482e-06
     42.2178  -4.0528e-06
     42.6951 -4.11584e-06
     43.1778   -3.838e-06
      43.666 -4.25143e-06
     44.1597 -4.25865e-06
      44.659  -4.1143e-06
      45.164   -4.256e-06
     45.6746 -3.70674e-06
      46.191   -4.152e-06
     46.7133 -4.18202e-06
     47.2415 -4.18027e-06
     47.7756 -4.10176e-06
     48.3158 -3.79031e-06
     48.8621 -4.12074e-06
     49.4145 -4.37247e-06
     49.9732 -4.06092e-06
     50.5383  -4.0399e-06
     51.1097 -3.99012e-06
     51.6875 -4.24864e-06
      52.272 -3.91659e-06
      52.863 -4.11532e-06
     53.4607 -3.98735e-06
     54.0651 -4.11624e-06
     54.6764 -4.04859e-06
     55.2946 -4.24782e-06
     55.9198 -3.90202e-06
     56.5521  -4.0098e-06
     57.1915 -4.08827e-06
     57.8381   -4.154e-06
      58.492 -3.78491e-06
     59.1534 -4.21765e-06
     59.8222 -4.03139e-06
     60.4986 -3.96804e-06
     61.1826 -4.13263e-06
     61.8744 -4.15815e-06
      62.574 -3.77498e-06
     63.2815 -4.04776e-06
      63.997 -4.12669e-06
     64.7205 -3.97372e-06
     65.4523  -3.9811e-06
     66.1923 -4.02597e-06
     66.9408 -4.02059e-06
     67.6976 -4.02621e-06
      68.463 -3.90764e-06
     69.2371 -4.04657e-06
       70.02 -3.99595e-06
     70.8116 -3.92794e-06
     71.6123 -3.99224e-06
      72.422 -3.98083e-06
     73.2408 -3.96727e-06
     74.0689  -3.8819e-06
     74.9064 -4.06791e-06
     75.7533 -3.93756e-06
     76.6098 -3.86602e-06
      77.476 -4.05002e-06
      78.352 -3.86651e-06
     79.2379 -3.93648e-06
     80.1338 -4.00294e-06
     81.0398 -3.81951e-06
     81.9561 -3.96524e-06
     82.8827 -3.87951e-06
     83.8198 -3.87325e-06
     84.7676 -3.93657e-06
      85.726 -3.87645e-06
     86.6952 -3.85383e-06
     87.6755 -3.88433e-06
     88.6668 -3.86329e-06
     89.6693 -3.87348e-06
     90.6831 -3.84302e-06
     91.7084 -3.88306e-06
     92.7454 -3.78734e-06
      93.794 -3.84091e-06
     94.8545 -3.83857e-06
     95.9269 -3.80712e-06
     97.0115 -3.80083e-06
     98.1084 -3.79268e-06
     99.2177 -3.77888e-06
