 0.000992177   -0.0820843
  0.00100339   -0.0741278
  0.00101474    -0.084827
  0.00102621   -0.0730518
  0.00103782   -0.0802241
  0.00104955   -0.0798317
  0.00106142   -0.0737926
  0.00107342   -0.0812979
  0.00108555   -0.0735397
  0.00109783   -0.0788421
  0.00111024   -0.0766853
  0.00112279   -0.0734918
  0.00113549   -0.0793193
  0.00114833   -0.0726661
  0.00116131    -0.076101
  0.00117444   -0.0747776
  0.00118772   -0.0748058
  0.00120115   -0.0727099
  0.00121473   -0.0754657
  0.00122846   -0.0710342
  0.00124235   -0.0756285
   0.0012564   -0.0704681
  0.00127061   -0.0721058
  0.00128497   -0.0737117
   0.0012995   -0.0689165
  0.00131419   -0.0725264
  0.00132905   -0.0694809
  0.00134408   -0.0709321
  0.00135928   -0.0685876
  0.00137465   -0.0700849
  0.00139019   -0.0679689
  0.00140591   -0.0684344
   0.0014218   -0.0681031
  0.00143788    -0.066522
  0.00145413   -0.0672471
  0.00147058   -0.0663002
   0.0014872   -0.0652429
  0.00150402   -0.0657681
  0.00152102   -0.0642301
  0.00153822   -0.0644099
  0.00155561   -0.0635205
   0.0015732   -0.0627572
  0.00159099    -0.063024
  0.00160898   -0.0611447
  0.00162717   -0.0619621
  0.00164557    -0.060084
  0.00166417   -0.0606327
  0.00168299   -0.0588543
  0.00170202   -0.0593709
  0.00172126   -0.0577693
  0.00174072   -0.0577208
   0.0017604    -0.056815
  0.00178031   -0.0561586
  0.00180044   -0.0555692
  0.00182079   -0.0546899
  0.00184138   -0.0542855
   0.0018622   -0.0531806
  0.00188326   -0.0528171
  0.00190455   -0.0519128
  0.00192608   -0.0510172
  0.00194786   -0.0507025
  0.00196988   -0.0493437
  0.00199216   -0.0491082
  0.00201468   -0.0479495
  0.00203746   -0.0473014
   0.0020605    -0.046516
  0.00208379   -0.0455507
  0.00210735   -0.0449041
  0.00213118   -0.0438836
  0.00215528   -0.0431646
  0.00217965   -0.0422125
  0.00220429   -0.0413875
  0.00222921    -0.040468
  0.00225442   -0.0396064
  0.00227991     -0.03867
  0.00230568   -0.0377774
  0.00233175    -0.036846
  0.00235812   -0.0359077
  0.00238478    -0.034981
  0.00241174   -0.0340057
  0.00243901   -0.0330816
  0.00246659   -0.0320693
  0.00249448   -0.0311471
  0.00252268   -0.0301071
   0.0025512   -0.0291746
  0.00258005   -0.0281241
  0.00260922   -0.0271704
  0.00263872   -0.0261169
  0.00266856   -0.0251406
  0.00269873   -0.0240895
  0.00272924   -0.0230904
   0.0027601    -0.022041
  0.00279131    -0.021027
  0.00282287   -0.0199776
  0.00285478    -0.018952
  0.00288706    -0.017902
  0.00291971    -0.016874
  0.00295272   -0.0158204
   0.0029861    -0.014793
  0.00301986   -0.0137424
  0.00305401   -0.0127155
  0.00308854   -0.0116704
  0.00312346   -0.0106502
  0.00315878  -0.00961175
  0.00319449  -0.00860146
  0.00323061  -0.00757502
  0.00326714  -0.00657605
  0.00330408   -0.0055672
  0.00334143  -0.00458311
  0.00337921  -0.00359464
  0.00341742  -0.00263124
  0.00345606  -0.00166622
  0.00349514 -0.000728041
  0.00353465  0.000208488
  0.00357462   0.00111765
  0.00361503   0.00202116
  0.00365591   0.00289569
  0.00369724   0.00376255
  0.00373905   0.00459681
  0.00378132   0.00542237
  0.00382408   0.00621171
  0.00386731   0.00699066
  0.00391104   0.00773041
  0.00395526   0.00845696
  0.00399998   0.00914298
  0.00404521   0.00981193
  0.00409094    0.0104388
   0.0041372    0.0110454
  0.00418397    0.0116083
  0.00423128    0.0121478
  0.00427912    0.0126417
   0.0043275    0.0131097
  0.00437643    0.0135301
  0.00442592    0.0139221
  0.00447596    0.0142649
  0.00452656    0.0145768
  0.00457774    0.0148385
   0.0046295    0.0150666
  0.00468185    0.0152439
  0.00473478    0.0153855
  0.00478832    0.0154755
  0.00484245    0.0155286
  0.00489721    0.0155294
  0.00495258    0.0154923
  0.00500857    0.0154031
   0.0050652    0.0152753
  0.00512247    0.0150959
  0.00518039    0.0148781
  0.00523896    0.0146093
   0.0052982    0.0143032
   0.0053581    0.0139474
  0.00541868    0.0135557
  0.00547995    0.0131165
  0.00554191    0.0126435
  0.00560457    0.0121259
  0.00566794    0.0115772
  0.00573202    0.0109876
  0.00579683    0.0103706
  0.00586237   0.00971683
  0.00592866   0.00904016
  0.00599569   0.00833187
  0.00606348    0.0076058
  0.00613204     0.006854
  0.00620137   0.00609039
  0.00627148   0.00530764
  0.00634239   0.00451975
   0.0064141   0.00372001
  0.00648662   0.00292242
  0.00655997    0.0021209
  0.00663414   0.00132934
  0.00670914  0.000542264
    0.006785 -0.000226587
  0.00686172 -0.000982262
   0.0069393  -0.00171115
  0.00701776  -0.00241802
   0.0070971  -0.00308951
  0.00717735  -0.00373014
   0.0072585  -0.00432701
  0.00734057  -0.00488449
  0.00742356  -0.00539024
   0.0075075  -0.00584866
  0.00759238  -0.00624811
  0.00767823  -0.00659318
  0.00776504  -0.00687307
  0.00785284  -0.00709272
  0.00794162  -0.00724235
  0.00803142  -0.00732746
  0.00812222  -0.00733934
  0.00821406  -0.00728429
  0.00830693  -0.00715483
  0.00840085  -0.00695815
  0.00849584  -0.00668818
   0.0085919  -0.00635313
  0.00868904  -0.00594844
  0.00878728   -0.0054834
  0.00888664  -0.00495504
  0.00898711  -0.00437382
  0.00908873  -0.00373834
  0.00919149  -0.00306023
  0.00929541  -0.00233961
  0.00940051  -0.00158923
   0.0095068  -0.00081058
  0.00961429 -1.73751e-05
  0.00972299  0.000787689
  0.00983293   0.00159019
   0.0099441   0.00238651
   0.0100565   0.00316185
   0.0101702   0.00391204
   0.0102852    0.0046223
   0.0104015   0.00528837
   0.0105191   0.00589598
   0.0106381   0.00644131
   0.0107583   0.00691112
     0.01088   0.00730264
    0.011003   0.00760422
   0.0111274   0.00781472
   0.0112532   0.00792468
   0.0113804   0.00793516
   0.0115091   0.00783944
   0.0116392   0.00764126
   0.0117708   0.00733709
   0.0119039   0.00693377
   0.0120385   0.00643122
   0.0121746   0.00583959
   0.0123123   0.00516238
   0.0124515   0.00441302
   0.0125923   0.00359842
   0.0127347     0.002735
   0.0128786   0.00183261
   0.0130243  0.000910103
   0.0131715 -2.04896e-05
   0.0133204 -0.000938836
   0.0134711  -0.00183176
   0.0136234  -0.00267866
   0.0137774  -0.00346653
   0.0139332   -0.0041759
   0.0140907  -0.00479549
     0.01425  -0.00530849
   0.0144111  -0.00570688
   0.0145741  -0.00597806
   0.0147389  -0.00611873
   0.0149055  -0.00612183
    0.015074  -0.00598995
   0.0152445  -0.00572249
   0.0154168  -0.00532864
   0.0155911  -0.00481463
   0.0157674  -0.00419623
   0.0159457  -0.00348613
    0.016126  -0.00270591
   0.0163083   -0.0018735
   0.0164927  -0.00101462
   0.0166792 -0.000150406
   0.0168678  0.000691694
   0.0170585   0.00149013
   0.0172514   0.00221873
   0.0174464   0.00285872
   0.0176437    0.0033885
   0.0178432   0.00379528
   0.0180449   0.00406507
   0.0182489   0.00419384
   0.0184553   0.00417747
   0.0186639    0.0040224
    0.018875   0.00373541
   0.0190884   0.00333357
   0.0193042   0.00283385
   0.0195225   0.00226233
   0.0197432   0.00164355
   0.0199664   0.00100907
   0.0201922  0.000386665
   0.0204205  -0.00019165
   0.0206513 -0.000700384
   0.0208848  -0.00111284
    0.021121  -0.00141158
   0.0213598  -0.00158064
   0.0216013  -0.00161539
   0.0218455   -0.0015144
   0.0220925  -0.00128833
   0.0223423 -0.000951241
   0.0225949 -0.000528353
   0.0228504 -4.65985e-05
   0.0231088  0.000458673
     0.02337  0.000953782
   0.0236343   0.00140085
   0.0239015   0.00176813
   0.0241717   0.00202448
    0.024445   0.00214939
   0.0247214    0.0021271
   0.0250009   0.00195566
   0.0252836   0.00164011
   0.0255695   0.00119993
   0.0258586  0.000660867
   0.0261509  6.06287e-05
   0.0264466 -0.000560736
   0.0267456  -0.00115666
    0.027048  -0.00168454
   0.0273539  -0.00210227
   0.0276631  -0.00237863
   0.0279759  -0.00248938
   0.0282922   -0.0024263
   0.0286121  -0.00219169
   0.0289356  -0.00180508
   0.0292628   -0.0012954
   0.0295936 -0.000705061
   0.0299282 -7.99643e-05
   0.0302666  0.000528408
   0.0306088   0.00107396
   0.0309549   0.00151433
   0.0313049   0.00182101
   0.0316589   0.00197617
   0.0320168   0.00198011
   0.0323788   0.00184512
   0.0327449   0.00159941
   0.0331151   0.00127784
   0.0334896  0.000923081
   0.0338682  0.000574648
   0.0342511  0.000269487
   0.0346384  3.20069e-05
     0.03503 -0.000123282
   0.0354261  -0.00019832
   0.0358267 -0.000205057
   0.0362317 -0.000167894
   0.0366414 -0.000113908
   0.0370557 -7.28873e-05
   0.0374746 -6.69208e-05
   0.0378983  -0.00011135
   0.0383268 -0.000207125
   0.0387602 -0.000345549
   0.0391984 -0.000505164
   0.0396416 -0.000660549
   0.0400898 -0.000782361
   0.0405431 -0.000847363
   0.0410015 -0.000837853
   0.0414651 -0.000749018
   0.0419339 -0.000584553
   0.0424081 -0.000359618
   0.0428875 -9.29014e-05
   0.0433725  0.000192609
   0.0438628   0.00047749
   0.0443588  0.000743185
   0.0448603  0.000976472
   0.0453675   0.00116341
   0.0458805   0.00129152
   0.0463992   0.00134397
   0.0469239   0.00130456
   0.0474544   0.00115694
   0.0479909   0.00089495
   0.0485336  0.000525525
   0.0490823  7.85287e-05
   0.0496373 -0.000396109
   0.0501985 -0.000829502
   0.0507661  -0.00115004
     0.05134  -0.00129649
   0.0519205  -0.00123969
   0.0525076 -0.000991064
   0.0531012 -0.000608352
   0.0537016 -0.000179887
   0.0543088  0.000195646
   0.0549229   0.00044319
   0.0555438   0.00053383
   0.0561718  0.000500463
    0.056807  0.000424445
   0.0574492  0.000408125
   0.0580988  0.000527315
   0.0587557   0.00079438
     0.05942   0.00113545
   0.0600919   0.00140888
   0.0607713   0.00145109
   0.0614584   0.00114923
   0.0621533  0.000499868
    0.062856 -0.000361782
   0.0635667   -0.0011945
   0.0642854  -0.00172893
   0.0650123  -0.00177657
   0.0657473  -0.00131205
   0.0664907 -0.000499597
   0.0672425  0.000368755
   0.0680028  0.000992084
   0.0687716   0.00119717
   0.0695492   0.00101414
   0.0703356  0.000658257
   0.0711308  0.000407265
   0.0719351   0.00044358
   0.0727484  0.000736313
   0.0735709   0.00104776
   0.0744028   0.00106373
    0.075244    0.0005945
   0.0760947  -0.00028023
   0.0769551  -0.00120959
   0.0778252  -0.00174409
   0.0787051  -0.00158514
    0.079595  -0.00077395
    0.080495  0.000315146
   0.0814051    0.0011779
   0.0823255   0.00147147
   0.0832563   0.00119893
   0.0841976  0.000672664
   0.0851496  0.000271371
   0.0861124  0.000171824
    0.087086  0.000242257
   0.0880707  0.000186305
   0.0890664 -0.000182436
   0.0900735 -0.000745606
   0.0910919  -0.00113782
   0.0921218  -0.00101515
   0.0931634 -0.000336135
   0.0942167  0.000576878
    0.095282   0.00124056
   0.0963593   0.00133005
   0.0974488  0.000866944
   0.0985506  0.000161516
   0.0996649 -0.000424345
    0.100792 -0.000691268
    0.101931 -0.000662122
    0.103084 -0.000481319
    0.104249 -0.000272241
    0.105428 -5.46203e-05
     0.10662  0.000221755
    0.107826  0.000564606
    0.109045  0.000833623
    0.110278  0.000775558
    0.111524  0.000237081
    0.112785 -0.000586927
    0.114061  -0.00116785
     0.11535  -0.00103283
    0.116655 -0.000233991
    0.117973  0.000628915
    0.119307   0.00094977
    0.120656  0.000681046
     0.12202  0.000259756
      0.1234   1.1747e-07
    0.124795 -0.000238452
    0.126206 -0.000642794
    0.127633 -0.000924265
    0.129076 -0.000557754
    0.130536  0.000418759
    0.132012   0.00120359
    0.133504   0.00106406
    0.135014   0.00017749
     0.13654 -0.000624331
    0.138084 -0.000800975
    0.139645 -0.000496951
    0.141224 -8.05964e-05
    0.142821   0.00030307
    0.144436  0.000612418
    0.146069  0.000649056
     0.14772  0.000217666
    0.149391 -0.000465655
     0.15108  -0.00075695
    0.152788 -0.000255698
    0.154515  0.000544751
    0.156262  0.000710114
    0.158029   9.9301e-05
    0.159816 -0.000452979
    0.161623 -0.000383835
     0.16345 -1.52349e-05
    0.165298  0.000299196
    0.167167  0.000552906
    0.169057  0.000461763
    0.170969 -0.000239168
    0.172902 -0.000850086
    0.174857 -0.000438593
    0.176834  0.000620516
    0.178833   0.00105153
    0.180855  0.000414494
      0.1829 -0.000458087
    0.184968 -0.000655243
    0.187059 -0.000177788
    0.189174  0.000421952
    0.191313  0.000661581
    0.193476  0.000231659
    0.195664 -0.000439691
    0.197876 -0.000312245
    0.200114  0.000382202
    0.202376   0.00031188
    0.204664 -0.000404111
    0.206978 -0.000495817
    0.209319  0.000178198
    0.211685  0.000600542
    0.214079  0.000114131
    0.216499 -0.000700954
    0.218947 -0.000749691
    0.221423  0.000129003
    0.223926  0.000678178
    0.226458 -3.31268e-05
    0.229018 -0.000671162
    0.231608 -0.000164408
    0.234226   0.00021567
    0.236875 -0.000209056
    0.239553 -0.000346938
    0.242261  0.000309516
    0.245001  0.000480638
    0.247771 -0.000368653
    0.250572 -0.000676815
    0.253405  0.000259731
     0.25627  0.000695694
    0.259168 -9.60259e-05
    0.262098 -0.000237664
    0.265062  0.000251847
    0.268059 -2.83435e-05
    0.271089 -0.000198314
    0.274154  0.000604795
    0.277254   0.00047066
    0.280389 -0.000535773
    0.283559 -0.000100198
    0.286765  0.000582216
    0.290008  5.70395e-05
    0.293287    0.0001778
    0.296603  0.000251529
    0.299956 -0.000432623
    0.303348  0.000121843
    0.306777  0.000660164
    0.310246 -0.000122614
    0.313754 -0.000174018
    0.317301  3.65506e-05
    0.320889 -0.000191313
    0.324517    0.0004614
    0.328186  -3.6436e-05
    0.331897 -0.000614658
    0.335649  0.000167535
    0.339444 -0.000177441
    0.343282   0.00027102
    0.347164 -0.000344732
    0.351089 -0.000481926
    0.355059  0.000240133
    0.359073 -8.28264e-05
    0.363133  0.000108618
    0.367239 -0.000596547
    0.371391  0.000148288
     0.37559  0.000112307
    0.379837  8.33251e-05
    0.384131 -0.000390509
    0.388474 -1.25278e-05
    0.392867  0.000253501
    0.397309  4.82045e-05
    0.401801 -0.000315408
    0.406344 -3.14428e-05
    0.410938  0.000288634
    0.415584  1.81656e-07
    0.420283 -0.000309924
    0.425035   2.8495e-05
    0.429841  0.000272679
    0.434701 -0.000118683
    0.439616 -0.000295179
    0.444586  0.000145161
    0.449613  0.000208388
    0.454697  -0.00022488
    0.459838 -0.000101417
    0.465037  0.000373269
    0.470295  0.000171797
    0.475612 -8.57873e-05
     0.48099  0.000387471
    0.486428  0.000607987
    0.491928  0.000216172
     0.49749  0.000412312
    0.503115  0.000927218
    0.508803   0.00068812
    0.514556  0.000599104
    0.520374   0.00122078
    0.526258   0.00126801
    0.532208   0.00104644
    0.538225   0.00167247
    0.544311   0.00205067
    0.550465   0.00189192
    0.556689   0.00258591
    0.562983   0.00334053
    0.569348   0.00345815
    0.575786   0.00440889
    0.582296   0.00566312
     0.58888    0.0062921
    0.595538   0.00782351
    0.602271   0.00983263
    0.609081    0.0113528
    0.615967    0.0139998
    0.622932    0.0172797
    0.629975    0.0203616
    0.637098    0.0250014
    0.644301    0.0304377
    0.651586    0.0362619
    0.658953    0.0443032
    0.666404    0.0534395
    0.673939    0.0640169
    0.681558    0.0776749
    0.689264    0.0930443
    0.697058     0.111544
    0.704939     0.134107
    0.712909     0.159698
     0.72097     0.190664
    0.729122     0.226782
    0.737365     0.268213
    0.745702     0.317252
    0.754134     0.372674
     0.76266      0.43625
    0.771283     0.508485
    0.780004     0.588334
    0.788823     0.677639
    0.797742     0.774095
    0.806762     0.877496
    0.815883     0.986257
    0.825108      1.09622
    0.834437      1.20552
    0.843872      1.30708
    0.853413      1.39588
    0.863062      1.46384
    0.872821      1.50143
    0.882689      1.50056
    0.892669      1.44926
    0.902762      1.34031
    0.912969      1.16429
    0.923292      0.91753
    0.933731     0.599457
    0.944288     0.214611
    0.954965    -0.224058
    0.965762    -0.700703
    0.976682     -1.19046
    0.987725     -1.67113
    0.998892     -2.11882
     1.01019     -2.52171
     1.02161     -2.87805
     1.03316     -3.20321
     1.04484     -3.52204
     1.05665     -3.85606
      1.0686      -4.1996
     1.08068     -4.48494
      1.0929     -4.55794
     1.10526     -4.16697
     1.11776     -3.01381
     1.13039    -0.859988
     1.14317      2.28564
      1.1561      5.99315
     1.16917      9.34486
     1.18239      11.1833
     1.19576      10.6856
     1.20928      8.03357
     1.22295      4.28426
     1.23678     0.654421
     1.25076     -2.03103
      1.2649     -3.52402
     1.27921     -4.01749
     1.29367     -3.89357
      1.3083     -3.50615
     1.32309     -3.07387
     1.33805     -2.67385
     1.35318     -2.29401
     1.36848     -1.89518
     1.38395     -1.45452
      1.3996    -0.980962
     1.41542    -0.509061
     1.43143   -0.0826646
     1.44761     0.261015
     1.46398      0.50117
     1.48053     0.635701
     1.49727     0.677837
      1.5142     0.649912
     1.53132      0.57693
     1.54863     0.481659
     1.56614     0.381832
     1.58385     0.289282
     1.60176     0.210407
     1.61987     0.147426
     1.63818    0.0997717
     1.65671    0.0653424
     1.67544    0.0414815
     1.69438    0.0255685
     1.71354    0.0153217
     1.73291   0.00893416
     1.75251   0.00507723
     1.77232   0.00282011
     1.79236   0.00153491
     1.81262  0.000820081
     1.83312  0.000420845
     1.85384  0.000196847
     1.87481  8.13629e-05
       1.896  3.87782e-05
     1.91744  2.17299e-05
     1.93912  4.98484e-07
     1.96104 -1.18325e-05
     1.98322 -7.09314e-06
     2.00564  1.45312e-05
     2.02832  1.89001e-05
     2.05125  6.14196e-06
     2.07444 -6.80678e-06
      2.0979 -1.33603e-05
     2.12162 -6.88255e-06
     2.14561   6.4678e-06
     2.16987  1.53813e-05
      2.1944  1.79858e-05
     2.21921  4.72162e-06
      2.2443 -1.73916e-05
     2.26968 -2.94265e-05
     2.29534 -1.63961e-05
     2.32129  7.21992e-06
     2.34754  2.04526e-05
     2.37408  1.34651e-05
     2.40092  1.81325e-06
     2.42807 -2.03512e-06
     2.45552  7.19022e-06
     2.48328  3.36627e-06
     2.51136 -9.26853e-06
     2.53976 -1.72698e-05
     2.56847 -7.06426e-06
     2.59751 -1.08964e-06
     2.62688   3.1763e-06
     2.65658   8.2905e-06
     2.68662  9.44916e-06
       2.717  5.29006e-06
     2.74772  7.97769e-06
     2.77878  1.55261e-06
      2.8102 -1.45931e-05
     2.84198 -1.58941e-05
     2.87411  1.85531e-06
      2.9066  1.08133e-05
     2.93947  6.33547e-07
      2.9727 -8.08029e-06
     3.00631 -2.54216e-06
      3.0403  3.10062e-06
     3.07468  5.41693e-06
     3.10944  7.44101e-06
      3.1446    5.058e-06
     3.18016 -7.92315e-06
     3.21611 -8.34655e-06
     3.25248 -4.24754e-06
     3.28925  -5.8971e-07
     3.32644  1.58346e-05
     3.36405    1.142e-05
     3.40209 -1.50271e-05
     3.44055 -1.57274e-05
     3.47945 -2.92887e-06
     3.51879  2.29617e-06
     3.55858  1.48137e-05
     3.59881  1.63752e-05
      3.6395  -8.3103e-07
     3.68065  -9.9229e-06
     3.72227 -1.45592e-05
     3.76436 -1.06736e-05
     3.80692  1.39692e-06
     3.84996  1.26508e-05
     3.89349  1.12517e-05
     3.93751  1.01973e-05
     3.98203 -7.00052e-06
     4.02705 -8.45254e-06
     4.07259 -1.19945e-05
     4.11863  2.73896e-06
      4.1652  6.11409e-06
     4.21229 -1.51553e-06
     4.25992  -4.7914e-07
     4.30809 -8.97909e-07
      4.3568   7.7587e-06
     4.40606  7.39329e-06
     4.45587 -1.28283e-05
     4.50625 -4.15523e-06
      4.5572  1.05024e-05
     4.60873 -1.94419e-06
     4.66084 -1.41056e-05
     4.71354  1.24131e-05
     4.76683  1.85428e-06
     4.82073 -4.69648e-06
     4.87523 -4.08562e-06
     4.93035  7.60658e-06
      4.9861  6.12094e-07
     5.04247 -1.36937e-06
     5.09949  4.97827e-06
     5.15714 -5.11416e-06
     5.21545 -4.27419e-06
     5.27442 -8.03835e-06
     5.33406  7.61521e-06
     5.39437  1.07988e-05
     5.45536  9.83274e-07
     5.51704 -1.21999e-05
     5.57942  4.35288e-06
      5.6425 -2.38779e-06
      5.7063   3.3949e-06
     5.77082 -2.87419e-06
     5.83607 -4.35975e-06
     5.90205  1.09489e-05
     5.96878 -2.06108e-06
     6.03627 -3.28071e-06
     6.10452 -4.81879e-06
     6.17354  5.57208e-06
     6.24334 -2.24084e-06
     6.31393  5.18578e-06
     6.38532  1.92604e-06
     6.45752 -9.03805e-06
     6.53053   1.6023e-06
     6.60437 -3.90616e-06
     6.67904   4.2711e-06
     6.75456  1.22327e-05
     6.83093 -5.25921e-06
     6.90816 -1.17175e-05
     6.98627 -3.00616e-06
     7.06526  1.32514e-05
     7.14514  7.64678e-08
     7.22593 -4.73092e-06
     7.30763  1.90772e-06
     7.39025 -4.59163e-06
     7.47381   6.7203e-06
     7.55831 -3.35835e-06
     7.64377  -5.4212e-06
      7.7302  7.44944e-06
      7.8176  2.10701e-06
     7.90599 -6.36376e-06
     7.99538  3.34499e-06
     8.08578 -2.44116e-06
      8.1772 -1.88707e-06
     8.26966  8.42148e-06
     8.36316 -7.45044e-06
     8.45772  1.98461e-06
     8.55334  2.98214e-06
     8.65005 -7.62819e-06
     8.74785  8.23644e-06
     8.84676  -3.9803e-06
     8.94679  9.07695e-07
     9.04795 -2.49694e-06
     9.15025  6.12179e-06
      9.2537  -6.1614e-06
     9.35833  9.01407e-07
     9.46414  2.80381e-06
     9.57115 -6.56311e-07
     9.67936  -1.7831e-06
      9.7888 -7.14104e-07
     9.89948   5.8805e-06
     10.0114 -8.50931e-06
     10.1246  6.58772e-06
     10.2391 -2.73731e-06
     10.3548  1.44642e-07
     10.4719  1.38755e-06
     10.5903 -2.76137e-06
     10.7101  2.11443e-06
     10.8312  7.07652e-07
     10.9536 -1.89144e-06
     11.0775  -1.9007e-07
     11.2027  2.14362e-06
     11.3294 -1.80053e-06
     11.4575  1.09615e-06
      11.587 -1.63303e-06
      11.718  2.36099e-06
     11.8505  -2.2663e-06
     11.9845  1.62557e-06
       12.12 -1.17989e-06
      12.257  1.08374e-06
     12.3956 -1.10908e-06
     12.5358  1.20798e-06
     12.6775 -1.64983e-06
     12.8209  2.40781e-06
     12.9658 -2.83545e-06
     13.1124  2.24512e-06
     13.2607  -1.0436e-06
     13.4106  2.28469e-07
     13.5622 -2.60155e-07
     13.7156   6.2177e-07
     13.8707 -6.85545e-07
     14.0275  3.39579e-07
     14.1861  9.72717e-08
     14.3465 -3.74111e-07
     14.5087  4.33171e-07
     14.6727 -4.02128e-07
     14.8386  4.28822e-07
     15.0064  -5.5837e-07
     15.1761  6.16301e-07
     15.3477 -5.12749e-07
     15.5212  1.74249e-07
     15.6967  1.86294e-07
     15.8742 -3.46653e-07
     16.0536  2.60482e-07
     16.2351 -5.55504e-08
     16.4187 -2.13596e-07
     16.6043  4.60549e-07
     16.7921 -6.45881e-07
     16.9819  6.39004e-07
      17.174 -3.79427e-07
     17.3681   1.8621e-08
     17.5645  1.94239e-07
     17.7631 -1.65438e-07
     17.9639 -7.60407e-08
      18.167  2.68714e-07
     18.3725  -2.7022e-07
     18.5802  9.38456e-08
     18.7903  1.03384e-07
     19.0027 -2.07965e-07
     19.2176   1.1549e-07
     19.4349  9.79662e-08
     19.6546 -3.20472e-07
     19.8768   4.3546e-07
     20.1016 -4.09476e-07
     20.3288  2.30441e-07
     20.5587 -8.11353e-09
     20.7911 -1.94147e-07
     21.0262  2.83783e-07
     21.2639 -2.63723e-07
     21.5044  1.70761e-07
     21.7475 -7.56682e-08
     21.9934 -3.66986e-08
     22.2421    1.123e-07
     22.4935 -1.50773e-07
     22.7479  1.51825e-07
     23.0051 -1.49344e-07
     23.2652   1.1961e-07
     23.5282 -9.07314e-08
     23.7942  4.87425e-08
     24.0633  -2.4456e-08
     24.3353  1.50749e-09
     24.6105 -2.30971e-09
     24.8888 -8.20477e-09
     25.1702  8.43253e-09
     25.4547 -1.71677e-08
     25.7425  1.17061e-08
     26.0336 -1.16116e-08
      26.328  3.65329e-09
     26.6256 -1.49776e-08
     26.9267  1.45221e-08
     27.2311 -1.47447e-08
      27.539 -2.43926e-09
     27.8504  8.49656e-10
     28.1653 -6.29478e-09
     28.4837 -6.70127e-10
     28.8058 -2.31622e-09
     29.1315 -3.29754e-09
     29.4609 -1.60883e-09
      29.794 -4.39478e-09
     30.1308 -4.52555e-09
     30.4715  2.14172e-09
      30.816 -7.17983e-09
     31.1644 -5.13567e-10
     31.5168 -3.20301e-09
     31.8731 -3.54018e-09
     32.2335 -1.96944e-09
      32.598 -6.21037e-09
     32.9665  1.18663e-09
     33.3393 -3.37368e-09
     33.7162 -2.20503e-09
     34.0974 -3.31105e-09
      34.483 -5.08762e-09
     34.8729  7.01614e-10
     35.2671 -6.35857e-09
     35.6659  -1.2621e-09
     36.0691 -1.04823e-09
      36.477 -3.93078e-09
     36.8894 -3.72053e-09
     37.3065 -2.46684e-09
     37.7283 -1.58846e-09
     38.1549 -5.05898e-09
     38.5863 -4.45947e-10
     39.0225 -3.96145e-09
     39.4638 -1.94798e-09
       39.91 -3.43526e-09
     40.3612 -2.82746e-09
     40.8175 -3.37772e-09
      41.279 -1.57523e-09
     41.7458 -3.26519e-09
     42.2178 -2.52256e-09
     42.6951 -2.05092e-09
     43.1778 -5.25352e-09
      43.666  -1.0525e-09
     44.1597 -2.33654e-09
      44.659 -3.84201e-09
      45.164 -9.09846e-10
     45.6746 -5.10296e-09
      46.191 -2.23324e-09
     46.7133 -2.12449e-09
     47.2415 -2.78354e-09
     47.7756 -1.97238e-09
     48.3158 -4.51315e-09
     48.8621 -2.06271e-09
     49.4145 -2.09967e-09
     49.9732 -3.36876e-09
     50.5383 -2.11715e-09
     51.1097 -4.10533e-09
     51.6875 -1.26622e-09
      52.272 -3.57535e-09
      52.863 -2.26734e-09
     53.4607 -3.01774e-09
     54.0651 -2.41037e-09
     54.6764 -3.32554e-09
     55.2946 -1.61131e-09
     55.9198 -4.10825e-09
     56.5521 -1.95977e-09
     57.1915 -3.13816e-09
     57.8381 -1.54373e-09
      58.492 -4.14634e-09
     59.1534 -1.68673e-09
     59.8222 -3.38403e-09
     60.4986 -2.46472e-09
     61.1826 -2.87873e-09
     61.8744 -1.72039e-09
      62.574 -4.01703e-09
     63.2815 -2.12701e-09
      63.997  -2.6294e-09
     64.7205 -2.44682e-09
     65.4523  -3.1406e-09
     66.1923 -2.43725e-09
     66.9408 -2.82767e-09
     67.6976 -2.36176e-09
      68.463 -3.01395e-09
     69.2371 -2.35174e-09
       70.02  -2.7547e-09
     70.8116 -2.76852e-09
     71.6123 -2.62607e-09
      72.422 -2.45116e-09
     73.2408 -2.67838e-09
     74.0689 -2.88761e-09
     74.9064 -2.33909e-09
     75.7533   -2.649e-09
     76.6098 -2.91368e-09
      77.476 -2.17763e-09
      78.352  -2.8815e-09
     79.2379 -2.60842e-09
     80.1338 -2.37785e-09
     81.0398 -2.90364e-09
     81.9561 -2.34661e-09
     82.8827 -2.61248e-09
     83.8198 -2.68929e-09
     84.7676 -2.44489e-09
      85.726 -2.61905e-09
     86.6952 -2.59491e-09
     87.6755 -2.46601e-09
     88.6668 -2.56726e-09
     89.6693 -2.56213e-09
     90.6831 -2.58214e-09
     91.7084 -2.36943e-09
     92.7454 -2.66999e-09
      93.794 -2.45892e-09
     94.8545 -2.44794e-09
     95.9269 -2.56495e-09
     97.0115 -2.49496e-09
     98.1084 -2.42682e-09
     99.2177 -2.47397e-09
