 0.000992139  -0.00783341
  0.00100336    0.0283472
   0.0010147   -0.0232539
  0.00102617    0.0313229
  0.00103778  -0.00398538
  0.00104951  -0.00327602
  0.00106138    0.0242539
  0.00107338   -0.0128729
  0.00108551    0.0228887
  0.00109779  -0.00386254
   0.0011102   0.00529732
  0.00112275    0.0188773
  0.00113544   -0.0101335
  0.00114828    0.0200535
  0.00116127   0.00224793
   0.0011744   0.00695042
  0.00118767   0.00550271
   0.0012011    0.0136844
  0.00121468 -0.000856016
  0.00122842     0.018485
  0.00124231  -0.00492027
  0.00125635      0.01791
  0.00127056   0.00836085
  0.00128492  -0.00103419
  0.00129945    0.0201342
  0.00131414  0.000908462
    0.001329    0.0137492
  0.00134403   0.00480647
  0.00135922    0.0141585
  0.00137459   0.00493761
  0.00139013     0.013145
  0.00140585   0.00874618
  0.00142175   0.00838752
  0.00143782    0.0136768
  0.00145408   0.00814828
  0.00147052    0.0104041
  0.00148715    0.0132698
  0.00150396   0.00839414
  0.00152096    0.0135118
  0.00153816    0.0101828
  0.00155555    0.0121233
  0.00157314    0.0132026
  0.00159093   0.00954927
  0.00160892     0.015874
  0.00162711   0.00947877
   0.0016455    0.0157338
  0.00166411    0.0105252
  0.00168292    0.0162066
  0.00170195    0.0110623
   0.0017212    0.0158202
  0.00174066    0.0132611
  0.00176034    0.0146152
  0.00178024    0.0148651
  0.00180037    0.0146083
  0.00182072    0.0158261
  0.00184131    0.0145971
  0.00186213    0.0167901
  0.00188318    0.0152667
  0.00190448    0.0164154
  0.00192601    0.0173202
  0.00194779    0.0155646
  0.00196981     0.018587
  0.00199208    0.0163407
   0.0020146     0.018326
  0.00203738    0.0179386
  0.00206042    0.0180508
  0.00208371    0.0190768
  0.00210727    0.0184288
   0.0021311    0.0196229
  0.00215519    0.0192221
  0.00217956    0.0199941
  0.00220421    0.0200047
  0.00222913    0.0205237
  0.00225433    0.0206189
  0.00227982    0.0211238
   0.0023056    0.0212764
  0.00233166    0.0216662
  0.00235803    0.0219495
  0.00238469    0.0222284
  0.00241165    0.0226045
  0.00243892    0.0227861
  0.00246649    0.0232588
  0.00249438    0.0233508
  0.00252258     0.023881
  0.00255111     0.023946
  0.00257995    0.0244569
  0.00260912    0.0245529
  0.00263862    0.0250141
  0.00266845    0.0251546
  0.00269863    0.0255483
  0.00272914    0.0257407
  0.00275999    0.0260771
   0.0027912    0.0262935
  0.00282276    0.0265892
  0.00285468    0.0268219
  0.00288695    0.0270892
  0.00291959    0.0273052
   0.0029526    0.0275689
  0.00298599    0.0277643
  0.00301975    0.0280046
  0.00305389    0.0281917
  0.00308842    0.0284094
  0.00312334     0.028572
  0.00315865    0.0287741
  0.00319437    0.0289111
  0.00323048     0.029087
  0.00326701    0.0292064
  0.00330395     0.029345
   0.0033413     0.029446
  0.00337908    0.0295502
  0.00341729    0.0296222
  0.00345593    0.0296949
    0.003495    0.0297341
  0.00353452    0.0297696
  0.00357448    0.0297767
   0.0036149    0.0297725
  0.00365577    0.0297406
   0.0036971    0.0296994
   0.0037389    0.0296218
  0.00378118    0.0295419
  0.00382393    0.0294173
  0.00386716    0.0292945
  0.00391089    0.0291221
  0.00395511    0.0289504
  0.00399983    0.0287319
  0.00404505     0.028508
  0.00409079    0.0282391
  0.00413704    0.0279622
  0.00418381    0.0276415
  0.00423112    0.0273095
  0.00427896    0.0269343
  0.00432734     0.026547
  0.00437626    0.0261157
  0.00442575    0.0256713
  0.00447578    0.0251841
  0.00452639    0.0246812
  0.00457757    0.0241381
  0.00462932    0.0235766
  0.00468167    0.0229776
   0.0047346    0.0223588
  0.00478813    0.0217038
  0.00484227    0.0210298
  0.00489702    0.0203206
  0.00495239    0.0195924
  0.00500838    0.0188322
  0.00506501    0.0180529
  0.00512228    0.0172445
  0.00518019    0.0164188
  0.00523876    0.0155656
  0.00529799    0.0146988
   0.0053579    0.0138064
  0.00541847    0.0129039
  0.00547974    0.0119793
   0.0055417    0.0110475
  0.00560435    0.0100984
  0.00566772   0.00914583
   0.0057318   0.00818019
  0.00579661   0.00721649
  0.00586215   0.00624417
  0.00592843   0.00527917
  0.00599546    0.0043113
  0.00606325   0.00335624
   0.0061318   0.00240443
  0.00620113   0.00147167
  0.00627124  0.000548522
  0.00634215 -0.000349037
  0.00641386  -0.00123013
  0.00648637    -0.002079
  0.00655971  -0.00290418
  0.00663388  -0.00369044
  0.00670889  -0.00444575
  0.00678474  -0.00515532
  0.00686145  -0.00582695
  0.00693903  -0.00644604
  0.00701749  -0.00702052
  0.00709683   -0.0075362
  0.00717707  -0.00800085
  0.00725822  -0.00840118
  0.00734029  -0.00874483
  0.00742328  -0.00901941
  0.00750721  -0.00923266
  0.00759209  -0.00937326
  0.00767793  -0.00944909
  0.00776474  -0.00945009
  0.00785253   -0.0093844
  0.00794132  -0.00924326
  0.00803111  -0.00903543
  0.00812191   -0.0087533
  0.00821374  -0.00840654
  0.00830661  -0.00798874
  0.00840053  -0.00751053
  0.00849551  -0.00696688
  0.00859157  -0.00636932
  0.00868871  -0.00571435
  0.00878695  -0.00501433
   0.0088863  -0.00426734
  0.00898677  -0.00348657
  0.00908838  -0.00267151
  0.00919114  -0.00183624
  0.00929506   -0.0009814
  0.00940015  -0.00012189
  0.00950643  0.000740676
  0.00961392   0.00159091
  0.00972262   0.00242639
  0.00983255    0.0032316
  0.00994372   0.00400363
   0.0100561   0.00472721
   0.0101698    0.0053994
   0.0102848   0.00600559
   0.0104011   0.00654328
   0.0105187   0.00699902
   0.0106377   0.00737134
   0.0107579   0.00764841
   0.0108796   0.00783033
   0.0110026   0.00790745
    0.011127   0.00788197
   0.0112528   0.00774694
     0.01138   0.00750708
   0.0115087   0.00715855
   0.0116388   0.00670904
   0.0117704   0.00615806
   0.0119035   0.00551647
   0.0120381   0.00478725
   0.0121742   0.00398444
   0.0123118    0.0031144
    0.012451   0.00219409
   0.0125918   0.00123285
   0.0127342  0.000250042
   0.0128782 -0.000742687
   0.0130238  -0.00172437
    0.013171  -0.00268203
   0.0133199  -0.00359422
   0.0134705  -0.00444788
   0.0136228  -0.00522238
   0.0137769  -0.00590602
   0.0139326  -0.00648052
   0.0140902  -0.00693705
   0.0142495  -0.00726121
   0.0144106  -0.00744854
   0.0145735  -0.00748991
   0.0147383  -0.00738654
   0.0149049  -0.00713566
   0.0150735  -0.00674504
   0.0152439  -0.00621889
   0.0154162  -0.00557182
   0.0155905  -0.00481492
   0.0157668  -0.00396921
   0.0159451  -0.00305182
   0.0161254  -0.00208884
   0.0163077  -0.00110172
   0.0164921 -0.000119519
   0.0166785  0.000834516
   0.0168671   0.00173122
   0.0170578   0.00254866
   0.0172507   0.00326085
   0.0174457   0.00385056
    0.017643   0.00429831
   0.0178425   0.00459476
   0.0180442   0.00472982
   0.0182482   0.00470446
   0.0184546   0.00451983
   0.0186632   0.00418839
   0.0188742   0.00372284
   0.0190876   0.00314655
   0.0193034   0.00248221
   0.0195217   0.00176155
   0.0197424   0.00101377
   0.0199656  0.000274537
   0.0201914 -0.000425604
   0.0204197  -0.00105277
   0.0206506  -0.00158115
    0.020884  -0.00198482
   0.0211202  -0.00224864
    0.021359  -0.00235996
   0.0216005  -0.00231877
   0.0218447  -0.00212889
   0.0220917  -0.00180711
   0.0223415  -0.00137362
   0.0225941 -0.000860028
   0.0228495 -0.000298971
   0.0231079  0.000269003
   0.0233691  0.000806329
   0.0236334   0.00127237
   0.0239006   0.00163442
   0.0241708   0.00186184
   0.0244441   0.00193651
   0.0247205   0.00184649
       0.025    0.0015952
   0.0252826   0.00119395
   0.0255685   0.00066933
   0.0258576  5.41721e-05
   0.0261499 -0.000606918
   0.0264456  -0.00126805
   0.0267446  -0.00187802
    0.027047  -0.00239155
   0.0273528  -0.00276579
   0.0276621  -0.00297114
   0.0279748  -0.00298707
   0.0282911  -0.00281113
    0.028611  -0.00245287
   0.0289345  -0.00194022
   0.0292617  -0.00131073
   0.0295925 -0.000615204
   0.0299271  9.33143e-05
   0.0302655  0.000757821
   0.0306077   0.00132911
   0.0309537   0.00176415
   0.0313037   0.00203655
   0.0316576   0.00213292
   0.0320156   0.00206013
   0.0323776   0.00183822
   0.0327436   0.00150379
   0.0331139   0.00109957
   0.0334883  0.000674967
   0.0338669  0.000274223
   0.0342498 -6.33065e-05
   0.0346371 -0.000313453
   0.0350287 -0.000464217
   0.0354247 -0.000522037
   0.0358253 -0.000504386
   0.0362303 -0.000441525
     0.03664 -0.000365603
   0.0370542 -0.000310102
   0.0374732 -0.000298684
   0.0378969 -0.000346147
   0.0383254  -0.00045078
   0.0387587 -0.000599845
   0.0391969 -0.000767098
   0.0396401 -0.000922704
   0.0400883  -0.00103399
   0.0405416  -0.00107632
   0.0409999  -0.00103264
   0.0414635 -0.000900921
   0.0419323 -0.000689076
   0.0424064 -0.000417314
   0.0428859 -0.000109123
   0.0433708  0.000208605
   0.0438612  0.000514132
   0.0443571  0.000788177
   0.0448586   0.00101828
   0.0453658   0.00119207
   0.0458787   0.00129894
   0.0463975   0.00132359
   0.0469221   0.00125094
   0.0474526   0.00106545
   0.0479891  0.000762113
   0.0485317  0.000349924
   0.0490804 -0.000137713
   0.0496354 -0.000646001
   0.0501966  -0.00110048
   0.0507641  -0.00142474
   0.0513381  -0.00155505
   0.0519185  -0.00146362
   0.0525055  -0.00116751
   0.0530992  -0.00073373
   0.0536996 -0.000261295
   0.0543067  0.000141969
   0.0549207  0.000396526
   0.0555417  0.000475447
   0.0561697  0.000419985
   0.0568048  0.000323526
    0.057447  0.000299763
   0.0580966  0.000430246
   0.0587534  0.000724274
   0.0594177   0.00109598
   0.0600895   0.00138666
   0.0607689   0.00141742
    0.061456   0.00106918
   0.0621509  0.000346006
   0.0628536 -0.000596197
   0.0635643  -0.00148896
   0.0642829  -0.00203979
   0.0650098  -0.00205174
   0.0657448   -0.0015111
   0.0664881 -0.000610856
   0.0672399  0.000322448
   0.0680001  0.000962894
    0.068769   0.00113395
   0.0695465  0.000886572
   0.0703329  0.000471376
   0.0711281  0.000198027
   0.0719323  0.000259999
   0.0727456   0.00060935
   0.0735681  0.000971547
   0.0743999  0.000996379
   0.0752411   0.00048097
   0.0760918 -0.000475032
   0.0769522   -0.0014769
   0.0778222  -0.00203241
   0.0787021  -0.00182788
    0.079592 -0.000928529
   0.0804919  0.000240972
    0.081402   0.00113013
   0.0823223   0.00138325
   0.0832531   0.00103238
   0.0841944  0.000441276
   0.0851464  2.76681e-05
   0.0861091 -3.10155e-05
   0.0870827  9.74089e-05
   0.0880673  7.23665e-05
    0.089063 -0.000311007
     0.09007 -0.000913964
   0.0910884  -0.00133013
   0.0921183  -0.00118878
   0.0931598 -0.000458881
   0.0942131  0.000497618
   0.0952783   0.00116067
   0.0963556   0.00120101
   0.0974451  0.000671033
   0.0985468 -7.71924e-05
   0.0996611 -0.000658562
    0.100788 -0.000880848
    0.101927 -0.000793288
     0.10308  -0.00056571
    0.104245 -0.000333306
    0.105424 -0.000113922
    0.106616  0.000151125
    0.107821  0.000476504
    0.109041  0.000721801
    0.110273  0.000628254
     0.11152  4.37162e-05
    0.112781 -0.000815414
    0.114056  -0.00138433
    0.115346  -0.00117229
     0.11665 -0.000263687
    0.117969  0.000672214
    0.119303  0.000982045
    0.120652  0.000638908
    0.122016  0.000143023
    0.123395 -0.000155153
    0.124791 -0.000412152
    0.126202 -0.000832654
    0.127628  -0.00110076
    0.129071 -0.000655974
    0.130531  0.000433342
    0.132007   0.00127622
    0.133499   0.00108951
    0.135009  9.84406e-05
    0.136535 -0.000778585
    0.138079 -0.000967806
     0.13964 -0.000638722
    0.141219 -0.000184247
    0.142816  0.000246806
     0.14443  0.000600351
    0.146063  0.000648817
    0.147715  0.000183077
    0.149385 -0.000555084
    0.151074 -0.000873303
    0.152782  -0.00034784
    0.154509  0.000491331
    0.156256  0.000652901
    0.158023   3.1131e-06
     0.15981 -0.000556439
    0.161617  -0.00044345
    0.163444 -3.41011e-05
    0.165292  0.000284955
    0.167161  0.000519165
    0.169051  0.000378434
    0.170962 -0.000393866
    0.172895  -0.00101997
     0.17485 -0.000521741
    0.176827  0.000642883
    0.178826   0.00108664
    0.180848  0.000360266
    0.182893 -0.000617194
    0.184961 -0.000843281
    0.187052 -0.000308328
    0.189167  0.000368367
    0.191306  0.000637233
    0.193469  0.000165222
    0.195656 -0.000569842
    0.197869 -0.000444969
    0.200106  0.000281801
    0.202368  0.000193487
    0.204656 -0.000555736
     0.20697 -0.000618211
    0.209311  0.000127771
    0.211677  0.000574058
     0.21407  6.82556e-06
    0.216491 -0.000900746
    0.218939 -0.000916677
    0.221414  8.61436e-05
    0.223917  0.000690638
    0.226449 -9.50507e-05
     0.22901 -0.000799081
    0.231599  -0.00025902
    0.234217  0.000163391
    0.236866 -0.000267358
    0.239544 -0.000395894
    0.242252  0.000330891
    0.244991  0.000499073
    0.247761 -0.000462529
    0.250563 -0.000774961
    0.253396  0.000296509
    0.256261  0.000776781
    0.259158 -9.93608e-05
    0.262088 -0.000265767
    0.265051  0.000259537
    0.268048 -2.11709e-05
    0.271079 -0.000182455
    0.274144  0.000707539
    0.277244  0.000544954
    0.280378 -0.000588621
    0.283548 -8.04492e-05
    0.286754  0.000701144
    0.289996  0.000117117
    0.293275  0.000251151
    0.296591  0.000309716
    0.299945 -0.000434836
    0.303336  0.000213433
    0.306766   0.00080876
    0.310234 -6.72507e-05
    0.313742 -0.000137637
    0.317289  0.000118688
    0.320877 -0.000113338
    0.324505  0.000616063
    0.328174  5.30517e-05
    0.331884 -0.000595424
    0.335637  0.000312728
    0.339431 -6.70367e-05
    0.343269  0.000437701
     0.34715 -0.000262586
    0.351075   -0.0003985
    0.355045  0.000430928
    0.359059  6.18181e-05
    0.363119  0.000271257
    0.367225 -0.000522853
    0.371377  0.000334729
    0.375576  0.000283622
    0.379822  0.000240659
    0.384117 -0.000300197
     0.38846  0.000136594
    0.392852  0.000424525
    0.397293  0.000175704
    0.401785 -0.000242965
    0.406328  7.96343e-05
    0.410922  0.000424492
    0.415569  7.75306e-05
    0.420267 -0.000280293
    0.425019  9.84628e-05
    0.429824  0.000354215
    0.434684 -0.000106104
    0.439599 -0.000308051
    0.444569  0.000182653
    0.449596    0.0002337
    0.454679 -0.000265856
     0.45982 -0.000126655
    0.465019  0.000395025
    0.470277  0.000147891
    0.475594 -0.000147603
    0.480971  0.000377726
    0.486409  0.000602094
    0.491909  0.000144697
    0.497471  0.000357457
    0.503096  0.000911613
    0.508784  0.000613844
    0.514536  0.000497791
    0.520354   0.00116781
    0.526237   0.00117891
    0.532187  0.000899765
    0.538205   0.00156454
     0.54429   0.00193044
    0.550444   0.00170048
    0.556667   0.00242044
    0.562961   0.00318133
    0.569327   0.00322679
    0.575764    0.0041955
    0.582274   0.00546888
    0.588857    0.0060311
    0.595515   0.00758436
    0.602248   0.00962669
    0.609057    0.0111005
    0.615944    0.0138034
    0.622908    0.0171581
    0.629951    0.0202649
    0.637073    0.0250726
    0.644277    0.0307171
    0.651561    0.0367816
    0.658928    0.0452964
    0.666378    0.0550267
    0.673913    0.0664202
    0.681532    0.0813198
    0.689238    0.0982879
    0.697031      0.11902
    0.704912     0.144666
    0.712882     0.174304
    0.720942     0.210808
    0.729094     0.254279
    0.737337     0.305425
    0.745674     0.367416
    0.754105     0.439769
    0.762631      0.52558
    0.771254     0.626828
    0.779974      0.74425
    0.788793     0.882209
    0.797711      1.04111
    0.806731      1.22441
    0.815852      1.43481
    0.825076      1.67318
    0.834405      1.94388
    0.843839      2.24666
     0.85338       2.5846
    0.863029      2.95834
    0.872787      3.36771
    0.882655      3.81426
    0.892635       4.2949
    0.902728      4.81011
    0.912934      5.35503
    0.923256      5.92618
    0.933695      6.51631
    0.944252      7.11401
    0.954928      7.70447
    0.965725      8.26093
    0.976644      8.74939
    0.987687      9.11539
    0.998854      9.29034
     1.01015      9.18123
     1.02157      8.68135
     1.03312      7.67505
      1.0448      6.06237
     1.05661       3.7909
     1.06856     0.898596
     1.08064     -2.43739
     1.09286     -5.87414
     1.10522     -8.90654
     1.11771     -10.9545
     1.13035     -11.5228
     1.14313     -10.4497
     1.15606     -8.12338
     1.16913     -5.55057
     1.18234     -4.04726
     1.19571     -4.55971
     1.20923     -6.89909
      1.2229     -9.87447
     1.23673     -12.1078
     1.25071      -12.702
     1.26486     -11.4944
     1.27916     -8.91558
     1.29362     -5.67528
     1.30825     -2.45895
     1.32304     0.254121
       1.338      2.24071
     1.35313      3.48874
     1.36842      4.11399
      1.3839      4.27985
     1.39954      4.14281
     1.41537      3.82631
     1.43137       3.4163
     1.44755      2.96801
     1.46392      2.51593
     1.48047      2.08215
     1.49721      1.68153
     1.51414      1.32411
     1.53126      1.01584
     1.54857     0.758818
     1.56608     0.551708
     1.58379     0.390381
      1.6017      0.26884
     1.61981     0.180222
     1.63812     0.117639
     1.65664    0.0747824
     1.67537    0.0463093
     1.69432    0.0279519
     1.71347    0.0164514
     1.73285   0.00944222
     1.75244   0.00528899
     1.77225   0.00289816
     1.79229   0.00155762
     1.81255  0.000823583
     1.83305  0.000420295
     1.85377  0.000198786
     1.87473  9.06779e-05
     1.89593  5.73493e-05
     1.91737  4.45745e-05
     1.93905  1.93848e-05
     1.96097 -1.38575e-06
     1.98314 -3.86155e-06
     2.00556  1.28721e-05
     2.02824  9.82925e-06
     2.05117 -1.33394e-05
     2.07436 -3.53643e-05
     2.09782 -4.42211e-05
     2.12154 -2.96403e-05
     2.14552 -1.06987e-06
     2.16978  2.28416e-05
     2.19431  3.49457e-05
     2.21912  2.42894e-05
     2.24422  1.35668e-06
     2.26959 -1.01263e-05
     2.29525  4.59368e-06
      2.3212  2.47454e-05
     2.34745  2.53674e-05
     2.37399  2.01026e-06
     2.40083 -1.95106e-05
     2.42798 -2.17878e-05
     2.45543 -2.77244e-06
     2.48319  2.06375e-06
     2.51127 -6.22568e-06
     2.53966 -1.26044e-05
     2.56837 -2.13583e-06
     2.59741 -8.32942e-07
     2.62678 -3.49609e-06
     2.65648 -3.44145e-06
     2.68652 -2.73314e-06
     2.71689 -9.14093e-07
     2.74761  1.30568e-05
     2.77868  1.49028e-05
     2.81009 -1.13557e-06
     2.84187 -5.20743e-06
       2.874  1.19959e-05
     2.90649  1.77895e-05
     2.93935 -8.29343e-07
     2.97259 -1.58939e-05
      3.0062 -1.04831e-05
     3.04019 -3.37398e-06
     3.07456 -9.97568e-08
     3.10932   3.8358e-06
     3.14448  4.08884e-06
     3.18003 -8.40434e-06
     3.21599 -1.08969e-05
     3.25235 -1.12712e-05
     3.28912 -8.35993e-06
     3.32631  1.56883e-05
     3.36392  2.03971e-05
     3.40196  1.36519e-06
     3.44042  4.63868e-06
     3.47932   9.2548e-06
     3.51866 -5.09562e-06
     3.55844 -6.15171e-06
     3.59868 -3.25874e-06
     3.63936 -7.04693e-06
     3.68051  2.08559e-06
     3.72213  4.42167e-06
     3.76421 -3.24204e-07
     3.80677 -6.59099e-06
     3.84981 -1.02556e-05
     3.89334 -9.52599e-06
     3.93736  7.01903e-06
     3.98188  8.53458e-06
      4.0269  2.01213e-05
     4.07243  1.08149e-05
     4.11847  9.45505e-06
     4.16504 -4.62179e-06
     4.21213 -2.15319e-05
     4.25976 -2.17784e-05
     4.30792 -1.88938e-05
     4.35663  4.46582e-06
     4.40589  1.94425e-05
      4.4557  4.27688e-06
     4.50608   1.0628e-05
     4.55703  1.88668e-05
     4.60855 -3.19626e-06
     4.66066 -2.36558e-05
     4.71336  8.39088e-06
     4.76665 -3.38387e-06
     4.82054 -8.36678e-06
     4.87504 -4.00729e-06
     4.93016  7.14963e-06
     4.98591 -3.67184e-06
     5.04228 -1.72329e-06
     5.09929  1.02234e-05
     5.15695  4.91329e-06
     5.21525  1.05055e-05
     5.27422 -7.09155e-06
     5.33385 -8.27667e-06
     5.39416  -9.3459e-06
     5.45515  -3.8434e-06
     5.51683 -1.67487e-06
     5.57921   2.0245e-05
     5.64229 -2.70207e-07
     5.70608  3.69448e-06
      5.7706 -6.42566e-06
     5.83584 -1.31298e-05
     5.90183  4.39293e-06
     5.96856 -2.48663e-06
     6.03604  8.83142e-06
     6.10429  3.24515e-06
      6.1733  6.57929e-06
      6.2431 -1.50711e-05
     6.31369 -7.01049e-06
     6.38508   4.5907e-06
     6.45727  7.39407e-06
     6.53028  1.85162e-05
     6.60411 -7.56358e-06
     6.67878 -2.05421e-05
      6.7543 -1.18071e-05
     6.83066  7.13168e-06
      6.9079   2.4291e-05
       6.986  3.96991e-06
     7.06499 -9.13263e-06
     7.14487 -1.21162e-05
     7.22565 -1.20738e-06
     7.30735  6.93717e-06
     7.38997 -5.45083e-06
     7.47352  6.29484e-06
     7.55802   6.8315e-06
     7.64348   8.9197e-07
      7.7299 -1.08133e-05
      7.8173 -6.30694e-06
     7.90569  2.86508e-06
     7.99507  9.15802e-06
     8.08547  5.28869e-06
     8.17689 -4.70914e-06
     8.26934 -6.73449e-06
     8.36284 -3.56073e-06
     8.45739  3.87516e-06
     8.55301  6.31704e-06
     8.64972 -6.22141e-07
     8.74752 -2.23042e-06
     8.84642 -5.23345e-06
     8.94644  8.50537e-06
      9.0476 -4.32657e-06
     9.14989 -3.59566e-06
     9.25335  2.40085e-06
     9.35797  7.31652e-06
     9.46378 -5.93425e-06
     9.57078 -4.13024e-06
     9.67899  5.39634e-06
     9.78843 -1.84234e-06
      9.8991  3.05362e-07
      10.011  4.46166e-06
     10.1242 -3.83405e-06
     10.2387   -4.905e-06
     10.3544  3.36044e-06
     10.4715    3.909e-06
     10.5899  1.82332e-06
     10.7097 -7.70695e-06
     10.8307 -1.17938e-06
     10.9532   6.9446e-06
      11.077  8.99923e-07
     11.2023 -5.27427e-06
     11.3289 -5.30203e-07
      11.457  3.93645e-06
     11.5866   5.4599e-08
     11.7176 -3.29729e-06
     11.8501   1.9118e-06
      11.984 -3.43421e-07
     12.1195  2.95996e-07
     12.2566 -1.01754e-06
     12.3952  1.09787e-06
     12.5353  1.44163e-06
      12.677 -2.63602e-06
     12.8204 -1.87375e-06
     12.9653  6.53823e-06
     13.1119 -3.85877e-06
     13.2602 -2.71218e-06
     13.4101  4.28935e-06
     13.5617 -3.39831e-07
      13.715 -2.62231e-06
     13.8701  1.53663e-06
     14.0269  8.06281e-07
     14.1855 -1.36895e-06
     14.3459  7.50297e-07
     14.5081 -6.83396e-07
     14.6722  1.22909e-06
     14.8381 -1.44534e-06
     15.0058  1.74009e-06
     15.1755 -2.09373e-06
     15.3471  8.65993e-07
     15.5206  1.26858e-06
     15.6961 -2.25336e-06
     15.8735  1.54061e-06
      16.053 -9.97833e-08
     16.2345 -4.82506e-07
     16.4181 -3.04021e-08
     16.6037  1.31627e-07
     16.7914  9.67706e-07
     16.9813 -2.54994e-06
     17.1733  3.20418e-06
     17.3675  -1.7949e-06
     17.5638 -4.57352e-07
     17.7624  1.47227e-06
     17.9632 -8.39256e-07
     18.1663 -6.39507e-07
     18.3717   1.6519e-06
     18.5795  -1.3494e-06
     18.7895  3.01828e-07
      19.002  3.59405e-07
     19.2168 -1.90586e-07
     19.4341 -7.52461e-07
     19.6538  1.92455e-06
     19.8761 -2.34629e-06
     20.1008   1.7169e-06
     20.3281 -4.92936e-07
     20.5579 -8.14122e-07
     20.7903  1.73765e-06
     21.0254 -2.09084e-06
     21.2631  1.89677e-06
     21.5035 -1.13605e-06
     21.7467  1.76076e-07
     21.9925   4.2706e-07
     22.2412   -7.131e-07
     22.4927  8.95845e-07
      22.747 -8.54397e-07
     23.0042  6.16038e-07
     23.2643 -3.40309e-07
     23.5273  3.57618e-08
     23.7933  2.62298e-07
     24.0623 -4.41903e-07
     24.3344  4.81573e-07
     24.6095 -4.31768e-07
     24.8878  3.19074e-07
     25.1692 -2.13019e-07
     25.4538  1.46897e-07
     25.7416 -1.27879e-07
     26.0326  1.78258e-07
     26.3269 -1.86117e-07
     26.6246  7.05154e-08
     26.9256  5.73125e-08
     27.2301 -6.21731e-08
      27.538 -1.65129e-08
     27.8493  5.05517e-08
     28.1642 -3.37209e-08
     28.4826  -4.1376e-09
     28.8047  4.29079e-08
     29.1304   -5.154e-08
     29.4597  4.68154e-08
     29.7928  -2.5458e-08
     30.1297  -2.9162e-08
     30.4703   8.0405e-08
     30.8148 -8.23523e-08
     31.1632  4.82028e-08
     31.5156 -1.33941e-08
     31.8719 -1.04365e-08
     32.2323  2.94335e-08
     32.5967 -5.68154e-08
     32.9653  6.15866e-08
      33.338 -3.54867e-08
     33.7149  2.48051e-08
     34.0961 -1.61205e-08
     34.4816 -9.28736e-09
     34.8715   2.7553e-08
     35.2658  -2.8022e-08
     35.6645  5.46368e-09
     36.0678  2.01041e-08
     36.4756 -1.28648e-08
      36.888 -7.77609e-09
     37.3051   7.3051e-09
     37.7268  7.77977e-09
     38.1534 -2.06201e-08
     38.5848  2.18191e-08
      39.021 -1.35216e-08
     39.4622  1.08487e-08
     39.9084 -1.02197e-08
     40.3596  5.47023e-09
      40.816 -6.84498e-09
     41.2775  1.04559e-08
     41.7442 -7.59156e-09
     42.2161  2.60984e-09
     42.6935  9.14582e-09
     43.1762 -2.19807e-08
     43.6644  1.56796e-08
      44.158  2.92652e-09
     44.6573 -1.37971e-08
     45.1622  2.01845e-08
     45.6729 -2.03833e-08
     46.1893   7.6931e-09
     46.7115  1.75668e-09
     47.2397 -1.28962e-09
     47.7738  6.17593e-09
     48.3139 -1.14682e-08
     48.8602  5.97871e-09
     49.4126  2.82525e-09
     49.9713 -6.46095e-09
     50.5363  9.67024e-09
     51.1077 -1.39337e-08
     51.6856  1.31535e-08
     52.2699    -7.95e-09
     52.8609  4.75766e-09
     53.4586 -3.40609e-09
      54.063  3.99343e-09
     54.6743  -6.0734e-09
     55.2925  9.59352e-09
     55.9176 -1.17218e-08
     56.5499  9.15675e-09
     57.1893 -6.92499e-09
     57.8359  9.59594e-09
     58.4898 -1.00578e-08
     59.1511  7.98217e-09
     59.8199 -6.49711e-09
     60.4963  4.65984e-09
     61.1803 -4.04776e-09
      61.872  7.48247e-09
     62.5716 -8.75075e-09
      63.279  5.10105e-09
     63.9945 -1.94165e-09
     64.7181  3.25919e-09
     65.4498  -3.9532e-09
     66.1898  2.61887e-09
     66.9382 -1.72114e-09
      67.695  2.25959e-09
     68.4604 -2.16716e-09
     69.2345  2.01758e-09
     70.0173  -8.9675e-10
     70.8089  1.27265e-11
     71.6095 -3.23229e-10
     72.4192  1.48033e-09
      73.238 -5.98368e-10
     74.0661 -7.15558e-10
     74.9035  1.15111e-09
     75.7504  1.57315e-10
     76.6069 -1.41657e-09
      77.473  2.22534e-09
      78.349 -1.27284e-09
     79.2348  1.66468e-10
     80.1307  1.02296e-09
     81.0367 -1.24554e-09
     81.9529  1.13117e-09
     82.8795  5.03697e-11
     83.8166 -5.03077e-10
     84.7643  7.62032e-10
     85.7227  -1.9279e-10
     86.6919 -1.88209e-11
     87.6721  4.92103e-10
     88.6634  5.02769e-11
     89.6658 -2.18818e-11
     90.6797 -7.06138e-11
     91.7049   8.4309e-10
     92.7418 -5.65773e-10
     93.7904  3.74564e-10
     94.8508  4.19548e-10
     95.9233 -1.88937e-10
     97.0078  1.27168e-10
     98.1046  4.15301e-10
     99.2139  1.45697e-10
