  0.00099205      0.95116
  0.00100327     0.313406
  0.00101461     0.996736
  0.00102608     0.383073
  0.00103768      1.04797
  0.00104942     0.457547
  0.00106128       1.1052
  0.00107328     0.537522
  0.00108542      1.16875
  0.00109769     0.623528
   0.0011101      1.23918
  0.00112265     0.716094
  0.00113534      1.31714
  0.00114818     0.815725
  0.00116116      1.40332
  0.00117429      0.92311
  0.00118757      1.49826
    0.001201      1.03906
  0.00121457      1.60268
  0.00122831      1.16431
  0.00124219      1.71741
  0.00125624      1.29966
  0.00127044      1.84331
  0.00128481      1.44601
  0.00129933      1.98127
  0.00131403      1.60441
  0.00132888      2.13222
  0.00134391      1.77588
   0.0013591      2.29729
  0.00137447      1.96154
  0.00139001      2.47764
  0.00140573      2.16263
  0.00142162      2.67449
  0.00143769      2.38044
  0.00145395      2.88922
  0.00147039      2.61637
  0.00148701      3.12327
  0.00150383      2.87197
  0.00152083      3.37819
  0.00153802      3.14888
  0.00155541      3.65563
    0.001573      3.44882
  0.00159079      3.95742
  0.00160877      3.77369
  0.00162696      4.28549
  0.00164536      4.12548
  0.00166396      4.64188
  0.00168277      4.50635
   0.0017018      5.02881
  0.00172104      4.91858
   0.0017405      5.44865
  0.00176018      5.36464
  0.00178008      5.90388
  0.00180021      5.84711
  0.00182056      6.39721
  0.00184115      6.36879
  0.00186196      6.93146
  0.00188301       6.9326
  0.00190431      7.50965
  0.00192584      7.54168
  0.00194761        8.135
  0.00196963       8.1993
   0.0019919      8.81086
  0.00201442      8.90896
   0.0020372      9.54082
  0.00206023      9.67431
  0.00208353      10.3286
  0.00210708      10.4992
  0.00213091      11.1781
    0.002155      11.3877
  0.00217937      12.0936
  0.00220401      12.3439
  0.00222893      13.0791
  0.00225413      13.3723
  0.00227962      14.1393
  0.00230539      14.4773
  0.00233146      15.2786
  0.00235782      15.6638
  0.00238448      16.5019
  0.00241144      16.9363
   0.0024387      17.8139
  0.00246627      18.2999
  0.00249416      19.2196
  0.00252236      19.7595
  0.00255088       20.724
  0.00257972      21.3201
  0.00260889       22.332
  0.00263838      22.9867
  0.00266822      24.0487
  0.00269838      24.7642
  0.00272889      25.8789
  0.00275975      26.6575
  0.00279095      27.8273
  0.00282251      28.6711
  0.00285442      29.8984
  0.00288669      30.8095
  0.00291933      32.0964
  0.00295234      33.0764
  0.00298572       34.425
  0.00301948      35.4756
  0.00305362      36.8874
  0.00308814      38.0098
  0.00312306      39.4862
  0.00315837      40.6813
  0.00319408      42.2231
  0.00323019      43.4913
  0.00326672      45.0989
  0.00330365        46.44
  0.00334101      48.1133
  0.00337878      49.5265
  0.00341698      51.2645
  0.00345562      52.7484
  0.00349469      54.5493
   0.0035342      56.1015
  0.00357416      57.9628
  0.00361457      59.5799
  0.00365544      61.4978
  0.00369677      63.1756
  0.00373857      65.1453
  0.00378084      66.8779
  0.00382359      68.8933
  0.00386682      70.6737
  0.00391054      72.7272
  0.00395475       74.547
  0.00399947      76.6294
  0.00404469      78.4784
  0.00409042      80.5788
  0.00413667       82.445
  0.00418344      84.5508
  0.00423074      86.4203
  0.00427857      88.5166
  0.00432695      90.3735
  0.00437587      92.4436
  0.00442535      94.2699
  0.00447538      96.2947
  0.00452598      98.0701
  0.00457716      100.028
  0.00462891       101.73
  0.00468125      103.598
  0.00473418      105.202
   0.0047877      106.954
  0.00484183      108.432
  0.00489658      110.041
  0.00495194      111.364
  0.00500793      112.798
  0.00506455      113.936
  0.00512182      115.164
  0.00517973      116.082
  0.00523829       117.07
  0.00529752      117.736
  0.00535741      118.449
  0.00541799      118.825
  0.00547925      119.228
   0.0055412       119.28
  0.00560385      119.337
  0.00566721      119.029
  0.00573129      118.704
  0.00579609      118.002
  0.00586162      117.263
   0.0059279      116.133
  0.00599492      114.949
   0.0060627      113.363
  0.00613125      111.707
  0.00620057       109.64
  0.00627068      107.489
  0.00634158      104.922
  0.00641328      102.261
  0.00648579      99.1831
  0.00655912       96.005
  0.00663329      92.4122
  0.00670829      88.7192
  0.00678413      84.6196
  0.00686084      80.4252
  0.00693841      75.8385
  0.00701686      71.1692
   0.0070962      66.1287
  0.00717643      61.0251
  0.00725757      55.5791
  0.00733963      50.0975
  0.00742261      44.3102
  0.00750654      38.5232
  0.00759141      32.4758
  0.00767724      26.4729
  0.00776405      20.2632
  0.00785183      14.1509
  0.00794061       7.8934
  0.00803039       1.7941
  0.00812118     -4.38147
  0.00821301     -10.3311
  0.00830587     -16.2817
  0.00839978     -21.9331
  0.00849475     -27.5057
   0.0085908     -32.7023
  0.00868793     -37.7381
  0.00878616       -42.32
   0.0088855     -46.6597
  0.00898596     -50.4697
  0.00908756     -53.9602
  0.00919031     -56.8508
  0.00929422     -59.3525
  0.00939931     -61.1942
  0.00950558     -62.5896
  0.00961306     -63.2792
  0.00972175     -63.4818
  0.00983167     -62.9518
  0.00994283     -61.9152
   0.0100552     -60.1422
   0.0101689     -57.8685
   0.0102839     -54.8819
   0.0104002     -51.4292
   0.0105178     -47.3171
   0.0106367      -42.805
    0.010757     -37.7187
   0.0108786     -32.3305
   0.0110016      -26.485
    0.011126     -20.4666
   0.0112518     -14.1374
    0.011379     -7.79154
   0.0115076     -1.30591
   0.0116378      5.01881
   0.0117693      11.2954
   0.0119024      17.2215
    0.012037      22.9051
   0.0121731      28.0481
   0.0123107      32.7608
   0.0124499      36.7567
   0.0125907       40.156
    0.012733      42.6918
    0.012877      44.5022
   0.0130226      45.3478
   0.0131698      45.3929
   0.0133187      44.4322
   0.0134693      42.6628
   0.0136216      39.9195
   0.0137756      36.4362
   0.0139314      32.0904
   0.0140889       27.154
   0.0142482      21.5464
   0.0144093      15.5742
   0.0145722      9.19338
    0.014737      2.73757
   0.0149036     -3.81157
   0.0150721     -10.1058
   0.0152425     -16.1529
   0.0154149     -21.6072
   0.0155892     -26.4849
   0.0157654     -30.4634
   0.0159437     -33.5882
   0.0161239     -35.5811
   0.0163062      -36.538
   0.0164906     -36.2441
   0.0166771     -34.8628
   0.0168656     -32.2568
   0.0170563      -28.667
   0.0172492     -24.0387
   0.0174442     -18.6898
   0.0176414     -12.6415
   0.0178409     -6.27569
   0.0180426     0.331071
   0.0182466      6.75968
   0.0184529       12.911
   0.0186615      18.3671
   0.0188725      23.0492
   0.0190859      26.5861
   0.0193017      28.9654
     0.01952      29.9075
   0.0197407      29.5078
   0.0199639       27.613
   0.0201896      24.4525
   0.0204178      20.0142
   0.0206487      14.6632
   0.0208822      8.51549
   0.0211183      2.04328
    0.021357     -4.55354
   0.0215985     -10.7549
   0.0218427      -16.349
   0.0220897     -20.8492
   0.0223394     -24.1189
    0.022592     -25.7927
   0.0228475     -25.8918
   0.0231058     -24.2426
    0.023367     -21.0778
   0.0236312     -16.4461
   0.0238984      -10.794
   0.0241686     -4.36372
   0.0244419      2.24564
   0.0247183      8.69043
   0.0249977      14.3382
   0.0252804       18.884
   0.0255662      21.8132
   0.0258553      23.0103
   0.0261476       22.216
   0.0264432      19.6155
   0.0267422      15.2759
   0.0270446      9.70354
   0.0273504      3.25522
   0.0276596     -3.33856
   0.0279723     -9.58632
   0.0282886      -14.736
   0.0286085     -18.3963
   0.0289319     -20.0399
    0.029259     -19.6079
   0.0295899     -16.9891
   0.0299244     -12.5822
   0.0302628     -6.72925
   0.0306049    -0.222224
    0.030951      6.31267
   0.0313009      11.9541
   0.0316548      16.1278
   0.0320127      18.1566
   0.0323747       17.884
   0.0327407      15.1853
   0.0331109      10.5255
   0.0334853      4.39094
   0.0338639     -2.24113
   0.0342467     -8.55211
    0.034634     -13.4783
   0.0350256     -16.3916
   0.0354216     -16.6906
   0.0358221     -14.4286
   0.0362271     -9.81336
   0.0366367      -3.7102
   0.0370509       2.9946
   0.0374698      9.01992
   0.0378935      13.4208
   0.0383219      15.2548
   0.0387552      14.2818
   0.0391934      10.5272
   0.0396366      4.81495
   0.0400847     -1.87158
   0.0405379      -8.0592
   0.0409963     -12.5835
   0.0414598     -14.3345
   0.0419286     -13.0208
   0.0424026     -8.76315
   0.0428821     -2.60999
   0.0433669       4.1703
   0.0438572      9.85998
   0.0443531         13.2
   0.0448546      13.2123
   0.0453617      9.98091
   0.0458746      4.17528
   0.0463933     -2.57727
   0.0469178     -8.59321
   0.0474483     -12.0808
   0.0479848     -12.1568
   0.0485273     -8.64003
    0.049076     -2.65993
   0.0496309      4.12486
   0.0501921      9.49475
   0.0507596      11.8552
   0.0513335      10.2735
   0.0519139      5.34177
   0.0525008      -1.4507
   0.0530944     -7.66406
   0.0536948      -11.231
   0.0543019      -10.708
   0.0549158     -6.36101
   0.0555367      0.35311
   0.0561647      6.76132
   0.0567997      10.4755
   0.0574419      9.85056
   0.0580914      5.22405
   0.0587482     -1.63284
   0.0594124     -7.67291
   0.0600842       -10.36
   0.0607635     -8.31441
   0.0614505     -2.53595
   0.0621453      4.45158
    0.062848      9.19567
   0.0635586      9.47691
   0.0642772      4.96189
   0.0650039     -1.98987
   0.0657389       -7.932
   0.0664822     -9.57521
   0.0672339     -6.11889
    0.067994       0.6955
   0.0687628       6.8962
   0.0695403      8.99789
   0.0703266      5.56087
   0.0711217     -1.28072
   0.0719258      -7.4773
   0.0727391     -8.97447
   0.0735615     -4.87563
   0.0743932      2.33258
   0.0752344      7.71698
    0.076085      7.70266
   0.0769453      2.10924
   0.0778152     -4.97916
   0.0786951     -8.52681
   0.0795848     -5.70846
   0.0804847      1.24803
   0.0813947       7.0827
   0.0823149      6.96804
   0.0832456      1.03208
   0.0841869     -6.03961
   0.0851387     -8.15683
   0.0861014     -3.59732
   0.0870749      3.80589
   0.0880594      7.24383
    0.089055       3.6288
   0.0900619     -3.88018
   0.0910802     -7.98579
     0.09211     -4.77594
   0.0931515      2.76744
   0.0942047      6.84285
   0.0952698      3.30084
    0.096347     -4.34969
   0.0974363     -7.73709
    0.098538     -3.25611
   0.0996521      4.21396
    0.100779      5.87263
    0.101918    -0.222284
    0.103071     -7.07582
    0.104236     -6.22205
    0.105415      1.13425
    0.106606      5.77536
    0.107812      1.39647
    0.109031     -6.22202
    0.110264     -7.04357
     0.11151     0.247685
    0.112771      5.25748
    0.114046     0.830554
    0.115336     -6.97743
     0.11664     -6.54858
    0.117958      1.24522
    0.119292      4.40976
    0.120641     -2.50269
    0.122005     -8.55435
    0.123384     -4.18012
    0.124779      3.45139
     0.12619       1.0173
    0.127617     -7.45511
     0.12906     -7.50208
    0.130519      1.02661
    0.131995      2.16429
    0.133487     -6.47987
    0.134996     -9.19355
    0.136523    -0.832781
    0.138066      1.70312
    0.139627     -7.01419
    0.141206     -10.0083
    0.142803     -1.17966
    0.144417     0.378278
     0.14605     -9.08928
    0.147702       -9.768
    0.149372    -0.307334
     0.15106     -2.73943
    0.152768     -12.1217
    0.154496     -7.47195
    0.156242     0.017983
    0.158009     -8.54862
    0.159796     -12.7681
    0.161602     -2.71136
    0.163429     -3.83132
    0.165277      -14.098
    0.167146     -6.84399
    0.169036     -1.41643
    0.170947     -12.3898
     0.17288     -10.1245
    0.174835     0.108174
    0.176811     -9.88136
     0.17881     -10.3808
    0.180832      1.90229
    0.182877     -6.37748
    0.184944     -8.16937
    0.187035      6.42185
     0.18915     -2.51018
    0.191289     -1.42639
    0.193452      13.8701
    0.195639      4.02394
    0.197851      10.7101
    0.200088      25.7556
     0.20235      13.8482
    0.204638      32.0231
    0.206952      39.5673
    0.209292       33.697
    0.211658      61.7183
    0.214051       57.903
    0.216471      70.1336
    0.218919      97.3863
    0.221394      87.6738
    0.223897      130.225
    0.226429       131.57
    0.228989      155.463
    0.231578      194.127
    0.234196        190.5
    0.236844      258.062
    0.239522      248.941
     0.24223      312.005
    0.244969      328.053
    0.247739      348.042
     0.25054      410.345
    0.253373      352.777
    0.256238      480.656
    0.259135      180.988
    0.262065      329.781
    0.265028     -343.095
    0.268024     -690.074
    0.271055      370.934
    0.274119      212.136
    0.277219      514.166
    0.280353      391.363
    0.283523      427.031
    0.286729      328.412
     0.28997       321.41
    0.293249      243.736
    0.296565      223.394
    0.299918      165.745
    0.303309      145.702
    0.306738       105.03
    0.310206      89.4066
    0.313714      61.7226
    0.317261      50.7339
    0.320848      32.2033
    0.324475      24.9374
    0.328144      12.8788
    0.331854      8.58567
    0.335606      1.04684
    0.339401     -1.05646
    0.343238     -5.40388
    0.347119     -5.86034
    0.351044     -8.01298
    0.355013     -7.52025
    0.359027     -8.36949
    0.363086     -7.32765
    0.367192     -7.43135
    0.371343     -6.28275
    0.375542      -6.1029
    0.379788     -4.97353
    0.384082     -4.66622
    0.388425      -3.7384
    0.392816     -3.45677
    0.397258     -2.66364
    0.401749     -2.42689
    0.406292      -1.8452
    0.410886     -1.68871
    0.415531     -1.21631
    0.420229     -1.11456
    0.424981    -0.788903
    0.429786    -0.732014
    0.434645    -0.466331
     0.43956    -0.464401
     0.44453    -0.289379
    0.449556    -0.281583
    0.454639     -0.15368
    0.459779    -0.197381
    0.464977   -0.0824903
    0.470235    -0.100801
    0.475551   -0.0479693
    0.480928   -0.0708287
    0.486366  -0.00167693
    0.491865   -0.0561317
    0.497426  -0.00223855
     0.50305   -0.0192361
    0.508738  -0.00580697
     0.51449   -0.0246216
    0.520307    0.0212018
     0.52619   -0.0258925
     0.53214    0.0117825
    0.538156  -0.00754384
    0.544241  -0.00240507
    0.550394  -0.00170746
    0.556617    0.0107626
    0.562911   -0.0200234
    0.569275    0.0162499
    0.575712  -0.00956241
    0.582221   0.00505284
    0.588804 -0.000696572
    0.595462  -0.00259312
    0.602194    0.0011798
    0.609003   0.00288156
    0.615889  -0.00925062
    0.622852    0.0132298
    0.629894   -0.0167479
    0.637016    0.0171814
    0.644219   -0.0118772
    0.651503   0.00769192
    0.658869  -0.00468237
    0.666318   4.9522e-05
    0.673852   0.00256854
    0.681471  -0.00286116
    0.689176   0.00495315
    0.696968  -0.00590581
    0.704849   0.00487054
    0.712818  -0.00370631
    0.720878   0.00347699
    0.729028  -0.00320388
    0.737271   0.00216539
    0.745607 -0.000900437
    0.754037 -0.000735374
    0.762563  0.000455552
    0.771185  0.000870397
    0.779904 -3.73005e-05
    0.788722  -0.00136017
     0.79764   0.00253632
    0.806658   -0.0034793
    0.815779   0.00148712
    0.825003   0.00175309
     0.83433 -0.000568346
    0.843764  -0.00219802
    0.853304   0.00110783
    0.862952  0.000256203
    0.872709  0.000610774
    0.882576 -0.000961046
    0.892555   0.00115858
    0.902647  -0.00177113
    0.912852   0.00184789
    0.923174  -0.00160577
    0.933612   0.00154959
    0.944167  -0.00113314
    0.954843  6.22331e-05
    0.965639 -0.000298113
    0.976557   0.00117763
    0.987598 -0.000332174
    0.998764  -0.00138155
     1.01006   0.00119626
     1.02148  0.000236333
     1.03303 -0.000768022
     1.04471  0.000517452
     1.05652  -0.00072885
     1.06846   0.00016177
     1.08054  0.000631998
     1.09276  0.000147811
     1.10512  -0.00131255
     1.11761   0.00139147
     1.13025 -0.000757653
     1.14303   0.00050816
     1.15595 -0.000467144
     1.16902  0.000654339
     1.18224 -0.000788952
     1.19561   0.00058185
     1.20912 -0.000155652
      1.2228  0.000487707
     1.23662  -0.00121467
      1.2506  0.000694242
     1.26474  0.000602702
     1.27904 -0.000742302
      1.2935  -4.7586e-05
     1.30813  0.000351784
     1.32292  8.95944e-05
     1.33788 -0.000574481
       1.353   0.00022125
      1.3683  0.000185087
     1.38377 -0.000156943
     1.39942   0.00023343
     1.41524 -0.000264046
     1.43124    7.958e-05
     1.44742  0.000220868
     1.46379 -0.000377589
     1.48034  0.000148888
     1.49708  0.000175947
       1.514 -0.000358044
     1.53112   0.00012294
     1.54843  5.26083e-05
     1.56594 -6.15494e-05
     1.58365  0.000292587
     1.60155 -0.000380139
     1.61966  0.000421184
     1.63797 -0.000356465
     1.65649  0.000192344
     1.67522 -4.51869e-05
     1.69416  7.13399e-05
     1.71332 -0.000133147
     1.73269 -0.000163841
     1.75228  0.000417475
     1.77209 -0.000452131
     1.79213  0.000275515
     1.81239  5.54542e-05
     1.83288 -0.000344769
     1.85361  0.000422326
     1.87457  -0.00020387
     1.89576   4.2131e-06
     1.91719  9.54348e-05
     1.93887 -0.000245351
     1.96079  0.000262623
     1.98296 -0.000204851
     2.00538  0.000212706
     2.02806 -0.000148318
     2.05099  0.000123782
     2.07418 -3.03613e-05
     2.09763 -6.94177e-05
     2.12135  6.29825e-05
     2.14533 -7.55173e-05
     2.16959  5.58587e-05
     2.19412 -4.89715e-05
     2.21893 -3.95901e-05
     2.24401  0.000104054
     2.26939 -9.16679e-05
     2.29505  9.73042e-05
     2.32099 -0.000112359
     2.34724   0.00011892
     2.37378 -6.21839e-05
     2.40061  2.23023e-05
     2.42776  7.10947e-06
     2.45521 -1.25779e-06
     2.48297 -8.10457e-06
     2.51104 -2.64156e-05
     2.53943  4.56967e-05
     2.56814 -3.88534e-05
     2.59718  1.37448e-05
     2.62655 -1.00633e-05
     2.65624  9.47058e-06
     2.68628 -1.54781e-05
     2.71665  3.08184e-05
     2.74736 -3.76329e-06
     2.77843  -3.1658e-05
     2.80984  1.98177e-05
     2.84161 -3.93178e-06
     2.87374 -6.91064e-06
     2.90623  7.02925e-06
     2.93909  1.07896e-05
     2.97232 -1.12616e-05
     3.00593  1.83103e-05
     3.03992 -1.42801e-05
     3.07429  2.04654e-06
     3.10905  1.83796e-05
      3.1442 -1.17482e-05
     3.17975 -4.24014e-05
      3.2157  3.15189e-05
     3.25206 -1.22867e-05
     3.28883  2.18342e-05
     3.32601 -7.85197e-06
     3.36362 -3.10619e-07
     3.40165  1.09372e-05
     3.44011 -9.26203e-06
     3.47901 -2.21014e-06
     3.51834  1.77571e-05
     3.55812 -2.64754e-05
     3.59835  9.83997e-06
     3.63904 -2.18746e-05
     3.68018  3.69425e-05
     3.72179 -1.51462e-05
     3.76387  -9.6838e-06
     3.80643  9.45858e-06
     3.84947   6.3271e-06
     3.89299  5.88657e-07
     3.93701 -3.08868e-06
     3.98152 -1.57967e-06
     4.02654  -6.3158e-06
     4.07206 -1.46686e-06
     4.11811  2.86328e-06
     4.16467 -1.64326e-06
     4.21175  1.03256e-05
     4.25938  1.81221e-06
     4.30753 -8.38797e-06
     4.35624 -5.23279e-06
     4.40549  6.89275e-06
      4.4553 -1.34704e-07
     4.50568  2.08959e-06
     4.55662 -8.56196e-06
     4.60814  9.21929e-06
     4.66024 -3.09392e-06
     4.71293  5.85623e-06
     4.76622 -1.54918e-05
     4.82011  1.49934e-05
     4.87461   -7.164e-06
     4.92972 -1.15975e-06
     4.98546 -3.57361e-06
     5.04183  1.16765e-05
     5.09883 -6.06167e-06
     5.15648  9.12103e-06
     5.21479 -8.08324e-06
     5.27375  2.01133e-06
     5.33338 -1.59749e-05
     5.39368  8.81054e-06
     5.45466  9.78756e-06
     5.51633 -3.54019e-06
     5.57871  2.36479e-06
     5.64178  3.14375e-06
     5.70557 -1.03454e-05
     5.77008 -4.12452e-06
     5.83532  7.75354e-06
      5.9013 -6.23126e-07
     5.96802 -5.31978e-07
      6.0355   4.9427e-06
     6.10374 -4.99575e-06
     6.17275   1.1573e-06
     6.24254  2.38201e-06
     6.31312 -2.63839e-06
      6.3845  -7.3574e-06
     6.45669  1.10904e-05
     6.52969 -5.38492e-06
     6.60352  2.61015e-06
     6.67818  1.41003e-06
     6.75369  5.69155e-08
     6.83005 -7.74283e-06
     6.90728  6.73261e-06
     6.98537 -3.97168e-06
     7.06435  5.25917e-06
     7.14423 -3.51774e-06
       7.225  3.98007e-06
     7.30669 -6.83867e-06
     7.38931  3.87624e-06
     7.47285  1.19104e-06
     7.55735 -3.40833e-06
     7.64279  5.17776e-06
     7.72921 -5.26953e-06
      7.8166 -1.36265e-06
     7.90498   8.8167e-06
     7.99435 -5.98178e-06
     8.08474  4.41252e-07
     8.17615 -2.94614e-06
      8.2686  3.35194e-06
     8.36209  4.16099e-06
     8.45663 -7.68634e-06
     8.55225   3.5771e-06
     8.64894   3.4019e-07
     8.74673 -7.93988e-07
     8.84563 -7.81272e-07
     8.94564  1.39738e-06
     9.04679  4.16433e-07
     9.14907 -8.12003e-07
     9.25252 -1.57453e-06
     9.35713  2.68441e-06
     9.46293 -2.35042e-06
     9.56992  2.52057e-06
     9.67812 -1.56503e-06
     9.78755 -4.13615e-08
     9.89821 -4.66762e-07
     10.0101  1.44745e-06
     10.1233 -2.39849e-07
     10.2378 -1.30197e-06
     10.3535  9.48954e-07
     10.4706  9.51837e-08
      10.589 -2.54047e-07
     10.7087 -7.91694e-08
     10.8298  1.72783e-07
     10.9522 -3.28433e-07
     11.0761  1.00406e-06
     11.2013 -1.48035e-06
     11.3279  8.57823e-07
      11.456 -1.71005e-07
     11.5855  7.63646e-07
     11.7165 -1.38869e-06
      11.849  2.80292e-07
      11.983  1.39163e-06
     12.1185 -1.36417e-06
     12.2555  2.43739e-08
      12.394  5.97139e-07
     12.5342 -1.46828e-07
     12.6759 -1.03395e-07
     12.8192 -4.11292e-07
     12.9642  1.00757e-06
     13.1107 -1.14831e-06
      13.259  1.08015e-06
     13.4089 -1.11465e-06
     13.5605  1.14994e-06
     13.7138 -9.01437e-07
     13.8689  2.61276e-07
     14.0257  4.41835e-07
     14.1843 -6.06851e-07
     14.3446  7.07241e-08
     14.5068  6.01573e-07
     14.6709 -7.89322e-07
     14.8367  4.85712e-07
     15.0045 -1.39625e-07
     15.1741  4.62287e-08
     15.3457 -1.06146e-07
     15.5192  1.18064e-07
     15.6947 -5.34315e-08
     15.8721  2.23507e-08
     16.0516 -9.29981e-08
     16.2331  2.11466e-07
     16.4166 -3.17407e-07
     16.6022   4.0824e-07
     16.7899 -4.67854e-07
     16.9798  4.68907e-07
     17.1718 -4.19566e-07
     17.3659  3.72675e-07
     17.5623 -4.05693e-07
     17.7608  5.52351e-07
     17.9616  -7.4178e-07
     18.1647  8.35232e-07
     18.3701 -7.23639e-07
     18.5778  4.17101e-07
     18.7879 -6.32761e-08
     19.0003 -1.53342e-07
     19.2151  1.46714e-07
     19.4324     3.39e-08
     19.6521 -2.57486e-07
     19.8743  4.02483e-07
      20.099 -4.24027e-07
     20.3262  3.48855e-07
      20.556 -2.30569e-07
     20.7885  1.25366e-07
     21.0235 -7.09965e-08
     21.2612  7.26836e-08
     21.5016 -1.13423e-07
     21.7447  1.74095e-07
     21.9906 -2.38401e-07
     22.2392  2.90493e-07
     22.4907 -3.10118e-07
     22.7449  2.90813e-07
     23.0021 -2.52513e-07
     23.2622  2.17755e-07
     23.5252 -1.86681e-07
     23.7912  1.56679e-07
     24.0602 -1.33858e-07
     24.3322  1.21934e-07
     24.6073 -1.13988e-07
     24.8856  1.04462e-07
     25.1669 -9.60057e-08
     25.4515  9.68629e-08
     25.7393 -1.04877e-07
     26.0303  1.10689e-07
     26.3246 -1.09042e-07
     26.6222  1.04688e-07
     26.9232 -1.00585e-07
     27.2276  9.81449e-08
     27.5355  -9.6273e-08
     27.8468  9.48803e-08
     28.1617 -9.18902e-08
     28.4801  8.81583e-08
     28.8021 -8.37396e-08
     29.1277  8.11709e-08
     29.4571 -7.99631e-08
     29.7901  8.05847e-08
      30.127 -8.04082e-08
     30.4676  8.00002e-08
     30.8121 -7.84319e-08
     31.1604  7.71269e-08
     31.5128  -7.4071e-08
     31.8691  7.11895e-08
     32.2294 -6.79711e-08
     32.5938  6.63809e-08
     32.9623 -6.45012e-08
      33.335  6.40573e-08
     33.7119 -6.30013e-08
     34.0931  6.31291e-08
     34.4786 -6.19367e-08
     34.8684  6.14295e-08
     35.2626 -5.97663e-08
     35.6613  5.94245e-08
     36.0645 -5.73955e-08
     36.4723  5.61056e-08
     36.8847 -5.32897e-08
     37.3017  5.24084e-08
     37.7235 -5.06448e-08
       38.15  5.07286e-08
     38.5813   -4.905e-08
     39.0175  4.90764e-08
     39.4587 -4.73684e-08
     39.9048  4.75954e-08
      40.356  -4.5718e-08
     40.8123  4.58479e-08
     41.2738 -4.38876e-08
     41.7404  4.42538e-08
     42.2124 -4.20636e-08
     42.6896   4.2252e-08
     43.1723 -3.99705e-08
     43.6604  4.06778e-08
     44.1541  -3.8739e-08
     44.6533  3.98034e-08
     45.1582 -3.75508e-08
     45.6688   3.8385e-08
     46.1851   -3.579e-08
     46.7073  3.67862e-08
     47.2354 -3.40765e-08
     47.7695  3.53514e-08
     48.3096 -3.25886e-08
     48.8558  3.40987e-08
     49.4082 -3.12263e-08
     49.9668    3.314e-08
     50.5318 -3.01714e-08
     51.1031   3.2201e-08
     51.6809 -2.88167e-08
     52.2653  3.10186e-08
     52.8562 -2.74251e-08
     53.4538  2.99864e-08
     54.0582 -2.62014e-08
     54.6694  2.91122e-08
     55.2875 -2.50584e-08
     55.9126  2.83212e-08
     56.5448 -2.39572e-08
     57.1841  2.75397e-08
     57.8307 -2.27423e-08
     58.4846  2.66953e-08
     59.1458 -2.15823e-08
     59.8146  2.60451e-08
     60.4908 -2.05361e-08
     61.1748  2.54335e-08
     61.8665 -1.94065e-08
      62.566  2.48049e-08
     63.2734 -1.83243e-08
     63.9888  2.43211e-08
     64.7123 -1.72706e-08
     65.4439  2.38439e-08
     66.1839 -1.61809e-08
     66.9322  2.34207e-08
      67.689 -1.50936e-08
     68.4543  2.30622e-08
     69.2283 -1.40236e-08
      70.011  2.27959e-08
     70.8026 -1.29687e-08
     71.6031  2.25941e-08
     72.4127 -1.18868e-08
     73.2314  2.24508e-08
     74.0594 -1.07963e-08
     74.8968  2.23763e-08
     75.7436  -9.6643e-09
        76.6  2.23499e-08
     77.4661 -8.50276e-09
     78.3419  2.24191e-08
     79.2277 -7.33879e-09
     80.1235  2.25847e-08
     81.0294 -6.13566e-09
     81.9456  2.28181e-08
     82.8721 -4.87015e-09
     83.8091  2.31272e-08
     84.7567 -3.55462e-09
      85.715  2.35378e-08
     86.6841 -2.18965e-09
     87.6642  2.40501e-08
     88.6554 -7.56655e-10
     89.6578  2.46633e-08
     90.6715  7.50231e-10
     91.6967  2.53918e-08
     92.7335   2.3398e-09
      93.782   2.6235e-08
     94.8423   4.0273e-09
     95.9147   2.7206e-08
     96.9991  5.81381e-09
     98.0958  2.83184e-08
      99.205  7.71515e-09
