  0.00099205     -25.2178
  0.00100327     -26.2932
  0.00101461     -27.5292
  0.00102608     -28.7087
  0.00103768     -30.0497
  0.00104942     -31.3425
  0.00106128     -32.7981
  0.00107328     -34.2139
  0.00108542     -35.7944
  0.00109769     -37.3437
   0.0011101     -39.0603
  0.00112265     -40.7547
  0.00113534     -42.6195
  0.00114818     -44.4715
  0.00116116     -46.4976
  0.00117429     -48.5207
  0.00118757     -50.7223
    0.001201     -52.9312
  0.00121457     -55.3236
  0.00122831     -57.7342
  0.00124219     -60.3341
  0.00125624     -62.9635
  0.00127044     -65.7888
  0.00128481     -68.6555
  0.00129933     -71.7257
  0.00131403     -74.8499
  0.00132888     -78.1858
  0.00134391      -81.589
   0.0013591     -85.2133
  0.00137447      -88.919
  0.00139001      -92.856
  0.00140573     -96.8895
  0.00142162     -101.165
  0.00143769     -105.554
  0.00145395     -110.197
  0.00147039     -114.969
  0.00148701      -120.01
  0.00150383     -125.198
  0.00152083     -130.669
  0.00153802     -136.306
  0.00155541     -142.243
    0.001573     -148.365
  0.00159079     -154.805
  0.00160877     -161.452
  0.00162696     -168.435
  0.00164536     -175.648
  0.00166396     -183.217
  0.00168277     -191.041
   0.0017018     -199.242
  0.00172104     -207.725
   0.0017405     -216.607
  0.00176018     -225.799
  0.00178008     -235.416
  0.00180021      -245.37
  0.00182056     -255.777
  0.00184115     -266.551
  0.00186196     -277.807
  0.00188301     -289.463
  0.00190431     -301.631
  0.00192584     -314.233
  0.00194761     -327.379
  0.00196963     -340.995
   0.0019919      -355.19
  0.00201442     -369.893
   0.0020372      -385.21
  0.00206023     -401.075
  0.00208353     -417.593
  0.00210708       -434.7
  0.00213091       -452.5
    0.002155     -470.931
  0.00217937     -490.098
  0.00220401     -509.942
  0.00222893     -530.564
  0.00225413      -551.91
  0.00227962     -574.079
  0.00230539     -597.021
  0.00233146     -620.833
  0.00235782     -645.467
  0.00238448     -671.019
  0.00241144     -697.443
   0.0024387     -724.836
  0.00246627     -753.151
  0.00249416     -782.485
  0.00252236     -812.794
  0.00255088     -844.172
  0.00257972     -876.577
  0.00260889     -910.101
  0.00263838     -944.703
  0.00266822     -980.475
  0.00269838     -1017.38
  0.00272889     -1055.49
  0.00275975     -1094.79
  0.00279095     -1135.35
  0.00282251     -1177.14
  0.00285442     -1220.24
  0.00288669      -1264.6
  0.00291933     -1310.31
  0.00295234     -1357.33
  0.00298572     -1405.74
  0.00301948     -1455.48
  0.00305362     -1506.64
  0.00308814     -1559.17
  0.00312306     -1613.13
  0.00315837     -1668.48
  0.00319408     -1725.28
  0.00323019     -1783.47
  0.00326672     -1843.11
  0.00330365     -1904.15
  0.00334101     -1966.62
  0.00337878     -2030.48
  0.00341698     -2095.74
  0.00345562     -2162.36
  0.00349469     -2230.34
   0.0035342     -2299.62
  0.00357416     -2370.21
  0.00361457     -2442.03
  0.00365544     -2515.07
  0.00369677     -2589.24
  0.00373857     -2664.53
  0.00378084     -2740.84
  0.00382359     -2818.13
  0.00386682     -2896.28
  0.00391054     -2975.25
  0.00395475      -3054.9
  0.00399947     -3135.18
  0.00404469     -3215.92
  0.00409042     -3297.05
  0.00413667     -3378.39
  0.00418344     -3459.85
  0.00423074     -3541.24
  0.00427857     -3622.42
  0.00432695      -3703.2
  0.00437587     -3783.42
  0.00442535     -3862.85
  0.00447538     -3941.32
  0.00452598     -4018.57
  0.00457716     -4094.42
  0.00462891     -4168.58
  0.00468125     -4240.84
  0.00473418     -4310.89
   0.0047877      -4378.5
  0.00484183     -4443.34
  0.00489658     -4505.14
  0.00495194     -4563.56
  0.00500793     -4618.32
  0.00506455     -4669.05
  0.00512182     -4715.44
  0.00517973     -4757.13
  0.00523829     -4793.79
  0.00529752     -4825.02
  0.00535741      -4850.5
  0.00541799     -4869.83
  0.00547925     -4882.67
   0.0055412     -4888.63
  0.00560385     -4887.37
  0.00566721      -4878.5
  0.00573129      -4861.7
  0.00579609     -4836.59
  0.00586162     -4802.87
   0.0059279     -4760.19
  0.00599492     -4708.28
   0.0060627     -4646.83
  0.00613125     -4575.61
  0.00620057     -4494.38
  0.00627068     -4402.95
  0.00634158     -4301.15
  0.00641328     -4188.87
  0.00648579     -4066.02
  0.00655912     -3932.59
  0.00663329     -3788.57
  0.00670829     -3634.06
  0.00678413     -3469.18
  0.00686084     -3294.15
  0.00693841     -3109.22
  0.00701686     -2914.75
   0.0070962     -2711.13
  0.00717643     -2498.89
  0.00725757     -2278.56
  0.00733963     -2050.83
  0.00742261     -1816.43
  0.00750654     -1576.21
  0.00759141     -1331.05
  0.00767724     -1082.01
  0.00776405     -830.128
  0.00785183     -576.621
  0.00794061     -322.718
  0.00803039     -69.7775
  0.00812118      180.817
  0.00821301      427.572
  0.00830587       668.98
  0.00839978      903.444
  0.00849475      1129.37
   0.0085908       1345.1
  0.00868793      1549.01
  0.00878616      1739.44
   0.0088855      1914.77
  0.00898596      2073.41
  0.00908756      2213.85
  0.00919031      2334.63
  0.00929422      2434.43
  0.00939931         2512
  0.00950558      2566.31
  0.00961306      2596.42
  0.00972175      2601.66
  0.00983167       2581.5
  0.00994283      2535.74
   0.0100552      2464.35
   0.0101689      2367.66
   0.0102839      2246.23
   0.0104002      2100.98
   0.0105178      1933.13
   0.0106367      1744.25
    0.010757       1536.2
   0.0108786      1311.23
   0.0110016      1071.85
    0.011126      820.939
   0.0112518      561.597
    0.011379      297.237
   0.0115076      31.4495
   0.0116378     -231.957
   0.0117693     -489.082
   0.0119024     -735.919
    0.012037     -968.492
   0.0121731     -1182.85
   0.0123107     -1375.22
   0.0124499     -1542.01
   0.0125907     -1679.97
    0.012733     -1786.21
    0.012877     -1858.32
   0.0130226     -1894.44
   0.0131698     -1893.35
   0.0133187      -1854.5
   0.0134693     -1778.14
   0.0136216     -1665.27
   0.0137756     -1517.77
   0.0139314     -1338.33
   0.0140889     -1130.51
   0.0142482     -898.627
   0.0144093     -647.804
   0.0145722     -383.789
    0.014737     -112.926
   0.0149036       158.04
   0.0150721      422.064
   0.0152425      672.035
   0.0154149       900.92
   0.0155892      1102.03
   0.0157654       1269.2
   0.0159437      1397.05
   0.0161239      1481.15
   0.0163062      1518.31
   0.0164906      1506.68
   0.0166771      1445.95
   0.0168656      1337.44
   0.0170563      1184.19
   0.0172492      990.879
   0.0174442       763.87
   0.0176414      510.974
   0.0178409       241.32
   0.0180426      -34.995
   0.0182466     -307.186
   0.0184529     -564.249
   0.0186615     -795.355
   0.0188725     -990.393
   0.0190859      -1140.4
   0.0193017     -1238.12
     0.01952     -1278.37
   0.0197407     -1258.48
   0.0199639     -1178.55
   0.0201896     -1041.63
   0.0204178     -853.736
   0.0206487     -623.771
   0.0208822     -363.152
   0.0211183     -85.4145
    0.021357      194.471
   0.0215985      460.813
   0.0218427       698.13
   0.0220897      892.039
   0.0223394      1030.26
    0.022592      1103.48
   0.0228475      1106.15
   0.0231058       1037.1
    0.023367      899.875
   0.0236312      702.786
   0.0238984      458.641
   0.0241686      184.069
   0.0244419     -101.425
   0.0247183       -376.8
   0.0249977     -620.955
   0.0252804     -814.447
   0.0255662      -941.11
   0.0258553      -989.65
   0.0261476     -954.855
   0.0264432     -838.471
   0.0267422     -649.439
   0.0270446      -403.58
   0.0273504     -122.514
   0.0276596      167.976
   0.0279723      440.233
   0.0282886        667.3
   0.0286085      825.744
   0.0289319      898.262
    0.029259      875.948
   0.0295899      759.737
   0.0299244      560.971
   0.0302628      300.711
   0.0306049      7.95726
    0.030951     -283.348
   0.0313009     -538.086
   0.0316548     -724.297
   0.0320127     -817.393
   0.0323747     -803.874
   0.0327407      -683.77
   0.0331109     -471.544
   0.0334853     -194.947
   0.0338639      108.038
   0.0342467      394.123
    0.034634      620.769
   0.0350256      752.759
   0.0354216      768.097
   0.0358221      662.403
   0.0362271      450.711
   0.0366367       166.25
   0.0370509     -144.082
   0.0374698     -426.968
   0.0378935     -631.791
   0.0383219     -719.988
   0.0387552     -673.056
   0.0391934     -497.335
   0.0396366     -224.431
   0.0400847      93.4723
   0.0405379      392.855
   0.0409963      611.395
   0.0414598      701.275
   0.0419286      640.599
   0.0424026      439.942
   0.0428821      142.135
   0.0433669     -185.603
   0.0438572     -466.002
   0.0443531     -629.929
   0.0448546     -634.096
   0.0453617     -473.875
   0.0458746     -187.066
   0.0463933      153.228
   0.0469178      456.141
   0.0474483      637.061
   0.0479848      642.184
   0.0485273       466.25
    0.049076      157.524
   0.0496309     -193.183
   0.0501921     -477.714
   0.0507596     -603.765
   0.0513335     -525.955
   0.0519139      -264.29
   0.0525008      97.9925
   0.0530944      438.723
   0.0536948        637.4
   0.0543019      619.005
   0.0549158      385.239
   0.0555367      19.5318
   0.0561647      -339.16
   0.0567997      -547.29
   0.0574419     -514.494
   0.0580914     -245.129
   0.0587482      156.324
   0.0594124      522.662
   0.0600842      693.092
   0.0607635      586.456
   0.0614505      245.215
   0.0621453     -174.623
    0.062848     -469.514
   0.0635586     -484.998
   0.0642772     -197.739
   0.0650039      261.263
   0.0657389      662.565
   0.0664822      793.409
   0.0672339      576.581
    0.067994      126.144
   0.0687628     -300.644
   0.0695403     -441.447
   0.0703266      -186.14
   0.0711217      340.746
   0.0719258       835.32
   0.0727391      991.642
   0.0735615      702.658
   0.0743932       153.07
   0.0752344     -275.886
    0.076085      -252.25
   0.0769453      262.973
   0.0778152      952.876
   0.0786951      1339.38
   0.0795848      1129.59
   0.0804847      469.331
   0.0813947     -114.934
   0.0823149     -94.3976
   0.0832456      619.214
   0.0841869      1530.61
   0.0851387      1900.62
   0.0861014      1365.49
   0.0870749      333.416
   0.0880594     -257.883
    0.089055      257.385
   0.0900619      1547.18
   0.0910802      2362.29
     0.09211      1568.44
   0.0931515     -621.341
   0.0942047     -2376.67
   0.0952698     -1486.12
    0.096347      2680.04
   0.0974363      8161.77
    0.098538      11511.5
   0.0996521        10394
    0.100779      5550.76
    0.101918      294.641
    0.103071      -2180.1
    0.104236     -1304.63
    0.105415      819.341
    0.106606      1749.12
    0.107812      981.103
    0.109031     -65.1823
    0.110264     -39.4095
     0.11151      805.798
    0.112771      1219.77
    0.114046      689.675
    0.115336      5.49033
     0.11664      45.4475
    0.117958       573.94
    0.119292      703.922
    0.120641      239.903
    0.122005     -108.549
    0.123384      117.349
    0.124779      444.988
     0.12619      297.191
    0.127617      -73.006
     0.12906     -66.8281
    0.130519      230.093
    0.131995      246.831
    0.133487     -42.1214
    0.134996     -111.737
    0.136523      122.615
    0.138066      178.992
    0.139627     -46.0343
    0.141206     -104.409
    0.142803      91.7306
    0.144417      118.024
     0.14605     -70.4658
    0.147702     -70.3954
    0.149372      95.3248
     0.15106       52.373
    0.152768     -90.5776
    0.154496     -11.2272
    0.156242      88.9876
    0.158009     -23.3917
    0.159796     -69.8606
    0.161602       51.874
    0.163429      33.0751
    0.165277     -68.8907
    0.167146      4.99164
    0.169036      52.3069
    0.170947     -45.9113
     0.17288     -22.4119
    0.174835      49.6234
    0.176811     -26.3574
     0.17881     -31.1646
    0.180832      41.9093
    0.182877     -17.2611
    0.184944     -29.1158
    0.187035      35.9441
     0.18915     -17.0383
    0.191289     -20.9303
    0.193452      31.4353
    0.195639     -22.0344
    0.197851     -7.75047
    0.200088      23.9864
     0.20235     -26.5226
    0.204638      8.17793
    0.206952      9.36114
    0.209292     -22.6083
    0.211658      19.6525
    0.214051     -9.77104
    0.216471     -5.35523
    0.218919      14.4156
    0.221394     -18.1126
    0.223897      13.2626
    0.226429     -5.87994
    0.228989     -3.36923
    0.231578      9.45458
    0.234196      -13.007
    0.236844      12.4225
    0.239522     -9.99786
     0.24223      5.62575
    0.244969     -1.54138
    0.247739     -2.42627
     0.25054      5.15384
    0.253373     -7.01236
    0.256238      7.68228
    0.259135      -7.8605
    0.262065      7.32239
    0.265028     -6.57828
    0.268024      5.64845
    0.271055     -4.77512
    0.274119      3.86627
    0.277219     -3.16097
    0.280353      2.51099
    0.283523     -1.98098
    0.286729      1.55092
     0.28997     -1.23136
    0.293249     0.940541
    0.296565    -0.742771
    0.299918     0.591334
    0.303309    -0.461731
    0.306738     0.357695
    0.310206    -0.300837
    0.313714     0.236578
    0.317261    -0.179448
    0.320848     0.163274
    0.324475    -0.138157
    0.328144    0.0947936
    0.331854   -0.0751155
    0.335606    0.0755754
    0.339401   -0.0670024
    0.343238    0.0349531
    0.347119   -0.0288105
    0.351044    0.0494544
    0.355013   -0.0393795
    0.359027    0.0159057
    0.363086   -0.0222357
    0.367192    0.0280221
    0.371343   -0.0111945
    0.375542   0.00291954
    0.379788   -0.0152155
    0.384082    0.0163491
    0.388425  -0.00121346
    0.392816  -0.00326319
    0.397258  -0.00513687
    0.401749    0.0138372
    0.406292   -0.0104692
    0.410886    -0.003852
    0.415531   0.00565437
    0.420229   0.00912227
    0.424981   -0.0101749
    0.429786 -0.000499871
    0.434645  1.88556e-05
     0.43956   0.00981998
     0.44453   -0.0173233
    0.449556    0.0114857
    0.454639  -8.1423e-05
    0.459779  -0.00515756
    0.464977  0.000935515
    0.470235   0.00717458
    0.475551  -0.00583388
    0.480928 -2.14081e-06
    0.486366   0.00222993
    0.491865  -0.00135618
    0.497426  -0.00657521
     0.50305    0.0122536
    0.508738   -0.0081941
     0.51449  5.46873e-05
    0.520307   0.00616167
     0.52619  -0.00336751
     0.53214  -0.00240877
    0.538156   0.00497838
    0.544241  -0.00681141
    0.550394   0.00403066
    0.556617     0.003303
    0.562911  -0.00873417
    0.569275   0.00815274
    0.575712  -0.00339603
    0.582221  -0.00234222
    0.588804   0.00792071
    0.595462  -0.00822875
    0.602194   0.00521441
    0.609003  -0.00259682
    0.615889  -0.00328074
    0.622852   0.00787964
    0.629894  -0.00803651
    0.637016   0.00830213
    0.644219  -0.00536202
    0.651503  0.000510139
    0.658869  0.000535707
    0.666318   -0.0035308
    0.673852   0.00768901
    0.681471  -0.00705998
    0.689176   0.00595903
    0.696968  -0.00676951
    0.704849   0.00677192
    0.712818  -0.00539421
    0.720878   0.00354902
    0.729028  -0.00327245
    0.737271   0.00418959
    0.745607  -0.00409803
    0.754037   0.00361267
    0.762563  -0.00237064
    0.771185  0.000458306
    0.779904 -0.000274946
    0.788722  0.000524055
     0.79764  0.000336245
    0.806658 -9.45452e-05
    0.815779 -0.000971356
    0.825003  0.000313174
     0.83433  0.000678552
    0.843764 -3.21463e-05
    0.853304  -0.00053296
    0.862952  1.79485e-05
    0.872709  0.000962244
    0.882576  -0.00103488
    0.892555  4.19821e-05
    0.902647 -3.88997e-05
    0.912852  0.000618618
    0.923174 -0.000579717
    0.933612  0.000398047
    0.944167 -0.000255543
    0.954843  0.000101165
    0.965639 -0.000397098
    0.976557  0.000906367
    0.987598  -0.00068207
    0.998764  0.000263468
     1.01006 -0.000211218
     1.02148  0.000164064
     1.03303 -0.000232229
     1.04471  0.000375978
     1.05652 -0.000578483
     1.06846  0.000803537
     1.08054 -0.000747246
     1.09276  0.000462309
     1.10512 -0.000260597
     1.11761  0.000288653
     1.13025 -0.000263987
     1.14303 -2.30454e-05
     1.15595  0.000239354
     1.16902 -0.000115961
     1.18224  2.71249e-05
     1.19561 -8.30947e-05
     1.20912 -0.000191033
      1.2228  0.000547142
     1.23662 -0.000296123
      1.2506 -0.000396491
     1.26474  0.000717334
     1.27904 -0.000269112
      1.2935 -0.000275976
     1.30813  0.000195701
     1.32292  0.000109693
     1.33788 -8.55939e-05
       1.353  2.60784e-05
      1.3683 -9.73456e-05
     1.38377 -2.27014e-05
     1.39942  0.000247884
     1.41524 -0.000314847
     1.43124  0.000187622
     1.44742  -1.3584e-05
     1.46379  3.30512e-06
     1.48034 -0.000106072
     1.49708  0.000105965
       1.514  6.19267e-05
     1.53112 -0.000233285
     1.54843  0.000175977
     1.56594   7.3515e-05
     1.58365 -0.000173185
     1.60155   1.2055e-05
     1.61966  0.000218985
     1.63797 -0.000322811
     1.65649  0.000215718
     1.67522  -4.8334e-05
     1.69416 -0.000112674
     1.71332  0.000181742
     1.73269 -2.55017e-05
     1.75228 -0.000111433
     1.77209   0.00010287
     1.79213 -2.99325e-05
     1.81239 -0.000114186
     1.83288  0.000217575
     1.85361 -0.000189405
     1.87457  6.34822e-05
     1.89576  8.03826e-05
     1.91719 -0.000197973
     1.93887  0.000266075
     1.96079 -0.000227115
     1.98296  0.000105695
     2.00538  2.86622e-05
     2.02806 -0.000115055
     2.05099  0.000134682
     2.07418 -0.000139612
     2.09763  0.000148152
     2.12135 -0.000135352
     2.14533  0.000104125
     2.16959 -8.38442e-05
     2.19412  8.11021e-05
     2.21893  -7.2446e-05
     2.24401  5.79251e-05
     2.26939 -5.79306e-05
     2.29505  5.48723e-05
     2.32099 -3.23758e-05
     2.34724  1.09918e-05
     2.37378  3.19074e-07
     2.40061 -1.42063e-05
     2.42776  3.11047e-05
     2.45521 -3.73865e-05
     2.48297  3.80762e-05
     2.51104 -3.91679e-05
     2.53943  3.27678e-05
     2.56814 -2.00734e-05
     2.59718   1.0396e-05
     2.62655 -6.00348e-06
     2.65624 -1.42787e-06
     2.68628  1.23282e-06
     2.71665  1.73115e-05
     2.74736 -2.83019e-05
     2.77843  2.06037e-05
     2.80984 -1.33639e-05
     2.84161  9.12068e-06
     2.87374  7.03026e-08
     2.90623 -3.13134e-06
     2.93909 -7.91789e-06
     2.97232  1.11662e-05
     3.00593  7.58844e-07
     3.03992 -8.79786e-06
     3.07429  1.37034e-05
     3.10905 -1.77239e-05
      3.1442  1.44749e-05
     3.17975  -8.7644e-06
      3.2157  5.13123e-07
     3.25206  9.76528e-06
     3.28883 -9.75235e-06
     3.32601 -1.77518e-06
     3.36362   3.0387e-06
     3.40165   1.1201e-05
     3.44011 -1.20276e-05
     3.47901 -2.60682e-06
     3.51834  2.97477e-06
     3.55812  1.01695e-05
     3.59835  -1.5203e-05
     3.63904  1.00615e-05
     3.68018 -3.96932e-06
     3.72179  8.20398e-07
     3.76387 -5.92232e-07
     3.80643  1.26449e-06
     3.84947 -8.61814e-07
     3.89299 -2.99973e-07
     3.93701  8.25726e-07
     3.98152  9.83922e-08
     4.02654 -1.56156e-08
     4.07206 -1.60676e-06
     4.11811  1.16395e-06
     4.16467  1.51009e-07
     4.21175 -1.78906e-07
     4.25938  1.20871e-07
     4.30753  6.16901e-07
     4.35624 -1.49857e-06
     4.40549  2.05282e-06
      4.4553 -3.78744e-06
     4.50568  3.15557e-06
     4.55662    1.795e-06
     4.60814 -4.33414e-06
     4.66024  2.61658e-06
     4.71293 -2.44185e-06
     4.76622  3.71226e-06
     4.82011 -2.85872e-06
     4.87461    1.874e-06
     4.92972 -2.45034e-06
     4.98546  2.21195e-06
     5.04183 -1.07004e-06
     5.09883  5.33189e-08
     5.15648  1.74215e-06
     5.21479 -2.76038e-06
     5.27375  1.08486e-06
     5.33338  1.28619e-06
     5.39368 -2.07424e-06
     5.45466  1.43068e-06
     5.51633 -1.57322e-06
     5.57871  3.40883e-06
     5.64178 -4.20164e-06
     5.70557  2.86539e-06
     5.77008 -1.33726e-06
     5.83532  4.18554e-07
      5.9013  -4.0042e-07
     5.96802  1.52184e-06
      6.0355 -2.65361e-06
     6.10374   2.6362e-06
     6.17275 -1.60058e-06
     6.24254  5.35142e-07
     6.31312  -4.6351e-09
      6.3845 -1.56881e-07
     6.45669  2.43866e-07
     6.52969  -8.0372e-07
     6.60352  1.88087e-06
     6.67818 -2.45283e-06
     6.75369  1.93308e-06
     6.83005 -8.35562e-07
     6.90728  7.47337e-08
     6.98537 -1.89422e-07
     7.06435  5.84206e-07
     7.14423 -3.65942e-07
       7.225 -2.23303e-07
     7.30669  3.90931e-07
     7.38931  8.05171e-08
     7.47285 -8.29595e-07
     7.55735  1.29809e-06
     7.64279 -1.18899e-06
     7.72921  7.42669e-07
      7.8166 -3.18213e-07
     7.90498 -1.02826e-07
     7.99435  5.37746e-07
     8.08474 -5.64179e-07
     8.17615  1.19185e-08
      8.2686  5.46243e-07
     8.36209  -6.8309e-07
     8.45663  6.39469e-07
     8.55225 -6.40384e-07
     8.64894  5.43981e-07
     8.74673 -2.47372e-07
     8.84563 -8.48325e-08
     8.94564  1.98349e-07
     9.04679 -3.56688e-08
     9.14907 -2.12358e-07
     9.25252  3.78492e-07
     9.35713 -4.61093e-07
     9.46293  4.75271e-07
     9.56992  -4.2053e-07
     9.67812  3.31001e-07
     9.78755 -2.13044e-07
     9.89821  5.88447e-08
     10.0101  6.49365e-08
     10.1233 -9.73193e-08
     10.2378  7.80708e-08
     10.3535 -7.01879e-08
     10.4706  6.78987e-08
      10.589 -4.19533e-08
     10.7087 -6.30057e-09
     10.8298  5.70236e-08
     10.9522 -1.02805e-07
     11.0761  1.37053e-07
     11.2013 -1.43056e-07
     11.3279  1.11402e-07
      11.456 -6.83078e-08
     11.5855  3.72912e-08
     11.7165 -3.02328e-09
      11.849 -5.55082e-08
      11.983   1.1013e-07
     12.1185 -1.22249e-07
     12.2555  9.73578e-08
      12.394  -7.4342e-08
     12.5342  6.49675e-08
     12.6759 -5.51415e-08
     12.8192  3.42666e-08
     12.9642 -1.39127e-08
     13.1107   2.2173e-09
      13.259   6.0141e-10
     13.4089 -9.79731e-10
     13.5605 -3.58438e-09
     13.7138  1.38725e-08
     13.8689 -3.12191e-08
     14.0257  4.56372e-08
     14.1843  -4.9705e-08
     14.3446  3.95416e-08
     14.5068 -2.76096e-08
     14.6709  2.15934e-08
     14.8367 -2.53683e-08
     15.0045  2.94987e-08
     15.1741 -3.21728e-08
     15.3457  3.05963e-08
     15.5192 -3.07451e-08
     15.6947  2.96079e-08
     15.8721 -2.97297e-08
     16.0516  2.63343e-08
     16.2331 -2.42547e-08
     16.4166  2.00778e-08
     16.6022 -1.86622e-08
     16.7899  1.55569e-08
     16.9798 -1.60033e-08
     17.1718  1.45434e-08
     17.3659 -1.57914e-08
     17.5623  1.30477e-08
     17.7608  -1.2006e-08
     17.9616   7.5149e-09
     18.1647 -7.96502e-09
     18.3701   7.8284e-09
     18.5778 -1.38984e-08
     18.7879  1.66286e-08
     19.0003 -2.14259e-08
     19.2151   1.8996e-08
     19.4324 -1.85717e-08
     19.6521  1.29177e-08
     19.8743 -1.30143e-08
      20.099  9.69447e-09
     20.3262 -1.29272e-08
      20.556  1.12766e-08
     20.7885 -1.52326e-08
     21.0235  1.25569e-08
     21.2612 -1.54508e-08
     21.5016  1.12577e-08
     21.7447 -1.36788e-08
     21.9906  8.87933e-09
     22.2392 -1.17871e-08
     22.4907  7.23543e-09
     22.7449 -1.13771e-08
     23.0021  7.15561e-09
     23.2622  -1.1939e-08
     23.5252  7.26943e-09
     23.7912 -1.24302e-08
     24.0602  7.19889e-09
     24.3322 -1.26337e-08
     24.6073  6.73906e-09
     24.8856 -1.26496e-08
     25.1669  6.19876e-09
     25.4515 -1.25683e-08
     25.7393  5.36401e-09
     26.0303  -1.2313e-08
     26.3246  4.55967e-09
     26.6222 -1.23012e-08
     26.9232  3.87577e-09
     27.2276 -1.23553e-08
     27.5355  3.13935e-09
     27.8468 -1.24316e-08
     28.1617    2.384e-09
     28.4801 -1.25973e-08
     28.8021  1.63924e-09
     29.1277 -1.28224e-08
     29.4571  8.21359e-10
     29.7901 -1.30468e-08
      30.127 -7.23396e-11
     30.4676 -1.33362e-08
     30.8121 -9.82014e-10
     31.1604 -1.37196e-08
     31.5128 -1.91155e-09
     31.8691  -1.4207e-08
     32.2294 -2.87585e-09
     32.5938 -1.47634e-08
     32.9623 -3.92308e-09
      33.335 -1.53805e-08
     33.7119 -5.05448e-09
     34.0931 -1.60756e-08
     34.4786  -6.2622e-09
     34.8684 -1.68763e-08
     35.2626 -7.54024e-09
     35.6613 -1.77866e-08
     36.0645  -8.9052e-09
     36.4723 -1.88237e-08
     36.8847 -1.03542e-08
     37.3017 -1.99878e-08
     37.7235 -1.19268e-08
       38.15 -2.12676e-08
     38.5813 -1.36311e-08
     39.0175 -2.26921e-08
     39.4587 -1.54696e-08
     39.9048 -2.42733e-08
      40.356 -1.74567e-08
     40.8123  -2.6028e-08
     41.2738 -1.96054e-08
     41.7404 -2.79676e-08
     42.2124 -2.19334e-08
     42.6896 -3.01131e-08
     43.1723 -2.44565e-08
     43.6604 -3.24752e-08
     44.1541  -2.7204e-08
     44.6533 -3.50713e-08
     45.1582 -3.01898e-08
     45.6688 -3.79335e-08
     46.1851 -3.34314e-08
     46.7073 -4.10823e-08
     47.2354 -3.69595e-08
     47.7695 -4.45404e-08
     48.3096  -4.0803e-08
     48.8558 -4.83358e-08
     49.4082 -4.49913e-08
     49.9668 -5.24983e-08
     50.5318 -4.95583e-08
     51.1031 -5.70639e-08
     51.6809 -5.45345e-08
     52.2653 -6.20717e-08
     52.8562  -5.9961e-08
     53.4538 -6.75583e-08
     54.0582 -6.58818e-08
     54.6694 -7.35674e-08
     55.2875 -7.23423e-08
     55.9126 -8.01475e-08
     56.5448 -7.93925e-08
     57.1841 -8.73516e-08
     57.8307 -8.70862e-08
     58.4846 -9.52374e-08
     59.1458 -9.54851e-08
     59.8146 -1.03865e-07
     60.4908 -1.04655e-07
     61.1748 -1.13305e-07
     61.8665 -1.14667e-07
      62.566 -1.23632e-07
     63.2734 -1.25599e-07
     63.9888 -1.34925e-07
     64.7123 -1.37536e-07
     65.4439 -1.47275e-07
     66.1839 -1.50572e-07
     66.9322 -1.60777e-07
      67.689 -1.64806e-07
     68.4543 -1.75537e-07
     69.2283  -1.8035e-07
      70.011 -1.91671e-07
     70.8026 -1.97325e-07
     71.6031 -2.09303e-07
     72.4127 -2.15861e-07
     73.2314 -2.28571e-07
     74.0594 -2.36103e-07
     74.8968 -2.49625e-07
     75.7436 -2.58205e-07
        76.6 -2.72627e-07
     77.4661 -2.82338e-07
     78.3419 -2.97754e-07
     79.2277 -3.08687e-07
     80.1235 -3.25199e-07
     81.0294 -3.37454e-07
     81.9456 -3.55173e-07
     82.8721 -3.68858e-07
     83.8091 -3.87904e-07
     84.7567 -4.03138e-07
      85.715 -4.23643e-07
     86.6841 -4.40556e-07
     87.6642  -4.6266e-07
     88.6554 -4.81394e-07
     89.6578 -5.05251e-07
     90.6715 -5.25961e-07
     91.6967 -5.51738e-07
     92.7335 -5.74592e-07
      93.782 -6.02471e-07
     94.8423 -6.27653e-07
     95.9147 -6.57831e-07
     96.9991 -6.85541e-07
     98.0958 -7.18232e-07
      99.205 -7.48688e-07
