  0.00099205     0.012614
  0.00100327    0.0131549
  0.00101461     0.013768
  0.00102608    0.0143607
  0.00103768    0.0150264
  0.00104942    0.0156754
  0.00106128    0.0163984
  0.00107328    0.0171086
  0.00108542    0.0178941
  0.00109769    0.0186708
   0.0011101    0.0195244
  0.00112265    0.0203734
  0.00113534    0.0213011
  0.00114818    0.0222285
  0.00116116    0.0232368
  0.00117429    0.0242493
  0.00118757    0.0253452
    0.001201    0.0264503
  0.00121457    0.0276415
  0.00122831     0.028847
  0.00124219    0.0301418
  0.00125624    0.0314563
  0.00127044    0.0328635
  0.00128481    0.0342963
  0.00129933    0.0358259
  0.00131403    0.0373871
  0.00132888    0.0390495
  0.00134391      0.04075
   0.0013591    0.0425564
  0.00137447    0.0444078
  0.00139001    0.0463703
  0.00140573    0.0483851
  0.00142162    0.0505168
  0.00143769    0.0527086
  0.00145395    0.0550235
  0.00147039    0.0574069
  0.00148701    0.0599204
  0.00150383     0.062511
  0.00152083    0.0652392
  0.00153802    0.0680539
  0.00155541    0.0710144
    0.001573    0.0740712
  0.00159079    0.0772827
  0.00160877    0.0806011
  0.00162696    0.0840836
  0.00164536    0.0876843
  0.00166396    0.0914593
  0.00168277    0.0953645
   0.0017018     0.099455
  0.00172104     0.103688
   0.0017405     0.108119
  0.00176018     0.112706
  0.00178008     0.117503
  0.00180021      0.12247
  0.00182056     0.127661
  0.00184115     0.133038
  0.00186196     0.138652
  0.00188301     0.144468
  0.00190431     0.150538
  0.00192584     0.156826
  0.00194761     0.163383
  0.00196963     0.170178
   0.0019919     0.177258
  0.00201442     0.184594
   0.0020372     0.192235
  0.00206023      0.20015
  0.00208353     0.208389
  0.00210708     0.216924
  0.00213091     0.225803
    0.002155     0.234998
  0.00217937     0.244558
  0.00220401     0.254457
  0.00222893     0.264743
  0.00225413     0.275392
  0.00227962      0.28645
  0.00230539     0.297894
  0.00233146     0.309771
  0.00235782     0.322058
  0.00238448     0.334803
  0.00241144     0.347983
   0.0024387     0.361644
  0.00246627     0.375767
  0.00249416     0.390396
  0.00252236     0.405513
  0.00255088     0.421161
  0.00257972     0.437322
  0.00260889      0.45404
  0.00263838     0.471296
  0.00266822     0.489134
  0.00269838     0.507535
  0.00272889     0.526542
  0.00275975     0.546137
  0.00279095     0.566361
  0.00282251     0.587197
  0.00285442     0.608682
  0.00288669     0.630802
  0.00291933     0.653591
  0.00295234     0.677033
  0.00298572     0.701163
  0.00301948     0.725962
  0.00305362     0.751463
  0.00308814     0.777647
  0.00312306     0.804544
  0.00315837     0.832133
  0.00319408      0.86044
  0.00323019     0.889444
  0.00326672     0.919167
  0.00330365     0.949585
  0.00334101     0.980717
  0.00337878      1.01253
  0.00341698      1.04505
  0.00345562      1.07824
  0.00349469      1.11211
   0.0035342      1.14663
  0.00357416      1.18179
  0.00361457      1.21756
  0.00365544      1.25395
  0.00369677      1.29089
  0.00373857      1.32838
  0.00378084      1.36638
  0.00382359      1.40487
  0.00386682      1.44378
  0.00391054      1.48309
  0.00395475      1.52274
  0.00399947       1.5627
  0.00404469      1.60288
  0.00409042      1.64325
  0.00413667      1.68373
  0.00418344      1.72425
  0.00423074      1.76474
  0.00427857      1.80512
  0.00432695      1.84528
  0.00437587      1.88517
  0.00442535      1.92465
  0.00447538      1.96365
  0.00452598      2.00203
  0.00457716      2.03971
  0.00462891      2.07654
  0.00468125      2.11241
  0.00473418      2.14718
   0.0047877      2.18072
  0.00484183      2.21287
  0.00489658      2.24349
  0.00495194      2.27243
  0.00500793      2.29953
  0.00506455      2.32462
  0.00512182      2.34754
  0.00517973       2.3681
  0.00523829      2.38614
  0.00529752      2.40148
  0.00535741      2.41394
  0.00541799      2.42333
  0.00547925      2.42948
   0.0055412      2.43219
  0.00560385      2.43129
  0.00566721       2.4266
  0.00573129      2.41795
  0.00579609      2.40515
  0.00586162      2.38806
   0.0059279       2.3665
  0.00599492      2.34034
   0.0060627      2.30943
  0.00613125      2.27365
  0.00620057      2.23287
  0.00627068      2.18702
  0.00634158      2.13601
  0.00641328      2.07978
  0.00648579      2.01829
  0.00655912      1.95153
  0.00663329      1.87951
  0.00670829      1.80228
  0.00678413      1.71989
  0.00686084      1.63247
  0.00693841      1.54012
  0.00701686      1.44305
   0.0070962      1.34144
  0.00717643      1.23556
  0.00725757      1.12568
  0.00733963      1.01215
  0.00742261     0.895325
  0.00750654     0.775633
  0.00759141     0.653525
  0.00767724     0.529514
  0.00776405     0.404136
  0.00785183     0.277989
  0.00794061      0.15169
  0.00803039    0.0259168
  0.00812118   -0.0986402
  0.00821301    -0.221236
  0.00830587    -0.341119
  0.00839978    -0.457493
  0.00849475    -0.569567
   0.0085908    -0.676514
  0.00868793    -0.777525
  0.00878616    -0.871773
   0.0088855    -0.958462
  0.00898596      -1.0368
  0.00908756     -1.10604
  0.00919031     -1.16545
  0.00929422     -1.21439
  0.00939931     -1.25223
  0.00950558     -1.27848
  0.00961306     -1.29267
  0.00972175     -1.29447
  0.00983167     -1.28364
  0.00994283     -1.26007
   0.0100552     -1.22378
   0.0101689     -1.17492
   0.0102839     -1.11379
   0.0104002     -1.04086
   0.0105178    -0.956744
   0.0106367    -0.862236
    0.010757    -0.758276
   0.0108786    -0.645989
   0.0110016    -0.526637
    0.011126    -0.401655
   0.0112518      -0.2726
    0.011379    -0.141174
   0.0115076   -0.0091681
   0.0116378      0.12152
   0.0117693      0.24895
   0.0119024     0.371129
    0.012037     0.486083
   0.0121731     0.591855
   0.0123107     0.686575
   0.0124499     0.768474
   0.0125907     0.835947
    0.012733     0.887572
    0.012877      0.92218
   0.0130226     0.938864
   0.0131698     0.937045
   0.0133187      0.91648
   0.0134693     0.877318
   0.0136216     0.820094
   0.0137756      0.74577
   0.0139314     0.655713
   0.0140889     0.551721
   0.0142482     0.435975
   0.0144093      0.31104
   0.0145722     0.179796
    0.014737    0.0454115
   0.0149036   -0.0887524
   0.0150721    -0.219191
   0.0152425    -0.342374
   0.0154149    -0.454819
   0.0155892    -0.553226
   0.0157654    -0.634554
   0.0159437    -0.696171
   0.0161239    -0.735925
   0.0163062    -0.752279
   0.0164906     -0.74437
   0.0166771    -0.712114
   0.0168656    -0.656226
   0.0170563    -0.578276
   0.0172492    -0.480661
   0.0174442    -0.366592
   0.0176414    -0.240001
   0.0178409    -0.105459
   0.0180426    0.0319941
   0.0182466     0.166994
   0.0184529     0.294084
   0.0186615     0.407915
   0.0188725     0.503515
   0.0190859     0.576503
   0.0193017     0.623357
     0.01952     0.641609
   0.0197407     0.630048
   0.0199639     0.588839
   0.0201896     0.519627
   0.0204178     0.425515
   0.0206487     0.311023
   0.0208822     0.181909
   0.0211183    0.0449532
    0.021357   -0.0923821
   0.0215985    -0.222315
   0.0218427     -0.33721
   0.0220897    -0.430013
   0.0223394    -0.494758
    0.022592    -0.526979
   0.0228475     -0.52412
   0.0231058    -0.485798
    0.023367    -0.413989
   0.0236312    -0.313009
   0.0238984     -0.18939
   0.0241686   -0.0515134
   0.0244419    0.0908682
   0.0247183     0.227308
   0.0249977     0.347402
   0.0252804     0.441648
   0.0255662     0.502241
   0.0258553     0.523853
   0.0261476     0.504215
   0.0264432     0.444528
   0.0267422     0.349552
   0.0270446     0.227417
   0.0273504    0.0890575
   0.0276596   -0.0526306
   0.0279723    -0.183942
   0.0282886    -0.291653
   0.0286085    -0.364416
   0.0289319    -0.394037
    0.029259    -0.376567
   0.0295899    -0.312976
   0.0299244    -0.209372
   0.0302628   -0.0766106
   0.0306049    0.0706542
    0.030951       0.2155
   0.0313009     0.340636
   0.0316548     0.430555
   0.0320127      0.47361
   0.0323747     0.463799
   0.0327407     0.401898
   0.0331109     0.295814
   0.0334853     0.159908
   0.0338639     0.013382
   0.0342467     -0.12224
    0.034634    -0.226154
   0.0350256    -0.281523
   0.0354216    -0.278335
   0.0358221    -0.215466
   0.0362271    -0.101401
   0.0366367    0.0465376
   0.0370509     0.204612
   0.0374698     0.346383
   0.0378935     0.447292
   0.0383219     0.489248
   0.0387552     0.464466
   0.0391934     0.377602
   0.0396366     0.245689
   0.0400847    0.0955146
   0.0405379   -0.0411842
   0.0409963    -0.134056
   0.0414598    -0.160691
   0.0419286    -0.112069
   0.0424026   0.00456019
   0.0428821     0.166235
   0.0433669      0.33863
   0.0438572     0.483494
   0.0443531     0.567778
   0.0448546     0.572247
   0.0453617     0.497377
   0.0458746     0.364579
   0.0463933      0.21195
   0.0469178     0.085002
   0.0474483    0.0245002
   0.0479848    0.0544794
   0.0485273     0.174101
    0.049076     0.356164
   0.0496309     0.553622
   0.0501921     0.712904
   0.0507596      0.79064
   0.0513335     0.768609
   0.0519139     0.661737
   0.0525008     0.515455
   0.0530944     0.392176
   0.0536948     0.350317
   0.0543019     0.422776
   0.0549158      0.60281
   0.0555367     0.843743
   0.0561647      1.07423
   0.0567997      1.22498
   0.0574419      1.25735
   0.0580914        1.182
   0.0587482      1.05843
   0.0594124     0.973147
   0.0600842      1.00343
   0.0607635      1.18158
   0.0614505      1.47635
   0.0621453      1.80278
    0.062848      2.05939
   0.0635586      2.17758
   0.0642772      2.15985
   0.0650039      2.08514
   0.0657389        2.074
   0.0664822      2.22703
   0.0672339      2.56737
    0.067994      3.02059
   0.0687628      3.44904
   0.0695403      3.72826
   0.0703266      3.82468
   0.0711217      3.82641
   0.0719258      3.90015
   0.0727391      4.19096
   0.0735615      4.72278
   0.0743932      5.36798
   0.0752344       5.9185
    0.076085      6.22521
   0.0769453      6.31488
   0.0778152      6.39298
   0.0786951      6.70851
   0.0795848      7.36015
   0.0804847      8.18796
   0.0813947       8.8586
   0.0823149      9.11588
   0.0832456      9.01956
   0.0841869      8.95567
   0.0851387      9.34109
   0.0861014      10.1926
   0.0870749      10.9038
   0.0880594      10.4924
    0.089055      8.24403
   0.0900619      4.31682
   0.0910802     -0.20542
     0.09211     -3.95657
   0.0931515     -6.20269
   0.0942047     -7.29298
   0.0952698     -8.21613
    0.096347     -9.58524
   0.0974363     -10.9431
    0.098538      -11.077
   0.0996521     -9.12443
    0.100779     -5.44002
    0.101918     -1.33003
    0.103071      2.15493
    0.104236      5.16529
    0.105415      8.70171
    0.106606       13.261
    0.107812      17.9185
    0.109031       20.929
    0.110264       21.309
     0.11151      19.7291
    0.112771      17.7617
    0.114046      16.3637
    0.115336      15.2808
     0.11664      13.8679
    0.117958      12.1072
    0.119292      10.5441
    0.120641      9.44199
    0.122005      8.46501
    0.123384      7.28336
    0.124779      6.08727
     0.12619      5.22712
    0.127617        4.629
     0.12906      3.95375
    0.130519      3.18317
    0.131995      2.61077
    0.133487      2.28953
    0.134996      1.94485
    0.136523      1.48687
    0.138066      1.14942
    0.139627      1.01196
    0.141206     0.846253
    0.142803     0.573924
    0.144417     0.401408
     0.14605     0.371681
    0.147702     0.277862
    0.149372     0.107167
     0.15106     0.048661
    0.152768    0.0629461
    0.154496   -0.0206516
    0.156242    -0.115394
    0.158009   -0.0954858
    0.159796    -0.094124
    0.161602    -0.174706
    0.163429    -0.185013
    0.165277    -0.144405
    0.167146    -0.186673
    0.169036    -0.217182
    0.170947     -0.17007
     0.17288    -0.178261
    0.174835    -0.211455
    0.176811    -0.168263
     0.17881    -0.156575
    0.180832    -0.184917
    0.182877    -0.146383
    0.184944    -0.129223
    0.187035    -0.152154
     0.18915     -0.11541
    0.191289    -0.101712
    0.193452    -0.118176
    0.195639   -0.0810547
    0.197851   -0.0776576
    0.200088   -0.0858506
     0.20235   -0.0522444
    0.204638   -0.0619365
    0.206952   -0.0568724
    0.209292   -0.0336413
    0.211658   -0.0490031
    0.214051   -0.0297911
    0.216471   -0.0265999
    0.218919   -0.0335283
    0.221394   -0.0141153
    0.223897   -0.0262053
    0.226429   -0.0145873
    0.228989   -0.0124562
    0.231578   -0.0167421
    0.234196  -0.00420728
    0.236844   -0.0149705
    0.239522   -0.0033229
     0.24223  -0.00939301
    0.244969  -0.00460736
    0.247739  -0.00331685
     0.25054   -0.0058685
    0.253373 -7.43207e-05
    0.256238  -0.00650906
    0.259135   0.00135414
    0.262065  -0.00528424
    0.265028   0.00214573
    0.268024  -0.00391069
    0.271055   0.00152127
    0.274119  -0.00311829
    0.277219   0.00105526
    0.280353  -0.00179166
    0.283523  0.000976792
    0.286729    -0.001254
     0.28997  0.000239569
    0.293249 -0.000996839
    0.296565  0.000373063
    0.299918 -0.000243444
    0.303309  0.000284913
    0.306738 -0.000471786
    0.310206 -4.53499e-05
    0.313714 -8.94581e-05
    0.317261  0.000319965
    0.320848 -0.000100155
    0.324475 -0.000178537
    0.328144 -0.000190898
    0.331854  0.000245486
    0.335606  0.000159947
    0.339401 -8.87962e-05
    0.343238 -0.000273225
    0.347119  5.72883e-05
    0.351044  0.000184127
    0.355013 -2.07374e-05
    0.359027 -0.000242566
    0.363086  1.67246e-05
    0.367192  0.000209497
    0.371343  1.96264e-05
    0.375542 -0.000202897
    0.379788   3.3487e-05
    0.384082  0.000206644
    0.388425 -2.53851e-05
    0.392816 -0.000223252
    0.397258  3.49337e-05
    0.401749  0.000174281
    0.406292 -5.45636e-05
    0.410886 -0.000148592
    0.415531  0.000107744
    0.420229  0.000106264
    0.424981 -0.000126883
    0.429786  -5.4928e-05
    0.434645  0.000147819
     0.43956 -2.61461e-05
     0.44453 -0.000158304
    0.449556  0.000101174
    0.454639  0.000111032
    0.459779 -0.000150624
    0.464977  1.09727e-05
    0.470235   0.00014703
    0.475551 -0.000138496
    0.480928 -4.85329e-05
    0.486366  0.000173846
    0.491865 -0.000108532
    0.497426 -6.63938e-05
     0.50305  0.000157855
    0.508738 -0.000106178
     0.51449 -2.52628e-05
    0.520307  0.000147531
     0.52619 -0.000129376
     0.53214  1.55495e-05
    0.538156  9.93878e-05
    0.544241 -0.000143436
    0.550394   5.4579e-05
    0.556617  4.11815e-05
    0.562911 -9.22598e-05
    0.569275  0.000121069
    0.575712 -4.94345e-05
    0.582221 -4.53443e-05
    0.588804  8.76475e-05
    0.595462 -0.000120379
    0.602194  9.24256e-05
    0.609003 -1.31816e-05
    0.615889 -4.23435e-05
    0.622852  0.000101951
    0.629894 -0.000133282
    0.637016  0.000108378
    0.644219 -9.83508e-05
    0.651503  6.68721e-05
    0.658869  6.28172e-06
    0.666318  -3.7435e-05
    0.673852  4.56977e-05
    0.681471 -8.55526e-05
    0.689176  0.000109213
    0.696968 -9.21869e-05
    0.704849  8.24519e-05
    0.712818 -8.57511e-05
    0.720878  7.88289e-05
    0.729028  -6.5624e-05
    0.737271  4.66679e-05
    0.745607 -3.04922e-05
    0.754037  2.56433e-05
    0.762563  -2.2162e-05
    0.771185  2.40443e-05
    0.779904 -2.62943e-05
    0.788722  1.43769e-05
     0.79764 -8.61433e-06
    0.806658   1.5357e-05
    0.815779 -5.49659e-06
    0.825003 -5.23418e-06
     0.83433 -8.36543e-06
    0.843764  1.17848e-05
    0.853304  4.70681e-06
    0.862952 -7.36974e-07
    0.872709 -1.38435e-05
    0.882576   8.8775e-06
    0.892555  5.60521e-07
    0.902647 -5.19858e-07
    0.912852 -2.79072e-06
    0.923174   1.7893e-06
    0.933612  -7.5485e-07
    0.944167   4.6214e-06
    0.954843 -4.63289e-06
    0.965639  5.05461e-07
    0.976557 -3.24804e-06
    0.987598  8.94196e-06
    0.998764 -4.72094e-06
     1.01006 -1.37447e-06
     1.02148 -2.47054e-06
     1.03303  4.30811e-06
     1.04471  6.52498e-07
     1.05652  2.05847e-06
     1.06846 -1.07977e-05
     1.08054  1.05347e-05
     1.09276 -2.20947e-06
     1.10512 -2.21829e-06
     1.11761 -1.61672e-06
     1.13025  5.03803e-06
     1.14303 -2.01278e-06
     1.15595 -6.09257e-07
     1.16902  5.35204e-07
     1.18224  7.29259e-07
     1.19561 -2.81112e-06
     1.20912  1.65309e-06
      1.2228  8.83882e-08
     1.23662  1.12146e-07
      1.2506   1.5652e-06
     1.26474 -2.84884e-06
     1.27904  2.37987e-06
      1.2935  -1.7735e-06
     1.30813 -8.73461e-07
     1.32292  2.09784e-06
     1.33788  1.66511e-06
       1.353 -4.07467e-06
      1.3683   2.2372e-06
     1.38377  1.45102e-07
     1.39942 -1.83191e-06
     1.41524  1.54553e-06
     1.43124 -1.10962e-06
     1.44742  3.03579e-06
     1.46379 -3.16818e-06
     1.48034  7.17558e-07
     1.49708 -1.23733e-07
       1.514  4.03383e-07
     1.53112  5.66172e-07
     1.54843 -9.67307e-07
     1.56594  9.50759e-07
     1.58365 -8.32885e-07
     1.60155  3.60275e-08
     1.61966 -2.25461e-07
     1.63797   1.5279e-06
     1.65649 -1.45549e-06
     1.67522 -3.70956e-07
     1.69416  8.29757e-07
     1.71332  2.35267e-07
     1.73269 -6.06423e-07
     1.75228  1.30134e-06
     1.77209 -1.53672e-06
     1.79213 -8.61731e-09
     1.81239  9.77524e-07
     1.83288 -3.27955e-07
     1.85361 -3.50907e-07
     1.87457  1.03102e-07
     1.89576   1.8191e-10
     1.91719  1.39468e-07
     1.93887  5.96064e-07
     1.96079 -1.29493e-06
     1.98296  9.49242e-07
     2.00538 -4.25557e-07
     2.02806  6.73556e-07
     2.05099 -1.17393e-06
     2.07418  1.31138e-06
     2.09763 -1.70724e-06
     2.12135  2.46372e-06
     2.14533 -2.62994e-06
     2.16959  1.92295e-06
     2.19412 -1.02739e-06
     2.21893   4.3178e-07
     2.24401  5.90952e-08
     2.26939 -6.19725e-07
     2.29505  8.45425e-07
     2.32099 -5.01216e-07
     2.34724 -1.50751e-08
     2.37378   3.2272e-07
     2.40061 -4.92579e-07
     2.42776  7.51028e-07
     2.45521 -1.03262e-06
     2.48297  1.14123e-06
     2.51104   -1.012e-06
     2.53943  7.97542e-07
     2.56814 -7.15942e-07
     2.59718  7.48359e-07
     2.62655 -6.93883e-07
     2.65624  4.03515e-07
     2.68628  -1.1234e-07
     2.71665  1.38441e-07
     2.74736 -3.02715e-07
     2.77843  3.22233e-07
     2.80984 -1.84134e-07
     2.84161 -3.91794e-08
     2.87374  2.19328e-07
     2.90623 -1.56451e-07
     2.93909 -1.44447e-07
     2.97232  3.27471e-07
     3.00593 -2.23629e-07
     3.03992  2.21645e-08
     3.07429   1.7794e-07
     3.10905 -2.69087e-07
      3.1442  1.57762e-07
     3.17975  2.01352e-08
      3.2157 -1.67398e-07
     3.25206  2.59651e-07
     3.28883 -1.99256e-07
     3.32601 -1.73009e-08
     3.36362  1.52418e-07
     3.40165 -8.12112e-08
     3.44011  3.07414e-08
     3.47901 -5.88134e-08
     3.51834 -3.18508e-08
     3.55812   1.8536e-07
     3.59835 -2.20821e-07
     3.63904  1.63519e-07
     3.68018 -1.03641e-07
     3.72179  5.51519e-08
     3.76387 -1.26424e-08
     3.80643 -2.78997e-08
     3.84947  6.90751e-08
     3.89299 -1.01278e-07
     3.93701   1.1135e-07
     3.98152 -9.45014e-08
     4.02654  7.99074e-08
     4.07206 -7.76068e-08
     4.11811   5.5881e-08
     4.16467 -2.84292e-08
     4.21175  1.57278e-08
     4.25938 -4.49434e-09
     4.30753  5.26208e-10
     4.35624  1.21222e-10
     4.40549  1.18744e-09
      4.4553 -2.25755e-08
     4.50568  2.74972e-08
     4.55662  8.11796e-09
     4.60814 -2.11745e-08
     4.66024 -3.88945e-09
     4.71293   7.9648e-09
     4.76622  6.01473e-09
     4.82011  1.29398e-10
     4.87461 -6.72052e-09
     4.92972 -3.39502e-09
     4.98546  6.12539e-09
     5.04183 -1.38634e-10
     5.09883 -5.19786e-09
     5.15648   2.0088e-08
     5.21479 -2.97284e-08
     5.27375  1.43189e-08
     5.33338  7.27913e-09
     5.39368 -1.24077e-08
     5.45466  3.39359e-09
     5.51633 -3.57061e-09
     5.57871   2.1838e-08
     5.64178 -3.04866e-08
     5.70557  1.82431e-08
     5.77008 -4.05064e-09
     5.83532 -4.00437e-09
      5.9013  3.23275e-09
     5.96802  8.68182e-09
      6.0355 -2.07043e-08
     6.10374  2.11849e-08
     6.17275 -1.15103e-08
     6.24254  1.69161e-09
     6.31312  2.63321e-09
      6.3845 -3.17289e-09
     6.45669  3.22804e-09
     6.52969 -8.45635e-09
     6.60352  1.91536e-08
     6.67818 -2.49446e-08
     6.75369  1.97112e-08
     6.83005 -8.61313e-09
     6.90728  1.11476e-09
     6.98537 -2.54659e-09
     7.06435  6.71602e-09
     7.14423 -4.60389e-09
       7.225 -1.38373e-09
     7.30669  3.14716e-09
     7.38931  1.67533e-09
     7.47285 -9.36191e-09
     7.55735  1.41622e-08
     7.64279 -1.30838e-08
     7.72921  8.55646e-09
      7.8166 -4.15635e-09
     7.90498 -2.23462e-10
     7.99435  4.60645e-09
     8.08474 -4.79636e-09
     8.17615 -7.86181e-10
      8.2686  6.45563e-09
     8.36209  -7.9416e-09
     8.45663  7.53218e-09
     8.55225 -7.46405e-09
     8.64894  6.40851e-09
     8.74673  -3.3624e-09
     8.84563 -1.38305e-11
     8.94564  1.17678e-09
     9.04679  4.43287e-10
     9.14907 -2.95186e-09
     9.25252  4.66782e-09
     9.35713 -5.51087e-09
     9.46293  5.63699e-09
     9.56992 -5.06342e-09
     9.67812  4.12149e-09
     9.78755  -2.8778e-09
     9.89821  1.29836e-09
     10.0101  -3.2742e-11
     10.1233 -3.28695e-10
     10.2378  1.71841e-10
     10.3535  -9.9366e-11
     10.4706  7.72931e-11
      10.589  1.77741e-10
     10.7087 -6.48838e-10
     10.8298  1.15305e-09
     10.9522 -1.60135e-09
     11.0761  1.92985e-09
     11.2013 -1.96844e-09
     11.3279  1.64449e-09
      11.456  -1.1993e-09
     11.5855  8.65273e-10
     11.7165 -4.91928e-10
      11.849  -9.7148e-11
      11.983  6.44866e-10
     12.1185 -7.76213e-10
     12.2555  5.56274e-10
      12.394 -3.37249e-10
     12.5342  2.49835e-10
     12.6759 -1.51789e-10
     12.8192 -3.93575e-11
     12.9642  2.33528e-10
     13.1107  -3.3639e-10
      13.259  3.62233e-10
     13.4089 -3.51389e-10
     13.5605  3.01605e-10
     13.7138 -1.86119e-10
     13.8689  1.66733e-11
     14.0257  1.34669e-10
     14.1843 -1.74689e-10
     14.3446   9.3436e-11
     14.5068  1.86975e-11
     14.6709 -6.23142e-11
     14.8367  2.93115e-11
     15.0045  2.32163e-11
     15.1741 -4.67926e-11
     15.3457  4.73694e-11
     15.5192 -4.55717e-11
     15.6947  4.94744e-11
     15.8721 -4.55841e-11
     16.0516  2.90515e-11
     16.2331 -3.54325e-12
     16.4166 -1.96731e-11
     16.6022  4.01913e-11
     16.7899 -5.22758e-11
     16.9798  5.65748e-11
     17.1718 -5.24286e-11
     17.3659  5.08024e-11
     17.5623  -5.7433e-11
     17.7608  7.81003e-11
     17.9616 -9.90715e-11
     18.1647   1.0712e-10
     18.3701  -8.6543e-11
     18.5778   4.4905e-11
     18.7879  3.08543e-12
     19.0003 -3.09348e-11
     19.2151  3.32062e-11
     19.4324   -1.118e-11
     19.6521 -1.43644e-11
     19.8743   3.4027e-11
      20.099 -3.64328e-11
     20.3262  2.98872e-11
      20.556 -1.48315e-11
     20.7885  4.21777e-12
     21.0235  3.96268e-12
     21.2612 -2.13262e-12
     21.5016 -8.63161e-13
     21.7447  1.00744e-11
     21.9906 -1.56704e-11
     22.2392   2.3734e-11
     22.4907 -2.38606e-11
     22.7449  2.43685e-11
     23.0021 -1.80125e-11
     23.2622  1.65751e-11
     23.5252 -1.03686e-11
     23.7912  9.78759e-12
     24.0602 -4.44599e-12
     24.3322  6.01846e-12
     24.6073 -2.02364e-12
     24.8856   4.3848e-12
     25.1669  -3.5372e-13
     25.4515  4.08099e-12
     25.7393 -1.23706e-12
     26.0303  5.74494e-12
     26.3246 -1.76639e-12
     26.6222  5.71483e-12
     26.9232 -1.09695e-12
     27.2276  5.55223e-12
     27.5355 -7.17815e-13
     27.8468  5.67206e-12
     28.1617 -3.02016e-13
     28.4801  5.51341e-12
     28.8021  4.46282e-13
     29.1277  5.36576e-12
     29.4571  8.35422e-13
     29.7901  5.78635e-12
      30.127  8.88478e-13
     30.4676  6.23355e-12
     30.8121   1.1789e-12
     31.1604   6.4884e-12
     31.5128  1.72685e-12
     31.8691  6.50787e-12
     32.2294  2.45508e-12
     32.5938  6.64704e-12
     32.9623   3.0034e-12
      33.335  7.03135e-12
     33.7119  3.42545e-12
     34.0931  7.56786e-12
     34.4786  3.86165e-12
     34.8684  8.08091e-12
     35.2626  4.44081e-12
     35.6613   8.6041e-12
     36.0645   5.1024e-12
     36.4723  9.06778e-12
     36.8847  5.95896e-12
     37.3017  9.55705e-12
     37.7235  6.76685e-12
       38.15  1.02634e-11
     38.5813  7.55957e-12
     39.0175  1.10398e-11
     39.4587  8.43177e-12
     39.9048  1.18967e-11
      40.356  9.38453e-12
     40.8123  1.28111e-11
     41.2738  1.04421e-11
     41.7404  1.38221e-11
     42.2124  1.15997e-11
     42.6896  1.48988e-11
     43.1723  1.28829e-11
     43.6604  1.61109e-11
     44.1541  1.42153e-11
     44.6533  1.74881e-11
     45.1582    1.567e-11
     45.6688  1.89494e-11
     46.1851  1.73047e-11
     46.7073  2.05326e-11
     47.2354  1.90843e-11
     47.7695  2.22769e-11
     48.3096  2.10083e-11
     48.8558  2.41977e-11
     49.4082  2.30967e-11
     49.9668  2.63175e-11
     50.5318  2.53538e-11
     51.1031  2.86337e-11
     51.6809  2.78416e-11
     52.2653  3.11447e-11
     52.8562  3.05594e-11
     53.4538  3.39002e-11
     54.0582   3.3514e-11
     54.6694  3.69246e-11
     55.2875  3.67362e-11
     55.9126   4.0237e-11
     56.5448  4.02543e-11
     57.1841  4.38587e-11
     57.8307  4.41069e-11
     58.4846  4.78129e-11
     59.1458  4.83103e-11
     59.8146   5.2148e-11
     60.4908  5.28927e-11
     61.1748  5.68868e-11
     61.8665  5.79026e-11
      62.566  6.20615e-11
     63.2734  6.33679e-11
     63.9888  6.77227e-11
     64.7123  6.93334e-11
     65.4439  7.39083e-11
     66.1839  7.58524e-11
     66.9322  8.06715e-11
      67.689  8.29728e-11
     68.4543  8.80633e-11
     69.2283  9.07454e-11
      70.011  9.61426e-11
     70.8026  9.92315e-11
     71.6031  1.04971e-10
     72.4127  1.08499e-10
     73.2314  1.14614e-10
     74.0594  1.18615e-10
     74.8968  1.25145e-10
     75.7436  1.29658e-10
        76.6  1.36644e-10
     77.4661  1.41714e-10
     78.3419  1.49205e-10
     79.2277  1.54874e-10
     80.1235  1.62925e-10
     81.0294  1.69244e-10
     81.9456  1.77908e-10
     82.8721  1.84934e-10
     83.8091  1.94267e-10
     84.7567  2.02058e-10
      85.715  2.12128e-10
     86.6841  2.20751e-10
     87.6642   2.3163e-10
     88.6554  2.41155e-10
     89.6578  2.52917e-10
     90.6715  2.63422e-10
     91.6967  2.76151e-10
     92.7335  2.87718e-10
      93.782  3.01501e-10
     94.8423  3.14224e-10
     95.9147  3.29158e-10
     96.9991  3.43132e-10
     98.0958  3.59322e-10
      99.205  3.74657e-10
