 0.000992139      1425.77
  0.00100336      1456.41
   0.0010147       1487.7
  0.00102617      1519.59
  0.00103778      1552.14
  0.00104951      1585.32
  0.00106138      1619.18
  0.00107338      1653.69
  0.00108551      1688.91
  0.00109779      1724.79
   0.0011102      1761.41
  0.00112275      1798.71
  0.00113544      1836.77
  0.00114828      1875.53
  0.00116127      1915.08
   0.0011744      1955.35
  0.00118767      1996.42
   0.0012011      2038.25
  0.00121468       2080.9
  0.00122842      2124.33
  0.00124231      2168.59
  0.00125635      2213.66
  0.00127056      2259.59
  0.00128492      2306.35
  0.00129945      2353.99
  0.00131414      2402.47
    0.001329      2451.86
  0.00134403      2502.12
  0.00135922       2553.3
  0.00137459      2605.37
  0.00139013      2658.38
  0.00140585       2712.3
  0.00142175      2767.18
  0.00143782         2823
  0.00145408      2879.79
  0.00147052      2937.52
  0.00148715      2996.25
  0.00150396      3055.95
  0.00152096      3116.65
  0.00153816      3178.34
  0.00155555      3241.04
  0.00157314      3304.74
  0.00159093      3369.47
  0.00160892       3435.2
  0.00162711      3501.97
   0.0016455      3569.76
  0.00166411      3638.59
  0.00168292      3708.44
  0.00170195      3779.35
   0.0017212      3851.27
  0.00174066      3924.24
  0.00176034      3998.23
  0.00178024      4073.27
  0.00180037      4149.33
  0.00182072      4226.42
  0.00184131      4304.52
  0.00186213      4383.65
  0.00188318      4463.77
  0.00190448       4544.9
  0.00192601         4627
  0.00194779       4710.1
  0.00196981      4794.14
  0.00199208      4879.14
   0.0020146      4965.06
  0.00203738       5051.9
  0.00206042      5139.63
  0.00208371      5228.23
  0.00210727      5317.68
   0.0021311      5407.95
  0.00215519      5499.01
  0.00217956      5590.84
  0.00220421      5683.39
  0.00222913      5776.65
  0.00225433      5870.56
  0.00227982       5965.1
   0.0023056       6060.2
  0.00233166      6155.85
  0.00235803      6251.98
  0.00238469      6348.55
  0.00241165      6445.49
  0.00243892      6542.76
  0.00246649      6640.29
  0.00249438      6738.03
  0.00252258       6835.9
  0.00255111      6933.84
  0.00257995      7031.77
  0.00260912      7129.62
  0.00263862       7227.3
  0.00266845      7324.73
  0.00269863      7421.82
  0.00272914      7518.49
  0.00275999      7614.63
   0.0027912      7710.15
  0.00282276      7804.93
  0.00285468      7898.88
  0.00288695      7991.87
  0.00291959      8083.81
   0.0029526      8174.54
  0.00298599      8263.98
  0.00301975      8351.95
  0.00305389      8438.36
  0.00308842      8523.05
  0.00312334      8605.88
  0.00315865       8686.7
  0.00319437      8765.37
  0.00323048      8841.72
  0.00326701       8915.6
  0.00330395      8986.84
   0.0033413      9055.28
  0.00337908      9120.74
  0.00341729      9183.06
  0.00345593      9242.04
    0.003495      9297.51
  0.00353452      9349.29
  0.00357448      9397.19
   0.0036149      9441.01
  0.00365577      9480.57
   0.0036971      9515.67
   0.0037389      9546.11
  0.00378118       9571.7
  0.00382393      9592.25
  0.00386716      9607.55
  0.00391089      9617.41
  0.00395511      9621.62
  0.00399983         9620
  0.00404505      9612.35
  0.00409079      9598.49
  0.00413704      9578.21
  0.00418381      9551.35
  0.00423112      9517.72
  0.00427896      9477.16
  0.00432734      9429.49
  0.00437626      9374.56
  0.00442575      9312.22
  0.00447578      9242.32
  0.00452639      9164.74
  0.00457757      9079.36
  0.00462932      8986.08
  0.00468167      8884.79
   0.0047346      8775.43
  0.00478813      8657.94
  0.00484227      8532.26
  0.00489702      8398.37
  0.00495239      8256.27
  0.00500838      8105.98
  0.00506501      7947.52
  0.00512228      7780.97
  0.00518019       7606.4
  0.00523876      7423.93
  0.00529799      7233.69
   0.0053579      7035.86
  0.00541847      6830.62
  0.00547974      6618.21
   0.0055417      6398.88
  0.00560435      6172.92
  0.00566772      5940.64
   0.0057318      5702.42
  0.00579661      5458.62
  0.00586215      5209.69
  0.00592843      4956.07
  0.00599546      4698.27
  0.00606325      4436.79
   0.0061318      4172.22
  0.00620113      3905.13
  0.00627124      3636.16
  0.00634215      3365.96
  0.00641386      3095.23
  0.00648637      2824.66
  0.00655971      2555.03
  0.00663388      2287.07
  0.00670889       2021.6
  0.00678474      1759.39
  0.00686145       1501.3
  0.00693903      1248.13
  0.00701749      1000.74
  0.00709683      759.953
  0.00717707       526.63
  0.00725822      301.591
  0.00734029      85.6645
  0.00742328     -120.354
  0.00750721     -315.679
  0.00759209      -499.57
  0.00767793     -671.309
  0.00776474     -830.237
  0.00785253      -975.73
  0.00794132     -1107.24
  0.00803111     -1224.26
  0.00812191     -1326.37
  0.00821374     -1413.24
  0.00830661      -1484.6
  0.00840053     -1540.27
  0.00849551      -1580.2
  0.00859157     -1604.41
  0.00868871     -1613.04
  0.00878695     -1606.34
   0.0088863     -1584.68
  0.00898677     -1548.52
  0.00908838     -1498.49
  0.00919114     -1435.28
  0.00929506     -1359.73
  0.00940015      -1272.8
  0.00950643     -1175.54
  0.00961392     -1069.11
  0.00972262     -954.774
  0.00983255     -833.884
  0.00994372      -707.87
   0.0100561     -578.219
   0.0101698     -446.485
   0.0102848     -314.243
   0.0104011     -183.103
   0.0105187     -54.6612
   0.0106377      69.4913
   0.0107579      187.815
   0.0108796      298.819
   0.0110026      401.109
    0.011127      493.382
   0.0112528      574.474
     0.01138      643.361
   0.0115087      699.198
   0.0116388      741.316
   0.0117704      769.265
   0.0119035      782.804
   0.0120381      781.935
   0.0121742      766.887
   0.0123118      738.149
    0.012451      696.441
   0.0125918      642.735
   0.0127342      578.224
   0.0128782      504.326
   0.0130238      422.646
    0.013171      334.967
   0.0133199      243.205
   0.0134705      149.386
   0.0136228      55.5913
   0.0137769     -36.0687
   0.0139326     -123.522
   0.0140902     -204.764
   0.0142495     -277.928
   0.0144106     -341.315
   0.0145735     -393.465
   0.0147383     -433.178
   0.0149049     -459.578
   0.0150735     -472.128
   0.0152439     -470.674
   0.0154162     -455.444
   0.0155905     -427.077
   0.0157668     -386.593
   0.0159451     -335.397
   0.0161254     -275.233
   0.0163077     -208.151
   0.0164921      -136.44
   0.0166785     -62.5728
   0.0168671      10.8883
   0.0170578      81.3606
   0.0172507      146.351
   0.0174457      203.534
    0.017643      250.858
   0.0178425      286.622
   0.0180442      309.569
   0.0182482      318.933
   0.0184546      314.507
   0.0186632      296.654
   0.0188742      266.323
   0.0190876      225.017
   0.0193034      174.757
   0.0195217      117.985
   0.0197424      57.4894
   0.0199656     -3.74602
   0.0201914     -62.6599
   0.0204197     -116.286
   0.0206506     -161.893
    0.020884     -197.155
   0.0211202     -220.275
    0.021359     -230.119
   0.0216005     -226.289
   0.0218447     -209.185
   0.0220917      -179.99
   0.0223415     -140.647
   0.0225941     -93.7394
   0.0228495       -42.37
   0.0231079      10.0453
   0.0233691      59.9769
   0.0236334      104.037
   0.0239006      139.203
   0.0241708      163.067
   0.0244441      174.013
   0.0247205      171.383
       0.025      155.542
   0.0252826      127.901
   0.0255685      90.8247
   0.0258576        47.48
   0.0261499      1.58638
   0.0264456     -42.8729
   0.0267446     -82.0067
    0.027047     -112.354
   0.0273528     -131.232
   0.0276621     -136.999
   0.0279748     -129.264
   0.0282911     -108.951
    0.028611     -78.2642
   0.0289345     -40.4907
   0.0292617     0.296804
   0.0295925      39.6665
   0.0299271      73.2897
   0.0302655       97.447
   0.0306077      109.463
   0.0309537      108.072
   0.0313037      93.6001
   0.0316576       67.998
   0.0320156      34.6289
   0.0323776     -2.10094
   0.0327436     -37.3049
   0.0331139     -66.2448
   0.0334883     -85.0043
   0.0338669      -91.055
   0.0342498     -83.6816
   0.0346371     -64.1333
   0.0350287     -35.5142
   0.0354247     -2.35165
   0.0358253      30.0581
   0.0362303      56.4935
     0.03664      72.6583
   0.0370542      75.9517
   0.0374732      65.9587
   0.0378969      44.6098
   0.0383254      15.8952
   0.0387587       -14.79
   0.0391969     -41.6326
   0.0396401     -59.4949
   0.0400883      -64.965
   0.0405416     -57.0881
   0.0409999     -37.6568
   0.0414635     -10.9095
   0.0419323      17.2907
   0.0424064      40.7102
   0.0428859      54.1236
   0.0433708      54.5659
   0.0438612      42.0897
   0.0443571      19.8649
   0.0448586     -6.51583
   0.0453658     -30.3532
   0.0458787     -45.5446
   0.0463975     -48.1953
   0.0469221      -37.752
   0.0474526     -17.2476
   0.0479891      7.42205
   0.0485317      29.1161
   0.0490804      41.4929
   0.0496354       40.955
   0.0501966      27.8267
   0.0507641       6.3913
   0.0513381     -16.3718
   0.0519185     -32.9768
   0.0525055     -37.9387
   0.0530992      -29.702
   0.0536996     -11.3232
   0.0543067      10.4928
   0.0549207      27.7168
   0.0555417      33.9705
   0.0561697      27.0016
   0.0568048       9.7061
    0.057447     -10.8821
   0.0580966     -26.3179
   0.0587534     -30.2366
   0.0594177     -21.1152
   0.0600895     -3.09903
   0.0607689      15.6834
    0.061456      26.6791
   0.0621509       24.886
   0.0628536       11.321
   0.0635643      -7.2765
   0.0642829     -21.6258
   0.0650098     -24.5135
   0.0657448     -14.6029
   0.0664881      2.69865
   0.0672399      17.9434
   0.0680001      22.7514
    0.068769      14.5506
   0.0695465     -1.75522
   0.0703329     -16.4662
   0.0711281       -20.76
   0.0719323     -12.1485
   0.0727456      3.79326
   0.0735681      16.7487
   0.0743999      18.2878
   0.0752411      7.53889
   0.0760918     -7.98512
   0.0769522     -17.4002
   0.0778222     -14.0877
   0.0787021     -0.64186
    0.079592      12.8139
   0.0804919      16.0752
    0.081402      6.76978
   0.0823223     -7.56755
   0.0832531     -15.2881
   0.0841944      -10.132
   0.0851464      3.37558
   0.0861091      13.5046
   0.0870827      11.4287
   0.0880673    -0.813281
    0.089063     -11.8774
     0.09007     -11.4671
   0.0910884    -0.145721
   0.0921183      10.9135
   0.0931598      10.7527
   0.0942131    -0.293108
   0.0952783       -10.64
   0.0963556      -9.3999
   0.0974451      1.91191
   0.0985468       10.717
   0.0996611      7.20437
    0.100788     -4.41651
    0.101927     -10.4679
     0.10308     -3.85556
    0.104245      7.19601
    0.105424      8.94202
    0.106616    -0.655356
    0.107821     -9.06199
    0.109041     -5.26866
    0.110273      5.43244
     0.11152      8.33207
    0.112781    -0.465998
    0.114056     -8.27602
    0.115346     -3.83745
     0.11665       6.0924
    0.117969      6.50162
    0.119303     -3.05146
    0.120652     -7.49051
    0.122016     0.142675
    0.123395       7.2542
    0.124791      2.13375
    0.126202     -6.38017
    0.127628     -3.64696
    0.129071      5.33607
    0.130531        4.504
    0.132007     -4.44062
    0.133499     -4.86254
    0.135009      3.84051
    0.136535      4.88061
    0.138079     -3.59892
     0.13964     -4.62955
    0.141219       3.6863
    0.142816      4.13205
     0.14443     -4.04362
    0.146063     -3.32523
    0.147715      4.52139
    0.149385      2.14986
    0.151074       -4.915
    0.152782    -0.557779
    0.154509      4.89836
    0.156256      -1.3273
    0.158023     -4.13928
     0.15981      3.16837
    0.161617      2.38619
    0.163444     -4.30471
    0.165292     0.185471
    0.167161      4.00598
    0.169051     -2.79675
    0.170962     -1.88617
    0.172895      4.04694
     0.17485     -1.31869
    0.176827     -2.79467
    0.178826      3.64054
    0.180848    -0.585242
    0.182893     -2.91727
    0.184961       3.3821
    0.187052    -0.635067
    0.189167     -2.55297
    0.191306      3.38535
    0.193469     -1.39718
    0.195656     -1.57555
    0.197869      3.21288
    0.200106     -2.49017
    0.202368     0.140441
    0.204656      2.17195
     0.20697     -3.07303
    0.209311      2.22279
    0.211677    -0.277886
     0.21407     -1.67391
    0.216491      2.74397
    0.218939     -2.59971
    0.221414      1.46659
    0.223917     0.107469
    0.226449     -1.54301
     0.22901      2.43799
    0.231599     -2.64523
    0.234217      2.23934
    0.236866     -1.42608
    0.239544     0.446264
    0.242252     0.494411
    0.244991     -1.25981
    0.247761      1.78752
    0.250563     -2.07437
    0.253396      2.15489
    0.256261     -2.08092
    0.259158       1.9065
    0.262088     -1.67851
    0.265051      1.43279
    0.268048     -1.19376
    0.271079      0.97594
    0.274144    -0.786296
    0.277244     0.626606
    0.280378    -0.495473
    0.283548     0.389792
    0.286754    -0.305798
    0.289996     0.239747
    0.293275     -0.18819
    0.296591     0.148105
    0.299945    -0.117005
    0.303336     0.092889
    0.306766   -0.0741409
    0.310234    0.0595307
    0.313742   -0.0481231
    0.317289    0.0391723
    0.320877   -0.0321043
    0.324505    0.0264893
    0.328174   -0.0220025
    0.331884    0.0183949
    0.335637   -0.0154724
    0.339431    0.0130928
    0.343269   -0.0111483
     0.34715   0.00955254
    0.351075  -0.00822857
    0.355045   0.00711487
    0.359059  -0.00617638
    0.363119   0.00538553
    0.367225  -0.00472202
    0.371377   0.00416196
    0.375576  -0.00367547
    0.379822   0.00325328
    0.384117  -0.00289355
     0.38846   0.00258487
    0.392852  -0.00231256
    0.397293   0.00206964
    0.401785  -0.00185897
    0.406328   0.00167814
    0.410922  -0.00151835
    0.415569   0.00137411
    0.420267  -0.00124486
    0.425019   0.00113273
    0.429824  -0.00103673
    0.434684  0.000948676
    0.439599 -0.000865263
    0.444569  0.000793512
    0.449596 -0.000731617
    0.454679  0.000672557
     0.45982 -0.000618517
    0.465019  0.000571009
    0.470277   -0.0005268
    0.475594  0.000483263
    0.480971 -0.000442833
    0.486409  0.000410469
    0.491909 -0.000383315
    0.497471  0.000357007
    0.503096 -0.000333762
    0.508784  0.000313514
    0.514536 -0.000292824
    0.520354  0.000272522
    0.526237 -0.000255015
    0.532187  0.000239569
    0.538205  -0.00022333
     0.54429  0.000206086
    0.550444 -0.000192031
    0.556667  0.000181375
    0.562961 -0.000170337
    0.569327  0.000160046
    0.575764 -0.000151124
    0.582274  0.000141011
    0.588857  -0.00013109
    0.595515  0.000123425
    0.602248 -0.000116559
    0.609057  0.000109433
    0.615944 -0.000102593
    0.622908  9.65054e-05
    0.629951 -9.10641e-05
    0.637073  8.63496e-05
    0.644277 -8.20452e-05
    0.651561  7.76575e-05
    0.658928 -7.38881e-05
    0.666378  7.04516e-05
    0.673913 -6.61487e-05
    0.681532  6.23003e-05
    0.689238  -5.9781e-05
    0.697031  5.72348e-05
    0.704912 -5.44202e-05
    0.712882  5.16688e-05
    0.720942  -4.8494e-05
    0.729094   4.5664e-05
    0.737337 -4.38342e-05
    0.745674  4.19552e-05
    0.754105  -3.9732e-05
    0.762631  3.79233e-05
    0.771254 -3.61538e-05
    0.779974  3.40362e-05
    0.788793  -3.2191e-05
    0.797711  3.08918e-05
    0.806731 -2.95079e-05
    0.815852  2.77264e-05
    0.825076 -2.56789e-05
    0.834405  2.38109e-05
    0.843839 -2.26179e-05
     0.85338  2.20204e-05
    0.863029 -2.13497e-05
    0.872787  2.04514e-05
    0.882655 -1.96032e-05
    0.892635   1.8928e-05
    0.902728 -1.82693e-05
    0.912934  1.76002e-05
    0.923256 -1.68561e-05
    0.933695  1.61056e-05
    0.944252 -1.54641e-05
    0.954928  1.49716e-05
    0.965725 -1.43451e-05
    0.976644   1.3487e-05
    0.987687 -1.26412e-05
    0.998854  1.20541e-05
     1.01015 -1.14835e-05
     1.02157  1.08316e-05
     1.03312 -1.02561e-05
      1.0448  9.92118e-06
     1.05661 -9.67107e-06
     1.06856  9.44976e-06
     1.08064 -9.19792e-06
     1.09286  8.90096e-06
     1.10522 -8.47408e-06
     1.11771  8.03659e-06
     1.13035 -7.65734e-06
     1.14313  7.39023e-06
     1.15606 -7.09079e-06
     1.16913  6.75736e-06
     1.18234 -6.41148e-06
     1.19571  6.19886e-06
     1.20923 -6.03889e-06
      1.2229  5.87716e-06
     1.23673 -5.64674e-06
     1.25071  5.47882e-06
     1.26486 -5.32529e-06
     1.27916  5.19163e-06
     1.29362 -5.00088e-06
     1.30825  4.82481e-06
     1.32304 -4.58449e-06
       1.338  4.33197e-06
     1.35313 -4.05844e-06
     1.36842  3.91109e-06
      1.3839 -3.80633e-06
     1.39954  3.72869e-06
     1.41537 -3.57825e-06
     1.43137  3.46644e-06
     1.44755 -3.32645e-06
     1.46392  3.20856e-06
     1.48047 -3.04147e-06
     1.49721   2.9485e-06
     1.51414 -2.85812e-06
     1.53126  2.80777e-06
     1.54857 -2.66818e-06
     1.56608  2.54504e-06
     1.58379 -2.39742e-06
      1.6017   2.3391e-06
     1.61981 -2.25773e-06
     1.63812  2.21739e-06
     1.65664 -2.10811e-06
     1.67537  2.05068e-06
     1.69432 -1.95917e-06
     1.71347  1.93425e-06
     1.73285 -1.85563e-06
     1.75244  1.82467e-06
     1.77225 -1.72894e-06
     1.79229  1.68941e-06
     1.81255 -1.59222e-06
     1.83305  1.56136e-06
     1.85377 -1.47457e-06
     1.87473  1.45865e-06
     1.89593 -1.38412e-06
     1.91737  1.37941e-06
     1.93905 -1.30422e-06
     1.96097  1.29435e-06
     1.98314 -1.20949e-06
     2.00556   1.1951e-06
     2.02824 -1.10649e-06
     2.05117      1.1e-06
     2.07436 -1.02326e-06
     2.09782  1.03276e-06
     2.12154 -9.63976e-07
     2.14552  9.79406e-07
     2.16978 -9.07685e-07
     2.19431   9.2185e-07
     2.21912 -8.46671e-07
     2.24422  8.63932e-07
     2.26959 -7.88679e-07
     2.29525  8.11104e-07
      2.3212 -7.38174e-07
     2.34745  7.66789e-07
     2.37399  -6.9349e-07
     2.40083  7.25384e-07
     2.42798 -6.50916e-07
     2.45543  6.86303e-07
     2.48319 -6.09789e-07
     2.51127  6.47967e-07
     2.53966 -5.69319e-07
     2.56837  6.11135e-07
     2.59741 -5.31128e-07
     2.62678  5.76877e-07
     2.65648 -4.94529e-07
     2.68652  5.43583e-07
     2.71689 -4.59285e-07
     2.74761  5.12803e-07
     2.77868 -4.26857e-07
     2.81009  4.85284e-07
     2.84187  -3.9762e-07
       2.874  4.60137e-07
     2.90649 -3.69435e-07
     2.93935  4.36205e-07
     2.97259 -3.43016e-07
      3.0062   4.1448e-07
     3.04019 -3.18673e-07
     3.07456  3.94871e-07
     3.10932 -2.95547e-07
     3.14448  3.75965e-07
     3.18003 -2.72936e-07
     3.21599  3.58175e-07
     3.25235 -2.51721e-07
     3.28912  3.42045e-07
     3.32631  -2.3167e-07
     3.36392  3.27268e-07
     3.40196 -2.13057e-07
     3.44042  3.13808e-07
     3.47932 -1.94703e-07
     3.51866  3.00957e-07
     3.55844 -1.77708e-07
     3.59868  2.89855e-07
     3.63936 -1.61513e-07
     3.68051  2.79368e-07
     3.72213 -1.45821e-07
     3.76421  2.69881e-07
     3.80677 -1.30949e-07
     3.84981  2.61369e-07
     3.89334 -1.16629e-07
     3.93736  2.53611e-07
     3.98188 -1.02783e-07
      4.0269  2.46618e-07
     4.07243   -8.936e-08
     4.11847  2.40357e-07
     4.16504 -7.64365e-08
     4.21213  2.34881e-07
     4.25976 -6.39058e-08
     4.30792  2.30113e-07
     4.35663 -5.17249e-08
     4.40589  2.26045e-07
      4.4557 -3.98948e-08
     4.50608  2.22672e-07
     4.55703 -2.84553e-08
     4.60855   2.2005e-07
     4.66066 -1.71743e-08
     4.71336  2.17901e-07
     4.76665 -6.07706e-09
     4.82054  2.16352e-07
     4.87504   4.9189e-09
     4.93016  2.15373e-07
     4.98591  1.57561e-08
     5.04228  2.14942e-07
     5.09929   2.6521e-08
     5.15695  2.15073e-07
     5.21525  3.72227e-08
     5.27422  2.15803e-07
     5.33385  4.77918e-08
     5.39416  2.17109e-07
     5.45515  5.83974e-08
     5.51683  2.18911e-07
     5.57921  6.90043e-08
     5.64229  2.21291e-07
     5.70608  7.96987e-08
      5.7706  2.24134e-07
     5.83584  9.04832e-08
     5.90183  2.27533e-07
     5.96856  1.01335e-07
     6.03604  2.31509e-07
     6.10429  1.12319e-07
      6.1733  2.35982e-07
      6.2431    1.235e-07
     6.31369  2.40993e-07
     6.38508   1.3485e-07
     6.45727  2.46567e-07
     6.53028  1.46411e-07
     6.60411  2.52679e-07
     6.67878  1.58231e-07
      6.7543  2.59374e-07
     6.83066  1.70277e-07
      6.9079  2.66666e-07
       6.986  1.82634e-07
     7.06499  2.74507e-07
     7.14487  1.95328e-07
     7.22565  2.82969e-07
     7.30735  2.08361e-07
     7.38997  2.92024e-07
     7.47352  2.21806e-07
     7.55802  3.01693e-07
     7.64348  2.35653e-07
      7.7299  3.12031e-07
      7.8173  2.49928e-07
     7.90569  3.23029e-07
     7.99507  2.64678e-07
     8.08547  3.34711e-07
     8.17689  2.79954e-07
     8.26934  3.47067e-07
     8.36284  2.95771e-07
     8.45739   3.6017e-07
     8.55301  3.12152e-07
     8.64972  3.74022e-07
     8.74752  3.29138e-07
     8.84642  3.88661e-07
     8.94644  3.46765e-07
      9.0476  4.04094e-07
     9.14989  3.65089e-07
     9.25335  4.20357e-07
     9.35797  3.84127e-07
     9.46378  4.37491e-07
     9.57078  4.03922e-07
     9.67899  4.55529e-07
     9.78843  4.24516e-07
      9.8991  4.74503e-07
      10.011   4.4595e-07
     10.1242  4.94447e-07
     10.2387  4.68277e-07
     10.3544    5.154e-07
     10.4715  4.91537e-07
     10.5899  5.37406e-07
     10.7097   5.1578e-07
     10.8307  5.60506e-07
     10.9532  5.41054e-07
      11.077  5.84749e-07
     11.2023   5.6741e-07
     11.3289  6.10183e-07
      11.457  5.94899e-07
     11.5866  6.36858e-07
     11.7176  6.23583e-07
     11.8501  6.64828e-07
      11.984  6.53515e-07
     12.1195  6.94147e-07
     12.2566  6.84763e-07
     12.3952   7.2487e-07
     12.5353  7.17386e-07
      12.677  7.57064e-07
     12.8204   7.5145e-07
     12.9653  7.90791e-07
     13.1119  7.87025e-07
     13.2602  8.26119e-07
     13.4101  8.24181e-07
     13.5617  8.63119e-07
      13.715  8.62996e-07
     13.8701  9.01865e-07
     14.0269  9.03545e-07
     14.1855  9.42434e-07
     14.3459  9.45914e-07
     14.5081  9.84906e-07
     14.6722  9.90186e-07
     14.8381  1.02937e-06
     15.0058  1.03645e-06
     15.1755  1.07591e-06
     15.3471   1.0848e-06
     15.5206  1.12462e-06
     15.6961  1.13534e-06
     15.8735   1.1756e-06
      16.053  1.18815e-06
     16.2345  1.22895e-06
     16.4181  1.24337e-06
     16.6037  1.28478e-06
     16.7914  1.30108e-06
     16.9813   1.3432e-06
     17.1733  1.36141e-06
     17.3675  1.40433e-06
     17.5638  1.42448e-06
     17.7624  1.46828e-06
     17.9632  1.49041e-06
     18.1663   1.5352e-06
     18.3717  1.55935e-06
     18.5795   1.6052e-06
     18.7895  1.63142e-06
      19.002  1.67844e-06
     19.2168  1.70677e-06
     19.4341  1.75505e-06
     19.6538  1.78555e-06
     19.8761  1.83519e-06
     20.1008  1.86792e-06
     20.3281  1.91902e-06
     20.5579  1.95405e-06
     20.7903  2.00671e-06
     21.0254   2.0441e-06
     21.2631  2.09843e-06
     21.5035  2.13825e-06
     21.7467  2.19437e-06
     21.9925   2.2367e-06
     22.2412  2.29471e-06
     22.4927  2.33964e-06
      22.747  2.39966e-06
     23.0042  2.44727e-06
     23.2643  2.50942e-06
     23.5273  2.55981e-06
     23.7933  2.62422e-06
     24.0623  2.67749e-06
     24.3344  2.74428e-06
     24.6095  2.80053e-06
     24.8878  2.86984e-06
     25.1692  2.92918e-06
     25.4538  3.00115e-06
     25.7416  3.06369e-06
     26.0326  3.13846e-06
     26.3269  3.20434e-06
     26.6246  3.28206e-06
     26.9256   3.3514e-06
     27.2301  3.43222e-06
      27.538  3.50517e-06
     27.8493  3.58925e-06
     28.1642  3.66594e-06
     28.4826  3.75345e-06
     28.8047  3.83403e-06
     29.1304  3.92514e-06
     29.4597  4.00977e-06
     29.7928  4.10466e-06
     30.1297  4.19352e-06
     30.4703  4.29238e-06
     30.8148  4.38563e-06
     31.1632  4.48865e-06
     31.5156  4.58647e-06
     31.8719  4.69386e-06
     32.2323  4.79645e-06
     32.5967  4.90841e-06
     32.9653  5.01597e-06
      33.338  5.13272e-06
     33.7149  5.24547e-06
     34.0961  5.36724e-06
     34.4816  5.48539e-06
     34.8715  5.61242e-06
     35.2658  5.73619e-06
     35.6645  5.86873e-06
     36.0678  5.99838e-06
     36.4756  6.13667e-06
      36.888  6.27244e-06
     37.3051  6.41677e-06
     37.7268  6.55893e-06
     38.1534  6.70956e-06
     38.5848  6.85838e-06
      39.021  7.01561e-06
     39.4622  7.17139e-06
     39.9084  7.33552e-06
     40.3596  7.49854e-06
      40.816  7.66989e-06
     41.2775  7.84047e-06
     41.7442  8.01937e-06
     42.2161  8.19784e-06
     42.6935  8.38463e-06
     43.1762  8.57133e-06
     43.6644  8.76636e-06
      44.158  8.96165e-06
     44.6573  9.16529e-06
     45.1622  9.36954e-06
     45.6729  9.58217e-06
     46.1893  9.79577e-06
     46.7115  1.00178e-05
     47.2397  1.02412e-05
     47.7738   1.0473e-05
     48.3139  1.07065e-05
     48.8602  1.09486e-05
     49.4126  1.11928e-05
     49.9713  1.14456e-05
     50.5363  1.17008e-05
     51.1077  1.19648e-05
     51.6856  1.22315e-05
     52.2699  1.25072e-05
     52.8609  1.27859e-05
     53.4586  1.30738e-05
      54.063  1.33651e-05
     54.6743  1.36656e-05
     55.2925    1.397e-05
     55.9176  1.42838e-05
     56.5499  1.46019e-05
     57.1893  1.49295e-05
     57.8359  1.52618e-05
     58.4898  1.56038e-05
     59.1511  1.59509e-05
     59.8199   1.6308e-05
     60.4963  1.66706e-05
     61.1803  1.70434e-05
      61.872   1.7422e-05
     62.5716  1.78111e-05
      63.279  1.82065e-05
     63.9945  1.86127e-05
     64.7181  1.90256e-05
     65.4498  1.94495e-05
     66.1898  1.98806e-05
     66.9382   2.0323e-05
      67.695  2.07731e-05
     68.4604  2.12348e-05
     69.2345  2.17045e-05
     70.0173  2.21863e-05
     70.8089  2.26765e-05
     71.6095  2.31792e-05
     72.4192  2.36908e-05
      73.238  2.42152e-05
     74.0661  2.47491e-05
     74.9035  2.52961e-05
     75.7504  2.58532e-05
     76.6069  2.64237e-05
      77.473  2.70048e-05
      78.349  2.75998e-05
     79.2348  2.82059e-05
     80.1307  2.88263e-05
     81.0367  2.94584e-05
     81.9529  3.01053e-05
     82.8795  3.07644e-05
     83.8166  3.14387e-05
     84.7643  3.21259e-05
     85.7227  3.28288e-05
     86.6919   3.3545e-05
     87.6721  3.42776e-05
     88.6634   3.5024e-05
     89.6658  3.57873e-05
     90.6797  3.65652e-05
     91.7049  3.73603e-05
     92.7418  3.81707e-05
     93.7904   3.8999e-05
     94.8508  3.98431e-05
     95.9233  4.07056e-05
     97.0078  4.15847e-05
     98.1046  4.24827e-05
     99.2139   4.3398e-05
