 0.000992177     -4684.61
  0.00100339     -4659.23
  0.00101474     -4645.88
  0.00102621     -4618.74
  0.00103782     -4604.85
  0.00104955     -4579.73
  0.00106142     -4561.33
  0.00107342     -4536.43
  0.00108555     -4517.48
  0.00109783     -4491.97
  0.00111024     -4472.58
  0.00112279     -4444.18
  0.00113549     -4425.93
  0.00114833     -4395.77
  0.00116131     -4375.73
  0.00117444     -4346.97
  0.00118772     -4324.33
  0.00120115     -4293.59
  0.00121473     -4271.33
  0.00122846     -4239.83
  0.00124235     -4216.69
   0.0012564     -4182.65
  0.00127061     -4158.37
  0.00128497     -4126.51
   0.0012995     -4097.68
  0.00131419      -4064.9
  0.00132905      -4036.9
  0.00134408     -4002.07
  0.00135928     -3972.38
  0.00137465     -3936.93
  0.00139019        -3906
  0.00140591     -3869.33
   0.0014218     -3837.63
  0.00143788     -3798.54
  0.00145413     -3766.52
  0.00147058     -3726.79
   0.0014872      -3691.9
  0.00150402     -3651.96
  0.00152102     -3615.81
  0.00153822     -3574.25
  0.00155561     -3536.86
   0.0015732     -3493.89
  0.00159099     -3455.82
  0.00160898     -3410.65
  0.00162717     -3371.51
  0.00164557     -3325.39
  0.00166417     -3284.39
  0.00168299     -3236.99
  0.00170202     -3194.98
  0.00172126      -3146.1
  0.00174072     -3102.18
   0.0017604     -3052.72
  0.00178031     -3006.89
  0.00180044     -2956.11
  0.00182079     -2908.92
  0.00184138     -2856.99
   0.0018622     -2808.02
  0.00188326     -2755.08
  0.00190455     -2704.72
  0.00192608     -2649.84
  0.00194786     -2598.99
  0.00196988     -2542.13
  0.00199216     -2490.02
  0.00201468      -2432.3
  0.00203746     -2378.22
   0.0020605     -2319.76
  0.00208379     -2263.99
  0.00210735     -2204.51
  0.00213118     -2147.48
  0.00215528     -2086.71
  0.00217965      -2028.6
  0.00220429     -1966.53
  0.00222921     -1907.35
  0.00225442     -1844.31
  0.00227991     -1783.96
  0.00230568     -1719.93
  0.00233175     -1658.62
  0.00235812     -1593.64
  0.00238478     -1531.43
  0.00241174     -1465.66
  0.00243901     -1402.67
  0.00246659     -1336.15
  0.00249448      -1272.5
  0.00252268     -1205.38
   0.0025512     -1141.19
  0.00258005     -1073.68
  0.00260922     -1009.04
  0.00263872     -941.249
  0.00266856     -876.322
  0.00269873     -808.452
  0.00272924     -743.389
   0.0027601     -675.626
  0.00279131     -610.672
  0.00282287     -543.175
  0.00285478     -478.472
  0.00288706     -411.471
  0.00291971     -347.321
  0.00295272     -280.991
   0.0029861     -217.622
  0.00301986     -152.258
  0.00305401     -89.8691
  0.00308854     -25.7097
  0.00312346      35.3741
  0.00315878      98.0689
  0.00319449      157.582
  0.00323061      218.516
  0.00326714      276.175
  0.00330408      335.013
  0.00334143      390.516
  0.00337921      446.968
  0.00341742      499.973
  0.00345606       553.72
  0.00349514      603.888
  0.00353465      654.587
  0.00357462      701.611
  0.00361503      748.921
  0.00365591      792.433
  0.00369724      836.021
  0.00373905      875.663
  0.00378132      915.198
  0.00382408       950.65
  0.00386731      985.787
  0.00391104      1016.69
  0.00395526      1047.08
  0.00399998      1073.16
  0.00404521       1098.5
  0.00409094      1119.39
   0.0041372      1139.39
  0.00418397      1154.85
  0.00423128      1169.22
  0.00427912      1178.98
   0.0043275      1187.51
  0.00437643      1191.34
  0.00442592      1193.82
  0.00447596      1191.56
  0.00452656      1187.83
  0.00457774      1179.35
   0.0046295      1169.33
  0.00468185      1154.58
  0.00473478      1138.22
  0.00478832      1117.19
  0.00484245      1094.56
  0.00489721      1067.32
  0.00495258      1038.53
  0.00500857      1005.27
   0.0050652      970.523
  0.00512247      931.496
  0.00518039      891.113
  0.00523896      846.649
   0.0052982       801.04
   0.0053581      751.616
  0.00541868      701.292
  0.00547995      647.478
  0.00554191      593.058
  0.00560457      535.547
  0.00566794      477.768
  0.00573202      417.324
  0.00579683      357.049
  0.00586237      294.584
  0.00592866      232.751
  0.00599569      169.271
  0.00606348      106.927
  0.00613204      43.5168
  0.00620137     -18.1941
  0.00627148     -80.3581
  0.00634239     -140.237
   0.0064141     -199.929
  0.00648662     -256.728
  0.00655997     -312.678
  0.00663414     -365.122
  0.00670914     -416.059
    0.006785     -462.882
  0.00686172     -507.561
   0.0069393      -547.54
  0.00701776     -584.785
   0.0070971     -616.793
  0.00717735     -645.516
   0.0072585     -668.545
  0.00734057     -687.832
  0.00742356      -701.05
   0.0075075     -710.175
  0.00759238      -712.98
  0.00767823     -711.464
  0.00776504     -703.518
  0.00785284     -691.176
  0.00794162     -672.459
  0.00803142     -649.449
  0.00812222     -620.285
  0.00821406     -587.126
  0.00830693     -548.235
  0.00840085     -505.842
  0.00849584     -458.338
   0.0085919     -408.025
  0.00868904     -353.432
  0.00878728     -296.917
  0.00888664     -237.139
  0.00898711     -176.506
  0.00908873     -113.795
  0.00919149     -51.4606
  0.00929541      11.6477
  0.00940051      73.0375
   0.0095068      133.799
  0.00961429      191.452
  0.00972299      247.048
  0.00983293       298.15
   0.0099441      345.815
   0.0100565       387.69
   0.0101702       424.87
   0.0102852      455.133
   0.0104015      479.663
   0.0105191      496.403
   0.0106381      506.674
   0.0107583      508.623
     0.01088      503.752
    0.011003      490.444
   0.0111274      470.411
   0.0112532      442.312
   0.0113804      408.077
   0.0115091      366.646
   0.0116392      320.189
   0.0117708      267.914
   0.0119039      212.209
   0.0120385      152.527
   0.0121746      91.4363
   0.0123123      28.5823
   0.0124515     -33.3506
   0.0125923     -94.6012
   0.0127347      -152.45
   0.0128786     -207.117
   0.0130243     -255.959
   0.0131715     -299.289
   0.0133204     -334.651
   0.0134711     -362.574
   0.0136234     -380.917
   0.0137774     -390.535
   0.0139332     -389.709
   0.0140907     -379.723
     0.01425     -359.361
   0.0144111     -330.399
   0.0145741      -292.16
   0.0147389     -246.934
   0.0149055     -194.564
    0.015074     -137.799
   0.0152445     -76.9278
   0.0154168     -15.0371
   0.0155911      47.2957
   0.0157674      106.827
   0.0159457      162.909
    0.016126      212.381
   0.0163083      254.787
   0.0164927      287.321
   0.0166792      309.988
   0.0168678      320.608
   0.0170585      319.892
   0.0172514      306.496
   0.0174464       282.01
   0.0176437      246.035
   0.0178432      201.094
   0.0180449      147.705
   0.0182489      89.2067
   0.0184553      26.8423
   0.0186639     -35.5141
    0.018875     -96.2573
   0.0190884     -151.412
   0.0193042     -199.503
   0.0195225     -236.981
   0.0197432     -263.047
   0.0199664      -275.11
   0.0201922     -273.538
   0.0204205     -257.111
   0.0206513     -227.673
   0.0208848     -185.552
    0.021121     -134.088
   0.0213598     -74.9964
   0.0216013      -12.766
   0.0218455      50.0241
   0.0220925       108.43
   0.0223423      159.844
   0.0225949      199.799
   0.0228504       226.64
   0.0231088      237.334
     0.02337      232.052
   0.0236343      209.909
   0.0239015      173.378
   0.0241717      123.912
    0.024445      66.1452
   0.0247214      3.35931
   0.0250009     -58.5146
   0.0252836     -115.547
   0.0255695     -161.949
   0.0258586     -194.744
   0.0261509     -209.915
   0.0264466     -206.961
   0.0267456     -184.902
    0.027048     -146.568
   0.0273539       -94.34
   0.0276631     -34.0885
   0.0279759      29.3868
   0.0282922      88.7433
   0.0286121      138.857
   0.0289356       173.36
   0.0292628       189.38
   0.0295936       183.95
   0.0299282      158.437
   0.0302666      114.545
   0.0306088      58.2085
   0.0309549     -4.94396
   0.0313049     -66.2588
   0.0316589     -119.011
   0.0320168     -155.364
   0.0323788     -171.351
   0.0327449     -163.636
   0.0331151     -133.999
   0.0334896     -85.3978
   0.0338682      -25.579
   0.0342511      37.7543
   0.0346384      94.1559
     0.03503      135.837
   0.0354261      155.112
   0.0358267      149.575
   0.0362317      118.879
   0.0366414      68.8252
   0.0370557      6.80973
   0.0374746     -55.4881
   0.0378983     -107.857
   0.0383268     -139.637
   0.0387602     -145.574
   0.0391984     -123.276
   0.0396416     -77.7101
   0.0400898     -16.7685
   0.0405431      46.3334
   0.0410015      99.3783
   0.0414651      129.983
   0.0419339      132.151
   0.0424081      104.143
   0.0428875      52.9573
   0.0433725     -10.6445
   0.0438628     -70.6774
   0.0443588     -113.374
   0.0448603     -126.943
   0.0453675     -108.514
   0.0458805      -61.586
   0.0463992     0.732644
   0.0469239      62.5767
   0.0474544      105.789
   0.0479909      118.789
   0.0485336      96.5163
   0.0490823      46.1219
   0.0496373     -18.3326
   0.0501985      -76.059
   0.0507661     -109.597
     0.05134     -106.882
   0.0519205     -69.3755
   0.0525076     -8.52022
   0.0531012      53.8629
   0.0537016      96.5646
   0.0543088      102.911
   0.0549229      71.0338
   0.0555438      11.5951
   0.0561718     -51.8117
    0.056807     -95.1108
   0.0574492     -99.6311
   0.0580988     -63.9771
   0.0587557     -1.75075
     0.05942      59.6297
   0.0600919      94.1087
   0.0607713      84.9606
   0.0614584      36.8856
   0.0621533     -28.8779
    0.062856      -79.972
   0.0635667     -92.0968
   0.0642854     -57.7794
   0.0650123       4.9467
   0.0657473       64.482
   0.0664907      87.9201
   0.0672425      62.9183
   0.0680028      1.81894
   0.0687716     -60.0729
   0.0695492     -87.7628
   0.0703356     -63.4779
   0.0711308       -2.423
   0.0719351      58.8306
   0.0727484       80.396
   0.0735709       48.785
   0.0744028     -16.7085
    0.075244     -71.2163
   0.0760947     -77.9559
   0.0769551     -30.5946
   0.0778252      36.4147
   0.0787051       75.041
    0.079595       54.939
    0.080495     -8.14863
   0.0814051     -66.3428
   0.0823255     -72.0548
   0.0832563     -21.1036
   0.0841976      45.5842
   0.0851496      70.1711
   0.0861124      31.5605
    0.087086     -38.0531
   0.0880707     -75.1496
   0.0890664     -46.2338
   0.0900735      23.1752
   0.0910919      65.5764
   0.0921218      39.9689
   0.0931634     -29.8971
   0.0942167       -71.95
    0.095282     -43.0123
   0.0963593      27.9472
   0.0974488      62.9574
   0.0985506      23.5538
   0.0996649     -47.9683
    0.100792     -68.5606
    0.101931     -14.8365
    0.103084      50.1599
    0.104249       45.141
    0.105428     -23.8127
     0.10662      -70.968
    0.107826     -33.6887
    0.109045      38.2222
    0.110278      48.7159
    0.111524     -19.0824
    0.112785     -69.9794
    0.114061     -32.4069
     0.11535      40.3943
    0.116655      38.2377
    0.117973     -36.2662
    0.119307     -70.7506
    0.120656     -9.81059
     0.12202      47.5342
      0.1234      7.39325
    0.124795     -66.8517
    0.126206     -48.9564
    0.127633      28.9828
    0.129076      30.2601
    0.130536     -51.1645
    0.132012     -67.3291
    0.133504      9.83074
    0.135014      34.4389
     0.13654     -45.3782
    0.138084     -74.6014
    0.139645      2.49651
    0.141224      29.0924
    0.142821     -54.8823
    0.144436     -74.6272
    0.146069      9.26769
     0.14772      13.3029
    0.149391     -77.6773
     0.15108     -61.0912
    0.152788      21.3889
    0.154515     -25.0695
    0.156262     -98.2704
    0.158029     -24.2936
    0.159816      11.2986
    0.161623     -84.5361
     0.16345     -77.3012
    0.165298      13.0709
    0.167167     -56.2698
    0.169057     -108.217
    0.170969     -9.16459
    0.172902     -31.8171
    0.174857     -123.428
    0.176834     -29.3803
    0.178833     -21.4932
    0.180855     -126.847
      0.1829     -40.9048
    0.184968     -15.4202
    0.187059     -131.933
    0.189174     -30.7983
    0.191313     -18.5134
    0.193476     -126.864
    0.195664    -0.766783
    0.197876      -22.806
    0.200114     -106.177
    0.202376      56.3772
    0.204664     -42.1926
    0.206978     -30.4584
    0.209319      107.481
    0.211685     -41.0644
    0.214079      111.757
    0.216499      129.144
    0.218947      46.0892
    0.221423      298.416
    0.223926      125.085
    0.226458      341.684
    0.229018      387.154
    0.231608      353.646
    0.234226      709.674
    0.236875      505.822
    0.239553      990.472
    0.242261      893.346
    0.245001      1222.68
    0.247771      1504.32
    0.250572      1421.46
    0.253405      2262.24
     0.25627      1446.49
    0.259168      2404.12
    0.262098     -775.243
    0.265062      4256.81
    0.268059      6884.53
    0.271089      -1124.6
    0.274154      1877.23
    0.277254       1133.4
    0.280389      1883.89
    0.283559      1024.54
    0.286765      1239.08
    0.290008      700.028
    0.293287      766.119
    0.296603      426.648
    0.299956      450.548
    0.303348      240.183
    0.306777      254.147
    0.310246      124.412
    0.313754      135.911
    0.317301      54.9187
    0.320889       64.625
    0.324517      13.1952
    0.328186      21.7266
    0.331897     -10.7996
    0.335649     -2.50573
    0.339444     -23.0063
    0.343282     -14.6528
    0.347164     -26.5653
    0.351089     -18.2376
    0.355059     -25.0086
    0.359073       -17.41
    0.363133     -21.0198
    0.367239     -14.1634
    0.371391      -16.414
     0.37559     -10.8997
    0.379837     -12.2691
    0.384131     -7.71387
    0.388474     -8.78472
    0.392867     -5.46524
    0.397309     -6.20209
    0.401801      -3.4467
    0.406344     -4.28174
    0.410938     -2.26842
    0.415584     -2.81078
    0.420283     -1.22715
    0.425035     -1.96715
    0.429841    -0.711529
    0.434701     -1.20765
    0.439616    -0.307696
    0.444586    -0.919358
    0.449613   -0.0769327
    0.454697    -0.516818
    0.459838   -0.0361402
    0.465037    -0.404424
    0.470295     0.154504
    0.475612     -0.32424
     0.48099    0.0691626
    0.486428    -0.129274
    0.491928    0.0745064
     0.49749    -0.211458
    0.503115     0.182072
    0.508803    -0.174633
    0.514556    0.0825109
    0.520374   -0.0542528
    0.526258     0.045582
    0.532208   -0.0977005
    0.538225     0.130075
    0.544311    -0.128351
    0.550465    0.0887955
    0.556689   -0.0504116
    0.562983     0.022586
    0.569348   -0.0153216
    0.575786    0.0378735
    0.582296   -0.0761937
     0.58888     0.101777
    0.595538    -0.103873
    0.602271    0.0784804
    0.609081   -0.0480554
    0.615967    0.0172334
    0.622932   0.00537564
    0.629975   -0.0127013
    0.637098    0.0102387
    0.644301   -0.0067428
    0.651586  -0.00951729
    0.658953    0.0263527
    0.666404   -0.0404466
    0.673939    0.0537267
    0.681558   -0.0599609
    0.689264    0.0622092
    0.697058    -0.060951
    0.704939    0.0569581
    0.712909   -0.0526458
     0.72097    0.0456757
    0.729122   -0.0407302
    0.737365    0.0362496
    0.745702   -0.0359653
    0.754134    0.0310985
     0.76266   -0.0269645
    0.771283    0.0203056
    0.780004   -0.0192339
    0.788823    0.0198519
    0.797742    -0.019571
    0.806762    0.0184882
    0.815883   -0.0146053
    0.825108   0.00817228
    0.834437  -0.00754082
    0.843872   0.00978795
    0.853413  -0.00967912
    0.863062   0.00726892
    0.872821  -0.00820053
    0.882689   0.00839797
    0.892669    -0.008501
    0.902762   0.00992155
    0.912969  -0.00918675
    0.923292    0.0068033
    0.933731  -0.00787051
    0.944288   0.00698685
    0.954965  -0.00520059
    0.965762    0.0035712
    0.976682  -0.00483875
    0.987725   0.00331592
    0.998892 -0.000302947
     1.01019   0.00184721
     1.02161  -0.00364316
     1.03316   0.00317233
     1.04484  -0.00387343
     1.05665    0.0031532
      1.0686  -0.00237086
     1.08068   0.00142185
      1.0929  -0.00263234
     1.10526   0.00417589
     1.11776  -0.00325963
     1.13039   0.00241976
     1.14317  -0.00387276
      1.1561   0.00254601
     1.16917  -0.00309539
     1.18239   0.00316643
     1.19576  -0.00264367
     1.20928   0.00117716
     1.22295   -0.0017751
     1.23678   0.00294054
     1.25076  -0.00261295
      1.2649 -0.000223039
     1.27921  -0.00048979
     1.29367   0.00181023
      1.3083  -0.00217445
     1.32309  0.000300936
     1.33805 -0.000331829
     1.35318   0.00066318
     1.36848  -0.00178217
     1.38395  0.000967648
      1.3996  -0.00122651
     1.41542   0.00127595
     1.43143  -0.00110004
     1.44761  0.000347677
     1.46398  2.87858e-05
     1.48053  0.000818296
     1.49727   -0.0016162
      1.5142  0.000704065
     1.53132 -0.000987399
     1.54863  0.000359599
     1.56614 -0.000771938
     1.58385  0.000587973
     1.60176 -0.000842791
     1.61987 -0.000118036
     1.63818 -0.000310123
     1.65671  0.000143079
     1.67544 -0.000362462
     1.69438    0.0001517
     1.71354  -0.00033324
     1.73291  0.000455724
     1.75251  -0.00147297
     1.77232   0.00149586
     1.79236  -0.00127738
     1.81262  6.41134e-05
     1.83312   5.6315e-06
     1.85384 -0.000294764
     1.87481 -0.000179814
       1.896 -0.000189843
     1.91744 -0.000847956
     1.93912  0.000635204
     1.96104 -0.000775742
     1.98322  0.000616617
     2.00564 -0.000968065
     2.02832  0.000511857
     2.05125 -0.000631773
     2.07444 -6.25069e-05
      2.0979 -0.000326416
     2.12162 -0.000225553
     2.14561  0.000143233
     2.16987 -0.000204293
      2.1944 -0.000288277
     2.21921  0.000187266
      2.2443 -0.000380753
     2.26968  0.000140608
     2.29534 -0.000739795
     2.32129  0.000326307
     2.34754 -0.000562866
     2.37408 -1.04953e-05
     2.40092 -0.000358606
     2.42807 -5.07896e-05
     2.45552 -0.000121813
     2.48328  -0.00025403
     2.51136 -0.000348061
     2.53976 -0.000104047
     2.56847 -6.09152e-05
     2.59751 -0.000223651
     2.62688 -0.000224925
     2.65658  -6.4407e-05
     2.68662 -0.000219374
       2.717 -1.75031e-05
     2.74772 -0.000136916
     2.77878 -0.000126015
      2.8102  -0.00037739
     2.84198  2.66505e-05
     2.87411 -0.000461766
      2.9066 -0.000126145
     2.93947 -0.000156607
      2.9727 -0.000154045
     3.00631 -0.000160532
      3.0403 -0.000213562
     3.07468  -0.00028826
     3.10944  0.000151913
      3.1446 -0.000261258
     3.18016 -0.000235837
     3.21611 -0.000298871
     3.25248  -8.9571e-06
     3.28925 -0.000119145
     3.32644   -0.0002008
     3.36405 -0.000298808
     3.40209 -6.60832e-05
     3.44055 -0.000359415
     3.47945  -7.4157e-05
     3.51879 -0.000186125
     3.55858 -0.000153258
     3.59881 -0.000196052
      3.6395 -3.63081e-05
     3.68065 -0.000147428
     3.72227 -0.000269261
     3.76436 -0.000280043
     3.80692 -7.34348e-05
     3.84996  -0.00028762
     3.89349 -9.38185e-05
     3.93751 -0.000200141
     3.98203 -0.000109295
     4.02705 -0.000213846
     4.07259 -0.000108025
     4.11863 -0.000272418
      4.1652 -9.03079e-05
     4.21229  -0.00026722
     4.25992  4.00777e-06
     4.30809 -0.000312849
      4.3568 -0.000162233
     4.40606 -0.000240647
     4.45587 -9.19507e-05
     4.50625 -0.000156433
      4.5572 -0.000137176
     4.60873 -0.000254674
     4.66084   -0.0001824
     4.71354 -0.000215637
     4.76683 -6.26095e-05
     4.82073 -0.000150178
     4.87523 -0.000166905
     4.93035 -0.000261702
      4.9861 -0.000186965
     5.04247 -0.000140532
     5.09949 -0.000194692
     5.15714 -0.000214207
     5.21545 -0.000144802
     5.27442 -0.000102071
     5.33406 -0.000119873
     5.39437 -0.000234109
     5.45536 -0.000179121
     5.51704 -0.000271805
     5.57942 -0.000123296
      5.6425 -0.000199517
      5.7063 -0.000108278
     5.77082 -0.000196249
     5.83607 -6.13302e-05
     5.90205 -0.000255834
     5.96878 -0.000182574
     6.03627 -0.000210578
     6.10452 -0.000177598
     6.17354 -0.000162286
     6.24334 -0.000148101
     6.31393 -0.000157587
     6.38532 -0.000146134
     6.45752 -0.000222427
     6.53053  -0.00013833
     6.60437 -0.000239586
     6.67904 -0.000160465
     6.75456 -0.000174717
     6.83093 -9.14829e-05
     6.90816 -0.000225051
     6.98627 -0.000172679
     7.06526 -0.000160514
     7.14514 -0.000205027
     7.22593 -0.000191716
     7.30763 -0.000102736
     7.39025 -0.000214247
     7.47381 -0.000169374
     7.55831 -0.000182551
     7.64377 -0.000147987
      7.7302 -0.000186682
      7.8176  -0.00016679
     7.90599 -0.000219333
     7.99538 -0.000120125
     8.08578 -0.000193956
      8.1772 -0.000145561
     8.26966 -0.000191741
     8.36316  -0.00019265
     8.45772 -0.000165415
     8.55334 -0.000160675
     8.65005 -0.000177317
     8.74785 -0.000154925
     8.84676 -0.000211111
     8.94679  -0.00013888
     9.04795 -0.000208295
     9.15025 -0.000155117
      9.2537  -0.00015651
     9.35833 -0.000191192
     9.46414  -0.00016622
     9.57115 -0.000192108
     9.67936 -0.000158228
      9.7888 -0.000161915
     9.89948 -0.000184149
     10.0114 -0.000168563
     10.1246 -0.000188621
     10.2391 -0.000147988
     10.3548  -0.00018646
     10.4719 -0.000168278
     10.5903 -0.000178639
     10.7101  -0.00016816
     10.8312 -0.000170361
     10.9536 -0.000186449
     11.0775 -0.000162671
     11.2027 -0.000178055
     11.3294 -0.000163722
     11.4575 -0.000189142
      11.587  -0.00016969
      11.718  -0.00015699
     11.8505 -0.000183598
     11.9845 -0.000176008
       12.12 -0.000173843
      12.257  -0.00015687
     12.3956 -0.000190205
     12.5358 -0.000169282
     12.6775 -0.000170958
     12.8209 -0.000170315
     12.9658  -0.00017888
     13.1124 -0.000169238
     13.2607 -0.000172708
     13.4106 -0.000170831
     13.5622  -0.00017759
     13.7156 -0.000165559
     13.8707 -0.000175371
     14.0275 -0.000176807
     14.1861 -0.000166756
     14.3465 -0.000172332
     14.5087 -0.000181535
     14.6727 -0.000163562
     14.8386 -0.000176578
     15.0064 -0.000173195
     15.1761 -0.000172811
     15.3477  -0.00017086
     15.5212 -0.000175614
     15.6967 -0.000172464
     15.8742 -0.000172963
     16.0536 -0.000172257
     16.2351 -0.000173962
     16.4187 -0.000169653
     16.6043 -0.000175225
     16.7921 -0.000168429
     16.9819 -0.000176005
      17.174 -0.000169754
     17.3681 -0.000173641
     17.5645 -0.000170849
     17.7631 -0.000176182
     17.9639 -0.000165111
      18.167 -0.000182368
     18.3725 -0.000163927
     18.5802 -0.000176185
     18.7903  -0.00017415
     19.0027 -0.000166889
     19.2176 -0.000177125
     19.4349 -0.000171222
     19.6546 -0.000169446
     19.8768 -0.000177706
     20.1016 -0.000166408
     20.3288 -0.000176262
     20.5587 -0.000170363
     20.7911 -0.000172265
     21.0262 -0.000173038
     21.2639 -0.000171233
     21.5044 -0.000171781
     21.7475 -0.000173164
     21.9934 -0.000169135
     22.2421 -0.000175761
     22.4935 -0.000168004
     22.7479 -0.000175504
     23.0051 -0.000168336
     23.2652  -0.00017405
     23.5282 -0.000170139
     23.7942 -0.000173305
     24.0633 -0.000170733
     24.3353 -0.000172536
     24.6105 -0.000170983
     24.8888 -0.000171947
     25.1702 -0.000170894
     25.4547  -0.00017218
     25.7425 -0.000170815
     26.0336 -0.000172031
      26.328 -0.000170304
     26.6256 -0.000172186
     26.9267 -0.000170615
     27.2311  -0.00017211
      27.539 -0.000170503
     27.8504 -0.000171847
     28.1653  -0.00017037
     28.4837 -0.000171554
     28.8058 -0.000170253
     29.1315 -0.000171401
     29.4609 -0.000170174
      29.794 -0.000171333
     30.1308 -0.000170199
     30.4715 -0.000171319
      30.816 -0.000169943
     31.1644 -0.000171078
     31.5168 -0.000170065
     31.8731 -0.000171112
     32.2335 -0.000169894
      32.598 -0.000170718
     32.9665 -0.000169629
     33.3393 -0.000170494
     33.7162 -0.000169507
     34.0974 -0.000170469
      34.483  -0.00016962
     34.8729 -0.000170386
     35.2671 -0.000169232
     35.6659 -0.000170017
     36.0691 -0.000169244
      36.477 -0.000169898
     36.8894 -0.000168996
     37.3065 -0.000169878
     37.7283 -0.000168856
     38.1549  -0.00016945
     38.5863  -0.00016866
     39.0225 -0.000169352
     39.4638 -0.000168497
       39.91 -0.000169105
     40.3612 -0.000168399
     40.8175 -0.000168947
      41.279 -0.000168029
     41.7458 -0.000168521
     42.2178 -0.000167962
     42.6951 -0.000168518
     43.1778 -0.000167631
      43.666 -0.000168238
     44.1597 -0.000167385
      44.659 -0.000167771
      45.164 -0.000167355
     45.6746 -0.000167707
      46.191 -0.000166976
     46.7133 -0.000167256
     47.2415 -0.000166553
     47.7756 -0.000167061
     48.3158 -0.000166475
     48.8621 -0.000166819
     49.4145 -0.000165997
     49.9732 -0.000166424
     50.5383 -0.000165971
     51.1097 -0.000166024
     51.6875 -0.000165476
      52.272 -0.000165708
      52.863 -0.000165083
     53.4607 -0.000165375
     54.0651 -0.000164794
     54.6764 -0.000165012
     55.2946 -0.000164466
     55.9198 -0.000164624
     56.5521 -0.000164107
     57.1915 -0.000164011
     57.8381 -0.000163568
      58.492 -0.000163827
     59.1534 -0.000163226
     59.8222 -0.000163321
     60.4986 -0.000162843
     61.1826 -0.000162721
     61.8744 -0.000162276
      62.574 -0.000162446
     63.2815 -0.000161828
      63.997 -0.000161725
     64.7205  -0.00016133
     65.4523 -0.000161336
     66.1923 -0.000160819
     66.9408 -0.000160749
     67.6976 -0.000160184
      68.463   -0.0001602
     69.2371 -0.000159609
       70.02 -0.000159606
     70.8116 -0.000159076
     71.6123 -0.000158932
      72.422 -0.000158362
     73.2408 -0.000158305
     74.0689 -0.000157796
     74.9064  -0.00015759
     75.7533 -0.000157062
     76.6098 -0.000156952
      77.476 -0.000156267
      78.352 -0.000156213
     79.2379 -0.000155594
     80.1338 -0.000155385
     81.0398  -0.00015484
     81.9561 -0.000154553
     82.8827 -0.000153978
     83.8198 -0.000153783
     84.7676 -0.000153123
      85.726 -0.000152896
     86.6952 -0.000152245
     87.6755 -0.000151946
     88.6668 -0.000151325
     89.6693 -0.000151048
     90.6831 -0.000150362
     91.7084 -0.000150001
     92.7454 -0.000149375
      93.794 -0.000148992
     94.8545 -0.000148288
     95.9269 -0.000147952
     97.0115 -0.000147215
     98.1084  -0.00014678
     99.2177 -0.000146075
