  0.00099205     -2.65468
  0.00100327       -2.188
  0.00101461     -1.66769
  0.00102608     -1.11453
  0.00103768    -0.531446
  0.00104942  -0.00450369
  0.00106128     0.528621
  0.00107328       1.1447
  0.00108542      1.85484
  0.00109769      2.60653
   0.0011101      3.37223
  0.00112265      4.11251
  0.00113534      4.86806
  0.00114818      5.61568
  0.00116116      6.31467
  0.00117429      6.92491
  0.00118757      7.45129
    0.001201      7.86633
  0.00121457      8.21012
  0.00122831      8.54315
  0.00124219      8.79812
  0.00125624      8.95883
  0.00127044      9.11652
  0.00128481      9.23475
  0.00129933      9.42324
  0.00131403      9.69995
  0.00132888      10.0152
  0.00134391      10.4187
   0.0013591      10.8204
  0.00137447      11.0806
  0.00139001      11.1818
  0.00140573      11.1361
  0.00142162      10.9257
  0.00143769      10.7084
  0.00145395      10.6035
  0.00147039      10.4853
  0.00148701      10.3373
  0.00150383      10.0837
  0.00152083      9.76747
  0.00153802      9.45476
  0.00155541      9.26485
    0.001573      9.28123
  0.00159079      9.43564
  0.00160877      9.68747
  0.00162696      10.0801
  0.00164536      10.6384
  0.00166396       11.297
  0.00168277      11.9305
   0.0017018       12.454
  0.00172104      12.9483
   0.0017405      13.4481
  0.00176018      13.9279
  0.00178008      14.2883
  0.00180021      14.6087
  0.00182056      14.9534
  0.00184115      15.2688
  0.00186196       15.654
  0.00188301      15.9308
  0.00190431      16.1143
  0.00192584      16.3104
  0.00194761      16.5109
  0.00196963      16.6886
   0.0019919      16.8329
  0.00201442      17.0032
   0.0020372      17.3342
  0.00206023      17.8259
  0.00208353      18.5201
  0.00210708      19.4606
  0.00213091       20.639
    0.002155      21.9166
  0.00217937      23.2348
  0.00220401      24.5374
  0.00222893      26.0297
  0.00225413      27.4621
  0.00227962       28.661
  0.00230539      29.8416
  0.00233146      31.0411
  0.00235782      32.1211
  0.00238448      33.1293
  0.00241144      33.8131
   0.0024387      34.1311
  0.00246627      34.0623
  0.00249416      33.6904
  0.00252236      33.2489
  0.00255088      32.6149
  0.00257972      31.7894
  0.00260889      31.0396
  0.00263838      30.0563
  0.00266822      28.9506
  0.00269838       27.932
  0.00272889      27.0213
  0.00275975      25.9525
  0.00279095      24.7848
  0.00282251      23.7684
  0.00285442      22.8922
  0.00288669      22.2278
  0.00291933      21.7019
  0.00295234      21.2963
  0.00298572      20.9512
  0.00301948      20.6027
  0.00305362      20.2008
  0.00308814      19.8849
  0.00312306      19.7788
  0.00315837       19.722
  0.00319408       19.658
  0.00323019      19.7424
  0.00326672      19.6378
  0.00330365      19.1174
  0.00334101      18.4491
  0.00337878      17.6392
  0.00341698      16.7091
  0.00345562      15.7595
  0.00349469      14.6427
   0.0035342      13.3593
  0.00357416       12.187
  0.00361457       11.201
  0.00365544      10.4653
  0.00369677      9.76261
  0.00373857      8.77009
  0.00378084      7.99169
  0.00382359      7.35436
  0.00386682      6.80754
  0.00391054      6.37538
  0.00395475      6.14308
  0.00399947      6.10223
  0.00404469      5.84054
  0.00409042      5.46511
  0.00413667      5.07682
  0.00418344      4.91122
  0.00423074      5.00243
  0.00427857      5.30767
  0.00432695      5.59532
  0.00437587       5.8449
  0.00442535      6.21259
  0.00447538      6.56233
  0.00452598      7.00565
  0.00457716      7.50515
  0.00462891         7.95
  0.00468125      8.50738
  0.00473418      9.43141
   0.0047877      10.4947
  0.00484183      11.2114
  0.00489658         11.5
  0.00495194      11.4251
  0.00500793      11.4876
  0.00506455      11.6528
  0.00512182      11.7242
  0.00517973       12.052
  0.00523829      12.0531
  0.00529752      11.5574
  0.00535741      10.7116
  0.00541799      9.52795
  0.00547925       7.8053
   0.0055412      5.44361
  0.00560385      2.69418
  0.00566721    -0.871065
  0.00573129     -4.89221
  0.00579609     -9.06739
  0.00586162     -13.0621
   0.0059279     -16.6077
  0.00599492     -19.3965
   0.0060627      -21.598
  0.00613125     -23.3028
  0.00620057     -24.6537
  0.00627068     -25.3224
  0.00634158     -25.3643
  0.00641328     -24.5341
  0.00648579      -22.564
  0.00655912     -20.0708
  0.00663329     -17.2107
  0.00670829     -13.9928
  0.00678413     -11.3263
  0.00686084     -9.15116
  0.00693841     -6.92103
  0.00701686     -4.78811
   0.0070962     -3.07483
  0.00717643     -1.61857
  0.00725757    -0.592716
  0.00733963     0.147844
  0.00742261      1.31846
  0.00750654      3.37774
  0.00759141      5.81544
  0.00767724      7.76216
  0.00776405      9.88698
  0.00785183      12.2526
  0.00794061      14.5555
  0.00803039      16.1766
  0.00812118      17.5696
  0.00821301      19.2424
  0.00830587      21.2013
  0.00839978      23.3024
  0.00849475      24.1495
   0.0085908      24.0274
  0.00868793      23.2883
  0.00878616      21.9827
   0.0088855      20.3128
  0.00898596      18.5392
  0.00908756      16.7173
  0.00919031      14.3378
  0.00929422      11.5387
  0.00939931      8.73995
  0.00950558      5.63768
  0.00961306      1.92827
  0.00972175     -2.10079
  0.00983167     -6.68839
  0.00994283      -10.698
   0.0100552     -14.1961
   0.0101689     -17.0154
   0.0102839     -18.9358
   0.0104002     -19.8763
   0.0105178     -19.9283
   0.0106367     -19.1308
    0.010757     -17.9392
   0.0108786     -16.9159
   0.0110016     -16.3112
    0.011126     -15.4831
   0.0112518     -13.8184
    0.011379     -12.1313
   0.0115076     -11.3392
   0.0116378     -11.2781
   0.0117693     -9.94611
   0.0119024     -7.38446
    0.012037      -5.2609
   0.0121731     -3.24877
   0.0123107     -1.00167
   0.0124499      1.10167
   0.0125907      3.25861
    0.012733      5.16592
    0.012877      6.88554
   0.0130226       9.0025
   0.0131698      11.4422
   0.0133187        12.91
   0.0134693      13.3906
   0.0136216      14.0013
   0.0137756      14.7449
   0.0139314      15.6148
   0.0140889      16.2646
   0.0142482      16.3851
   0.0144093      15.8414
   0.0145722      14.2367
    0.014737      12.1758
   0.0149036      8.05925
   0.0150721       2.5505
   0.0152425     -2.29971
   0.0154149     -6.63739
   0.0155892     -10.2141
   0.0157654     -12.0496
   0.0159437     -12.5834
   0.0161239     -12.7526
   0.0163062      -13.934
   0.0164906     -15.5903
   0.0166771     -16.1997
   0.0168656     -15.3707
   0.0170563     -14.2271
   0.0172492     -13.2507
   0.0174442     -10.8205
   0.0176414     -7.28013
   0.0178409     -3.46782
   0.0180426     0.812591
   0.0182466      5.18988
   0.0184529      10.5933
   0.0186615      15.3866
   0.0188725      17.8397
   0.0190859      18.0261
   0.0193017      16.7941
     0.01952      14.9849
   0.0197407      12.3362
   0.0199639      8.01953
   0.0201896       3.3399
   0.0204178    -0.317835
   0.0206487      -2.8848
   0.0208822     -3.96499
   0.0211183     -5.03778
    0.021357     -6.26829
   0.0215985     -8.38053
   0.0218427     -10.2703
   0.0220897     -11.1068
   0.0223394     -12.0168
    0.022592      -11.281
   0.0228475     -9.56627
   0.0231058     -6.96261
    0.023367     -3.43818
   0.0236312     0.359241
   0.0238984      4.43757
   0.0241686      8.15009
   0.0244419      11.6403
   0.0247183      13.6602
   0.0249977      13.4864
   0.0252804      12.0156
   0.0255662      9.28804
   0.0258553      5.82611
   0.0261476      1.78069
   0.0264432     -4.00572
   0.0267422     -9.17976
   0.0270446     -12.4048
   0.0273504     -12.7941
   0.0276596     -10.3644
   0.0279723     -7.23467
   0.0282886     -3.90849
   0.0286085     -1.64889
   0.0289319   -0.0385434
    0.029259      2.65327
   0.0295899      5.83373
   0.0299244      8.29823
   0.0302628      9.69755
   0.0306049      8.88667
    0.030951       6.4052
   0.0313009      2.13835
   0.0316548     -2.42236
   0.0320127     -5.98701
   0.0323747     -7.61305
   0.0327407     -7.45383
   0.0331109     -5.07231
   0.0334853     -1.42721
   0.0338639   0.00756721
   0.0342467      1.93592
    0.034634      2.46162
   0.0350256      1.85911
   0.0354216      3.05719
   0.0358221      3.96843
   0.0362271      2.78969
   0.0366367    -0.552205
   0.0370509     -3.51299
   0.0374698     -4.74591
   0.0378935     -2.95926
   0.0383219      1.15916
   0.0387552      4.65242
   0.0391934      4.44052
   0.0396366      1.05798
   0.0400847     -1.94818
   0.0405379     -3.34137
   0.0409963     -3.23221
   0.0414598     -2.52061
   0.0419286     -2.07793
   0.0424026    -0.516348
   0.0428821      3.42063
   0.0433669      6.62864
   0.0438572      5.48576
   0.0443531       1.0938
   0.0448546     -2.98967
   0.0453617     -5.05418
   0.0458746     -4.25883
   0.0463933     -2.12088
   0.0469178   0.00334077
   0.0474483      1.65354
   0.0479848      2.39668
   0.0485273      3.34799
    0.049076      0.55313
   0.0496309     -1.12643
   0.0501921    -0.715152
   0.0507596     0.596307
   0.0513335     0.569102
   0.0519139    -0.113476
   0.0525008     -2.14773
   0.0530944     -2.68274
   0.0536948     -1.52177
   0.0543019     0.661706
   0.0549158      2.48463
   0.0555367      3.82734
   0.0561647      2.88368
   0.0567997     0.547388
   0.0574419     -3.25761
   0.0580914     -5.38878
   0.0587482      -3.5235
   0.0594124    0.0682867
   0.0600842      5.47207
   0.0607635      3.76688
   0.0614505     0.558203
   0.0621453     0.126668
    0.062848     -1.25992
   0.0635586     -3.80163
   0.0642772     -2.25605
   0.0650039    -0.679595
   0.0657389      2.59231
   0.0664822      3.40083
   0.0672339      1.23863
    0.067994    0.0405724
   0.0687628      -1.3768
   0.0695403     -2.41318
   0.0703266     -2.93186
   0.0711217     0.103986
   0.0719258      2.86011
   0.0727391      3.24721
   0.0735615      2.20298
   0.0743932     -2.17899
   0.0752344     -4.72415
    0.076085     -2.60123
   0.0769453      1.84695
   0.0778152      4.90396
   0.0786951      2.56386
   0.0795848     -2.42289
   0.0804847     -3.72704
   0.0813947     -1.78321
   0.0823149      2.19856
   0.0832456      2.61308
   0.0841869     0.430903
   0.0851387     -1.15389
   0.0861014    -0.892176
   0.0870749     -1.01312
   0.0880594    0.0728022
    0.089055      1.75912
   0.0900619     0.454134
   0.0910802    -0.923405
     0.09211  -0.00642526
   0.0931515    -0.614251
   0.0942047    0.0194858
   0.0952698     0.135168
    0.096347     0.701399
   0.0974363     0.898076
    0.098538     -1.11147
   0.0996521     -1.75518
    0.100779     0.958049
    0.101918      1.84748
    0.103071      -0.2081
    0.104236     -1.28455
    0.105415     -1.01703
    0.106606      0.94236
    0.107812      1.86968
    0.109031     -1.19469
    0.110264     -1.18987
     0.11151     0.375135
    0.112771      1.07547
    0.114046    -0.209369
    0.115336    -0.559759
     0.11664    0.0217046
    0.117958     0.329692
    0.119292     -0.78019
    0.120641       1.5693
    0.122005    -0.752058
    0.123384     -1.42001
    0.124779       1.7453
     0.12619    0.0359012
    0.127617    -0.671484
     0.12906    -0.523082
    0.130519     0.781018
    0.131995     0.705342
    0.133487     -1.52322
    0.134996     0.485665
    0.136523     0.639116
    0.138066    -0.351936
    0.139627     -0.50737
    0.141206     0.544822
    0.142803     0.270882
    0.144417     -1.10002
     0.14605      1.40749
    0.147702     -1.11493
    0.149372     0.359435
     0.15106     0.434846
    0.152768     -0.69679
    0.154496     0.296289
    0.156242     0.235479
    0.158009    -0.322801
    0.159796    0.0220077
    0.161602     0.138435
    0.163429     0.109016
    0.165277    -0.444435
    0.167146     0.399039
    0.169036    0.0572385
    0.170947    -0.482186
     0.17288     0.450965
    0.174835    0.0244079
    0.176811    -0.560289
     0.17881     0.803107
    0.180832    -0.728675
    0.182877      0.59135
    0.184944    -0.642535
    0.187035     0.906029
     0.18915     -1.18051
    0.191289      1.21815
    0.193452    -0.909137
    0.195639     0.342408
    0.197851     0.268252
    0.200088    -0.714698
     0.20235     0.892348
    0.204638    -0.822557
    0.206952     0.610898
    0.209292     -0.38146
    0.211658     0.224539
    0.214051    -0.175181
    0.216471     0.219894
    0.218919    -0.318201
    0.221394     0.425272
    0.223897    -0.507234
    0.226429     0.547026
    0.228989     -0.54293
    0.231578     0.503363
    0.234196    -0.441118
    0.236844     0.368899
    0.239522    -0.296774
     0.24223     0.231309
    0.244969    -0.175828
    0.247739     0.131195
     0.25054   -0.0967184
    0.253373    0.0709167
    0.256238   -0.0520609
    0.259135    0.0385068
    0.262065   -0.0288536
    0.265028    0.0219926
    0.268024   -0.0170911
    0.271055    0.0135481
    0.274119   -0.0109424
    0.277219   0.00898525
    0.280353  -0.00748168
    0.283523   0.00630072
    0.286729  -0.00535438
     0.28997   0.00458302
    0.293249  -0.00394553
    0.296565    0.0034129
    0.299918   -0.0029641
    0.303309   0.00258345
    0.306738  -0.00225893
    0.310206   0.00198109
    0.313714  -0.00174235
    0.317261   0.00153657
    0.320848  -0.00135867
    0.324475   0.00120447
    0.328144  -0.00107044
    0.331854  0.000953645
    0.335606 -0.000851611
    0.339401  0.000762252
    0.343238 -0.000683793
    0.347119  0.000614745
    0.351044 -0.000553825
    0.355013  0.000499959
    0.359027 -0.000452211
    0.363086  0.000409802
    0.367192 -0.000372041
    0.371343  0.000338359
    0.375542 -0.000308241
    0.379788  0.000281268
    0.384082 -0.000257053
    0.388425  0.000235285
    0.392816 -0.000215668
    0.397258  0.000197972
    0.401749 -0.000181967
    0.406292  0.000167482
    0.410886 -0.000154338
    0.415531  0.000142406
    0.420229 -0.000131544
    0.424981  0.000121656
    0.429786 -0.000112628
    0.434645  0.000104387
     0.43956 -9.68415e-05
     0.44453  8.99381e-05
    0.449556 -8.35998e-05
    0.454639  7.77882e-05
    0.459779 -7.24381e-05
    0.464977  6.75231e-05
    0.470235 -6.29867e-05
    0.475551   5.8812e-05
    0.480928 -5.49491e-05
    0.486366  5.13887e-05
    0.491865 -4.80859e-05
    0.497426  4.50381e-05
     0.50305 -4.22032e-05
    0.508738  3.95848e-05
     0.51449 -3.71428e-05
    0.520307  3.48856e-05
     0.52619 -3.27747e-05
     0.53214  3.08228e-05
    0.538156 -2.89922e-05
    0.544241  2.72992e-05
    0.550394 -2.57066e-05
    0.556617  2.42339e-05
    0.562911 -2.28444e-05
    0.569275  2.15599e-05
    0.575712 -2.03441e-05
    0.582221  1.92208e-05
    0.588804 -1.81543e-05
    0.595462  1.71694e-05
    0.602194 -1.62315e-05
    0.609003   1.5366e-05
    0.615889 -1.45392e-05
    0.622852  1.37769e-05
    0.629894 -1.30463e-05
    0.637016  1.23735e-05
    0.644219 -1.17264e-05
    0.651503  1.11315e-05
    0.658869  -1.0557e-05
    0.666318    1.003e-05
    0.673852   -9.519e-06
    0.681471  9.05112e-06
    0.689176 -8.59586e-06
    0.696968  8.17967e-06
    0.704849  -7.7733e-06
    0.712818  7.40247e-06
    0.720878 -7.03909e-06
    0.729028  6.70807e-06
    0.737271  -6.3827e-06
    0.745607  6.08657e-06
    0.754037 -5.79494e-06
    0.762563  5.52947e-06
    0.771185 -5.26775e-06
    0.779904  5.02935e-06
    0.788722 -4.79416e-06
     0.79764  4.57974e-06
    0.806658 -4.36814e-06
    0.815779  4.17485e-06
    0.825003 -3.98446e-06
     0.83433  3.80974e-06
    0.843764 -3.63842e-06
    0.853304  3.48005e-06
    0.862952 -3.32595e-06
    0.872709  3.18195e-06
    0.882576 -3.04338e-06
    0.892555  2.91216e-06
    0.902647 -2.78756e-06
    0.912852  2.66758e-06
    0.923174 -2.55583e-06
    0.933612  2.44552e-06
    0.944167 -2.34562e-06
    0.954843  2.24385e-06
    0.965639 -2.15455e-06
    0.976557  2.06059e-06
    0.987598 -1.98068e-06
    0.998764  1.89383e-06
     1.01006  -1.8224e-06
     1.02148  1.74191e-06
     1.03303 -1.67809e-06
     1.04471  1.60341e-06
     1.05652 -1.54643e-06
     1.06846  1.47699e-06
     1.08054 -1.42617e-06
     1.09276  1.36155e-06
     1.10512  -1.3162e-06
     1.11761    1.256e-06
     1.13025  -1.2156e-06
     1.14303   1.1594e-06
     1.15595  -1.1235e-06
     1.16902  1.07085e-06
     1.18224 -1.03918e-06
     1.19561  9.89613e-07
     1.20912 -9.61947e-07
      1.2228   9.1492e-07
     1.23662 -8.91177e-07
      1.2506  8.46291e-07
     1.26474 -8.26162e-07
     1.27904  7.83327e-07
      1.2935  -7.6621e-07
     1.30813  7.25604e-07
     1.32292 -7.10954e-07
     1.33788  6.72578e-07
       1.353 -6.59933e-07
      1.3683  6.23899e-07
     1.38377 -6.12836e-07
     1.39942  5.79133e-07
     1.41524 -5.69339e-07
     1.43124  5.37908e-07
     1.44742 -5.29161e-07
     1.46379  4.99895e-07
     1.48034 -4.92049e-07
     1.49708    4.649e-07
       1.514 -4.57613e-07
     1.53112  4.32698e-07
     1.54843 -4.25718e-07
     1.56594  4.03003e-07
     1.58365 -3.96134e-07
     1.60155  3.75577e-07
     1.61966 -3.68792e-07
     1.63797  3.50093e-07
     1.65649 -3.43654e-07
     1.67522   3.2634e-07
     1.69416 -3.20476e-07
     1.71332  3.04199e-07
     1.73269 -2.99177e-07
     1.75228  2.83423e-07
     1.77209 -2.79705e-07
     1.79213  2.63917e-07
     1.81239 -2.61852e-07
     1.83288  2.45649e-07
     1.85361 -2.45328e-07
     1.87457  2.28691e-07
     1.89576 -2.30022e-07
     1.91719  2.12962e-07
     1.93887 -2.15666e-07
     1.96079  1.98486e-07
     1.98296 -2.02177e-07
     2.00538  1.85178e-07
     2.02806 -1.89536e-07
     2.05099  1.72888e-07
     2.07418 -1.77629e-07
     2.09763  1.61623e-07
     2.12135 -1.66366e-07
     2.14533  1.51419e-07
     2.16959 -1.55479e-07
     2.19412   1.4229e-07
     2.21893 -1.45014e-07
     2.24401  1.34097e-07
     2.26939    -1.35e-07
     2.29505  1.26588e-07
     2.32099 -1.25663e-07
     2.34724  1.19549e-07
     2.37378 -1.16936e-07
     2.40061  1.13048e-07
     2.42776 -1.08687e-07
     2.45521  1.07181e-07
     2.48297 -1.00645e-07
     2.51104  1.02126e-07
     2.53943 -9.27859e-08
     2.56814  9.76768e-08
     2.59718 -8.51411e-08
     2.62655  9.38071e-08
     2.65624 -7.78852e-08
     2.68628  9.01127e-08
     2.71665 -7.12602e-08
     2.74736  8.64443e-08
     2.77843  -6.5266e-08
     2.80984  8.28558e-08
     2.84161 -5.98852e-08
     2.87374  7.92348e-08
     2.90623 -5.50934e-08
     2.93909  7.55515e-08
     2.97232 -5.09564e-08
     3.00593  7.16848e-08
     3.03992 -4.75991e-08
     3.07429  6.76194e-08
     3.10905 -4.47054e-08
      3.1442  6.36551e-08
     3.17975 -4.20986e-08
      3.2157  5.97485e-08
     3.25206 -4.00837e-08
     3.28883  5.55787e-08
     3.32601 -3.85151e-08
     3.36362  5.15817e-08
     3.40165  -3.7164e-08
     3.44011  4.75713e-08
     3.47901 -3.60572e-08
     3.51834  4.38322e-08
     3.55812 -3.49485e-08
     3.59835  4.02948e-08
     3.63904 -3.40563e-08
     3.68018  3.67515e-08
     3.72179 -3.34961e-08
     3.76387  3.32027e-08
     3.80643  -3.3097e-08
     3.84947  2.97131e-08
     3.89299 -3.29985e-08
     3.93701    2.599e-08
     3.98152  -3.3507e-08
     4.02654  2.18681e-08
     4.07206 -3.44571e-08
     4.11811  1.77391e-08
     4.16467 -3.54718e-08
     4.21175  1.37488e-08
     4.25938 -3.66188e-08
     4.30753  9.77426e-09
     4.35624 -3.77602e-08
     4.40549  6.04885e-09
      4.4553 -3.88767e-08
     4.50568  2.34784e-09
     4.55662 -4.02721e-08
     4.60814 -1.43802e-09
     4.66024 -4.19153e-08
     4.71293 -5.39472e-09
     4.76622 -4.38225e-08
     4.82011 -9.46556e-09
     4.87461  -4.6072e-08
     4.92972 -1.38128e-08
     4.98546 -4.83393e-08
     5.04183 -1.75583e-08
     5.09883 -4.98847e-08
     5.15648 -2.03957e-08
     5.21479 -5.04985e-08
     5.27375 -2.21771e-08
     5.33338 -5.04399e-08
     5.39368 -2.34841e-08
     5.45466 -4.99294e-08
     5.51633 -2.42514e-08
     5.57871 -4.93354e-08
     5.64178 -2.51379e-08
     5.70557  -4.9109e-08
     5.77008 -2.63699e-08
     5.83532  -4.9187e-08
      5.9013 -2.78873e-08
     5.96802 -4.97407e-08
      6.0355 -2.95065e-08
     6.10374  -5.0037e-08
     6.17275 -3.10173e-08
     6.24254 -5.06515e-08
     6.31312 -3.26332e-08
      6.3845 -5.11999e-08
     6.45669 -3.42033e-08
     6.52969 -5.20199e-08
     6.60352 -3.61963e-08
     6.67818 -5.33463e-08
     6.75369 -3.84075e-08
     6.83005 -5.46863e-08
     6.90728 -4.06812e-08
     6.98537 -5.62068e-08
     7.06435 -4.25871e-08
     7.14423 -5.66991e-08
       7.225 -4.34922e-08
     7.30669 -5.70067e-08
     7.38931 -4.45766e-08
     7.47285 -5.74382e-08
     7.55735 -4.55743e-08
     7.64279 -5.76263e-08
     7.72921 -4.65785e-08
      7.8166  -5.8394e-08
     7.90498 -4.81404e-08
     7.99435 -5.95599e-08
     8.08474 -4.97083e-08
     8.17615 -6.00529e-08
      8.2686 -5.02785e-08
     8.36209 -6.00679e-08
     8.45663 -5.10397e-08
     8.55225 -6.07962e-08
     8.64894 -5.25928e-08
     8.74673 -6.16957e-08
     8.84563 -5.35651e-08
     8.94564 -6.22864e-08
     9.04679 -5.50477e-08
     9.14907 -6.40853e-08
     9.25252 -5.77443e-08
     9.35713 -6.64372e-08
     9.46293 -6.04126e-08
     9.56992 -6.84899e-08
     9.67812 -6.27108e-08
     9.78755  -7.0727e-08
     9.89821 -6.54002e-08
     10.0101 -7.28373e-08
     10.1233 -6.74455e-08
     10.2378 -7.40579e-08
     10.3535 -6.84496e-08
     10.4706 -7.44768e-08
      10.589 -6.87713e-08
     10.7087   -7.429e-08
     10.8298 -6.90104e-08
     10.9522 -7.42985e-08
     11.0761 -6.89049e-08
     11.2013 -7.34975e-08
     11.3279 -6.82096e-08
      11.456 -7.24161e-08
     11.5855 -6.73562e-08
     11.7165 -7.17844e-08
      11.849 -6.75145e-08
      11.983  -7.2439e-08
     12.1185 -6.88537e-08
     12.2555 -7.33542e-08
      12.394 -6.95921e-08
     12.5342 -7.32051e-08
     12.6759 -6.89549e-08
     12.8192 -7.24006e-08
     12.9642  -6.8378e-08
     13.1107  -7.1534e-08
      13.259 -6.80274e-08
     13.4089 -7.16109e-08
     13.5605 -6.86545e-08
     13.7138 -7.21376e-08
     13.8689 -6.89392e-08
     14.0257 -7.15581e-08
     14.1843 -6.76324e-08
     14.3446 -6.91364e-08
     14.5068 -6.43726e-08
     14.6709 -6.46206e-08
     14.8367 -5.89065e-08
     15.0045 -5.82287e-08
     15.1741 -5.19897e-08
     15.3457 -5.03973e-08
     15.5192 -4.33018e-08
     15.6947 -4.04407e-08
     15.8721 -3.20347e-08
     16.0516 -2.78901e-08
     16.2331  -1.8794e-08
     16.4166 -1.37171e-08
     16.6022 -4.73399e-09
     16.7899 -1.14912e-09
     16.9798  5.65918e-09
     17.1718  7.33587e-09
     17.3659  1.20304e-08
     17.5623  1.27012e-08
     17.7608  1.69957e-08
     17.9616  1.78486e-08
     18.1647  2.27497e-08
     18.3701   2.3603e-08
     18.5778  2.75534e-08
     18.7879  2.80074e-08
     19.0003  3.17582e-08
     19.2151  3.21813e-08
     19.4324  3.52086e-08
     19.6521   3.4213e-08
     19.8743  3.50322e-08
      20.099  3.22391e-08
     20.3262  3.19508e-08
      20.556  2.85592e-08
     20.7885  2.79419e-08
     21.0235  2.43991e-08
     21.2612  2.28739e-08
     21.5016   1.8716e-08
     21.7447  1.72174e-08
     21.9906  1.32085e-08
     22.2392  1.14211e-08
     22.4907  6.62041e-09
     22.7449   3.2363e-09
     23.0021 -2.65095e-09
     23.2622 -6.24416e-09
     23.5252 -1.25497e-08
     23.7912 -1.77434e-08
     24.0602 -2.52381e-08
     24.3322 -3.08829e-08
     24.6073 -3.89919e-08
     24.8856 -4.49488e-08
     25.1669 -5.23629e-08
     25.4515 -5.77715e-08
     25.7393 -6.50534e-08
     26.0303 -7.02954e-08
     26.3246  -7.6541e-08
     26.6222 -7.97236e-08
     26.9232 -8.32046e-08
     27.2276 -8.42062e-08
     27.5355 -8.60103e-08
     27.8468 -8.49405e-08
     28.1617 -8.40212e-08
     28.4801 -7.99625e-08
     28.8021 -7.55597e-08
     29.1277 -6.90188e-08
     29.4571    -6.35e-08
     29.7901 -5.72886e-08
      30.127 -5.35539e-08
     30.4676 -4.92665e-08
     30.8121 -4.58489e-08
     31.1604 -4.11915e-08
     31.5128 -3.83493e-08
     31.8691 -3.54425e-08
     32.2294 -3.46847e-08
     32.5938 -3.26137e-08
     32.9623 -3.17075e-08
      33.335 -2.94907e-08
     33.7119  -2.8553e-08
     34.0931 -2.62306e-08
     34.4786 -2.47848e-08
     34.8684 -2.22469e-08
     35.2626 -2.03801e-08
     35.6613 -1.76479e-08
     36.0645 -1.54496e-08
     36.4723  -1.0918e-08
     36.8847 -5.83542e-09
     37.3017  1.57659e-09
     37.7235  8.78934e-09
       38.15  1.71859e-08
     38.5813  2.57315e-08
     39.0175  3.55792e-08
     39.4587  4.45184e-08
     39.9048   5.4104e-08
      40.356  6.18839e-08
     40.8123  6.85723e-08
     41.2738  7.33032e-08
     41.7404  7.95578e-08
     42.2124  8.61259e-08
     42.6896   9.3346e-08
     43.1723  9.87938e-08
     43.6604  1.04065e-07
     44.1541  1.08312e-07
     44.6533  1.13797e-07
     45.1582  1.19146e-07
     45.6688  1.24465e-07
     46.1851  1.28339e-07
     46.7073  1.33523e-07
     47.2354  1.38372e-07
     47.7695  1.44396e-07
     48.3096  1.50389e-07
     48.8558  1.57527e-07
     49.4082  1.65831e-07
     49.9668  1.76477e-07
     50.5318  1.88278e-07
     51.1031  2.00864e-07
     51.6809   2.1177e-07
     52.2653   2.2174e-07
     52.8562   2.2958e-07
     53.4538   2.3619e-07
     54.0582  2.40737e-07
     54.6694  2.43206e-07
     55.2875  2.44519e-07
     55.9126  2.46014e-07
     56.5448  2.45601e-07
     57.1841  2.44753e-07
     57.8307  2.43223e-07
     58.4846   2.4234e-07
     59.1458  2.41044e-07
     59.8146  2.39717e-07
     60.4908  2.35893e-07
     61.1748  2.31371e-07
     61.8665  2.25861e-07
      62.566  2.19294e-07
     63.2734   2.1003e-07
     63.9888  1.99186e-07
     64.7123  1.87529e-07
     65.4439  1.73151e-07
     66.1839  1.56812e-07
     66.9322   1.4039e-07
      67.689  1.23241e-07
     68.4543  1.07397e-07
     69.2283  9.24933e-08
      70.011  7.87682e-08
     70.8026  6.68403e-08
     71.6031  5.60688e-08
     72.4127  4.66264e-08
     73.2314  3.84127e-08
     74.0594  3.02441e-08
     74.8968  2.41432e-08
     75.7436  1.84774e-08
        76.6  1.29442e-08
     77.4661  5.83654e-09
     78.3419 -2.54494e-09
     79.2277 -1.28489e-08
     80.1235 -2.48065e-08
     81.0294 -3.96365e-08
     81.9456 -5.48846e-08
     82.8721 -6.95643e-08
     83.8091    -8.23e-08
     84.7567 -9.40643e-08
      85.715 -1.05888e-07
     86.6841  -1.1589e-07
     87.6642 -1.25808e-07
     88.6554 -1.36742e-07
     89.6578 -1.46105e-07
     90.6715 -1.51435e-07
     91.6967 -1.52885e-07
     92.7335 -1.52034e-07
      93.782 -1.48439e-07
     94.8423 -1.42906e-07
     95.9147 -1.33552e-07
     96.9991  -1.2226e-07
     98.0958 -1.09877e-07
      99.205 -9.63486e-08
