 0.000992139      -1160.1
  0.00100336     -1185.07
   0.0010147     -1209.39
  0.00102617     -1235.29
  0.00103778     -1260.59
  0.00104951     -1287.42
  0.00106138     -1313.73
  0.00107338     -1341.54
  0.00108551     -1368.87
  0.00109779     -1397.69
   0.0011102     -1426.06
  0.00112275     -1455.92
  0.00113544     -1485.36
  0.00114828     -1516.27
  0.00116127     -1546.81
   0.0011744     -1578.81
  0.00118767     -1610.47
   0.0012011     -1643.57
  0.00121468     -1676.38
  0.00122842     -1710.61
  0.00124231     -1744.59
  0.00125635     -1779.97
  0.00127056     -1815.13
  0.00128492     -1851.67
  0.00129945     -1888.05
  0.00131414     -1925.78
    0.001329     -1963.37
  0.00134403     -2002.31
  0.00135922     -2041.13
  0.00137459     -2081.28
  0.00139013     -2121.35
  0.00140585     -2162.73
  0.00142175     -2204.04
  0.00143782     -2246.66
  0.00145408     -2289.22
  0.00147052     -2333.07
  0.00148715      -2376.9
  0.00150396     -2421.98
  0.00152096     -2467.06
  0.00153816     -2513.37
  0.00155555     -2559.68
  0.00157314     -2607.21
  0.00159093     -2654.75
  0.00160892     -2703.48
  0.00162711     -2752.22
   0.0016455     -2802.12
  0.00166411     -2852.04
  0.00168292     -2903.08
  0.00170195     -2954.14
   0.0017212     -3006.29
  0.00174066     -3058.44
  0.00176034     -3111.65
  0.00178024     -3164.85
  0.00180037     -3219.05
  0.00182072     -3273.23
  0.00184131     -3328.37
  0.00186213     -3383.46
  0.00188318     -3439.45
  0.00190448     -3495.36
  0.00192601     -3552.12
  0.00194779     -3608.76
  0.00196981     -3666.18
  0.00199208     -3723.43
   0.0020146     -3781.39
  0.00203738     -3839.14
  0.00206042     -3897.52
  0.00208371     -3955.62
  0.00210727     -4014.26
   0.0021311     -4072.56
  0.00215519      -4131.3
  0.00217956     -4189.62
  0.00220421     -4248.28
  0.00222913     -4306.43
  0.00225433     -4364.81
  0.00227982     -4422.59
   0.0023056     -4480.46
  0.00233166     -4537.63
  0.00235803     -4594.76
  0.00238469     -4651.06
  0.00241165     -4707.19
  0.00243892     -4762.35
  0.00246649     -4817.18
  0.00249438     -4870.91
  0.00252258     -4924.14
  0.00255111     -4976.12
  0.00257995     -5027.42
  0.00260912     -5077.29
  0.00263862      -5126.3
  0.00266845     -5173.71
  0.00269863     -5220.05
  0.00272914     -5264.59
  0.00275999     -5307.86
   0.0027912     -5349.13
  0.00282276     -5388.89
  0.00285468     -5426.44
  0.00288695     -5462.25
  0.00291959     -5495.62
   0.0029526        -5527
  0.00298599      -5555.7
  0.00301975     -5582.17
  0.00305389      -5605.7
  0.00308842     -5626.73
  0.00312334     -5644.57
  0.00315865     -5659.63
  0.00319437     -5671.25
  0.00323048     -5679.81
  0.00326701     -5684.65
  0.00330395     -5686.16
   0.0033413     -5683.68
  0.00337908     -5677.57
  0.00341729     -5667.21
  0.00345593     -5652.94
    0.003495     -5634.15
  0.00353452     -5611.17
  0.00357448     -5583.41
   0.0036149      -5551.2
  0.00365577     -5513.95
   0.0036971     -5471.99
   0.0037389     -5424.76
  0.00378118     -5372.58
  0.00382393     -5314.92
  0.00386716     -5252.09
  0.00391089     -5183.58
  0.00395511     -5109.74
  0.00399983     -5030.05
  0.00404505     -4944.87
  0.00409079     -4853.73
  0.00413704        -4757
  0.00418381     -4654.23
  0.00423112      -4545.8
  0.00427896     -4431.33
  0.00432734      -4311.2
  0.00437626     -4185.06
  0.00442575     -4053.34
  0.00447578     -3915.71
  0.00452639     -3772.65
  0.00457757     -3623.87
  0.00462932     -3469.87
  0.00468167     -3310.44
   0.0047346     -3146.11
  0.00478813     -2976.71
  0.00484227     -2802.82
  0.00489702     -2624.33
  0.00495239     -2441.88
  0.00500838      -2255.4
  0.00506501     -2065.58
  0.00512228     -1872.44
  0.00518019      -1676.7
  0.00523876     -1478.43
  0.00529799     -1278.43
   0.0053579     -1076.84
  0.00541847     -874.478
  0.00547974      -671.57
   0.0055417      -468.99
  0.00560435     -267.016
  0.00566772     -66.5701
   0.0057318      132.013
  0.00579661      327.767
  0.00586215      520.308
  0.00592843      708.637
  0.00599546      892.328
  0.00606325      1070.36
   0.0061318      1242.27
  0.00620113      1407.03
  0.00627124      1564.17
  0.00634215      1712.66
  0.00641386      1852.02
  0.00648637      1981.26
  0.00655971      2099.93
  0.00663388      2207.07
  0.00670889      2302.27
  0.00678474      2384.63
  0.00686145      2453.84
  0.00693903      2509.09
  0.00701749      2550.15
  0.00709683      2576.34
  0.00717707      2587.56
  0.00725822      2583.27
  0.00734029      2563.54
  0.00742328         2528
  0.00750721      2476.91
  0.00759209      2410.11
  0.00767793      2328.06
  0.00776474      2230.84
  0.00785253      2119.13
  0.00794132      1993.28
  0.00803111      1854.21
  0.00812191      1702.52
  0.00821374      1539.41
  0.00830661      1365.75
  0.00840053      1182.97
  0.00849551      992.221
  0.00859157      795.183
  0.00868871      593.228
  0.00878695      388.266
   0.0088863       181.87
  0.00898677     -23.8734
  0.00908838     -227.239
  0.00919114     -426.027
  0.00929506     -618.426
  0.00940015     -802.198
  0.00950643     -975.533
  0.00961392     -1136.25
  0.00972262     -1282.63
  0.00983255     -1412.66
  0.00994372     -1524.83
   0.0100561     -1617.42
   0.0101698     -1689.24
   0.0102848     -1738.95
   0.0104011     -1765.83
   0.0105187     -1769.06
   0.0106377     -1748.48
   0.0107579     -1703.88
   0.0108796     -1635.75
   0.0110026     -1544.59
    0.011127     -1431.62
   0.0112528     -1298.06
     0.01138     -1145.89
   0.0115087      -977.06
   0.0116388     -794.264
   0.0117704     -600.148
   0.0119035     -398.017
   0.0120381     -191.075
   0.0121742      16.9073
   0.0123118      222.359
    0.012451      421.272
   0.0125918      609.968
   0.0127342      784.487
   0.0128782      941.356
   0.0130238         1077
    0.013171      1188.49
   0.0133199      1272.99
   0.0134705      1328.49
   0.0136228      1353.22
   0.0137769      1346.41
   0.0139326      1307.66
   0.0140902      1237.68
   0.0142495      1137.63
   0.0144106      1009.83
   0.0145735      857.061
   0.0147383      683.197
   0.0149049      492.511
   0.0150735      290.213
   0.0152439      81.7186
   0.0154162     -126.869
   0.0155905     -329.535
   0.0157668     -519.919
   0.0159451     -692.126
   0.0161254     -840.324
   0.0163077     -959.561
   0.0164921     -1045.38
   0.0166785     -1094.59
   0.0168671     -1104.91
   0.0170578     -1075.64
   0.0172507     -1007.21
   0.0174457     -901.843
    0.017643     -762.968
   0.0178425     -595.738
   0.0180442     -406.346
   0.0182482     -202.401
   0.0184546      7.88721
   0.0186632      215.459
   0.0188742      411.334
   0.0190876       586.46
   0.0193034      732.695
   0.0195217      842.695
   0.0197424      910.877
   0.0199656      933.248
   0.0201914      908.262
   0.0204197      836.489
   0.0206506      721.262
    0.020884      568.112
   0.0211202       385.13
    0.021359      182.116
   0.0216005     -29.3603
   0.0218447     -237.081
   0.0220917     -428.359
   0.0223415     -591.339
   0.0225941     -715.274
   0.0228495      -791.83
   0.0231079     -815.252
   0.0233691     -783.448
   0.0236334     -697.818
   0.0239006     -563.888
   0.0241708     -390.627
   0.0244441     -190.497
   0.0247205      21.8144
       0.025        229.9
   0.0252826      417.358
   0.0255685      568.628
   0.0258576      670.852
   0.0261499      714.636
   0.0264456      695.574
   0.0267446      614.442
    0.027047      477.933
   0.0273528      297.874
   0.0276621      90.9038
   0.0279748     -123.381
   0.0282911     -323.714
    0.028611     -489.734
   0.0289345     -603.682
   0.0292617     -652.947
   0.0295925     -631.263
   0.0299271     -540.276
   0.0302655     -389.333
   0.0306077     -195.328
   0.0309537      19.3557
   0.0313037      228.784
   0.0316576      406.987
   0.0320156      530.808
   0.0323776      583.571
   0.0327436      557.229
   0.0331139      454.443
   0.0334883      288.374
   0.0338669      81.8934
   0.0342498     -135.663
   0.0346371     -332.028
   0.0350287     -477.235
   0.0354247     -547.971
   0.0358253     -532.171
   0.0362303     -431.182
     0.03664     -260.809
   0.0370542     -48.9977
   0.0374732      167.855
   0.0378969      351.374
   0.0383254      467.628
   0.0387587      494.193
   0.0391969      424.659
   0.0396401      271.293
   0.0400883       63.237
   0.0405416     -157.964
   0.0409999     -346.757
   0.0414635     -462.589
   0.0419323     -479.512
   0.0424064     -392.372
   0.0428859     -219.688
   0.0433708    -0.288066
   0.0438612      214.258
   0.0443571      371.895
   0.0448586      432.544
   0.0453658      379.478
   0.0458787      224.611
   0.0463975       7.5079
   0.0469221     -214.166
   0.0474526     -379.119
   0.0479891     -440.078
   0.0485317     -377.894
   0.0490804     -209.381
   0.0496354       16.079
   0.0501966      229.417
   0.0507641      363.037
   0.0513381      372.335
   0.0519185      252.324
   0.0525055      41.2517
   0.0530992     -189.537
   0.0536996     -359.281
   0.0543067     -405.945
   0.0549207      -310.74
   0.0555417     -107.382
   0.0561697      127.241
   0.0568048      301.205
    0.057447      343.207
   0.0580966      233.658
   0.0587534      15.6368
   0.0594177     -219.301
   0.0600895     -368.849
   0.0607689     -364.748
    0.061456     -206.702
   0.0621509        33.75
   0.0628536      242.579
   0.0635643      316.935
   0.0642829      216.827
   0.0650098     -10.0268
   0.0657448     -248.115
   0.0664881     -371.052
   0.0672399     -310.304
   0.0680001     -96.5341
    0.068769      151.103
   0.0695465       289.15
   0.0703329      233.062
   0.0711281      12.7792
   0.0719323     -239.018
   0.0727456      -363.89
   0.0735681     -279.032
   0.0743999     -36.4017
   0.0752411      203.139
   0.0760918      274.234
   0.0769522      122.763
   0.0778222     -147.392
   0.0787021     -340.816
    0.079592      -310.72
   0.0804919     -75.2431
    0.081402      186.284
   0.0823223      265.463
   0.0832531      93.6441
   0.0841944     -191.871
   0.0851464     -350.224
   0.0861091     -239.964
   0.0870827      49.0078
   0.0880673      260.395
    0.089063      197.792
     0.09007     -85.9433
   0.0910884     -321.515
   0.0921183     -273.706
   0.0931598      20.0936
   0.0942131      268.027
   0.0952783      211.835
   0.0963556      -94.761
   0.0974451     -320.943
   0.0985468     -207.504
   0.0996611      133.271
    0.100788       319.04
    0.101927      130.537
     0.10308      -210.79
    0.104245     -280.629
    0.105424      29.1177
    0.106616        346.2
    0.107821      266.446
    0.109041     -106.678
    0.110273     -260.554
     0.11152      48.0375
    0.112781      422.581
    0.114056      345.973
    0.115346     -64.6356
     0.11665     -174.207
    0.117969       240.29
    0.119303      599.662
    0.120652      371.604
    0.122016     -50.7861
    0.123395      92.7816
    0.124791      675.046
    0.126202      802.244
    0.127628       313.51
    0.129071      162.774
    0.130531      797.837
    0.132007      1247.96
    0.133499      800.311
    0.135009      441.582
    0.136535      1137.73
    0.138079      1844.78
     0.13964      1349.54
    0.141219      839.823
    0.142816      1778.17
     0.14443      2665.33
    0.146063      1758.78
    0.147715       1050.7
    0.149385      2367.67
    0.151074      2466.74
    0.152782     -708.206
    0.154509     -1216.38
    0.156256      5277.79
    0.158023      10746.7
     0.15981      6657.99
    0.161617     -647.928
    0.163444     -1172.18
    0.165292      1945.28
    0.167161      1757.56
    0.169051      676.582
    0.170962      1695.69
    0.172895      1746.99
     0.17485      608.602
    0.176827      946.245
    0.178826      1207.11
    0.180848       367.59
    0.182893       498.56
    0.184961      767.557
    0.187052      141.621
    0.189167      266.127
    0.191306      468.146
    0.193469     -21.3194
    0.195656      180.325
    0.197869      257.013
    0.200106     -106.899
    0.202368      174.631
    0.204656      81.0427
     0.20697     -103.446
    0.209311      174.265
    0.211677     -71.4264
     0.21407     -9.22923
    0.216491      95.9996
    0.218939     -130.188
    0.221414      94.0792
    0.223917     -55.1774
    0.226449     -34.6866
     0.22901      59.0917
    0.231599     -114.747
    0.234217      82.6632
    0.236866     -91.4236
    0.239544      27.3351
    0.242252     -20.2103
    0.244991     -39.4774
    0.247761      37.9088
    0.250563     -76.6665
    0.253396      62.0404
    0.256261     -81.3567
    0.259158      60.1604
    0.262088     -68.0766
    0.265051      46.6711
    0.268048     -49.7627
    0.271079      32.0588
    0.274144     -33.5203
    0.277244      20.3814
    0.280378     -21.6368
    0.283548      12.2797
    0.286754     -13.6342
    0.289996      7.38009
    0.293275     -8.48871
    0.296591      4.34977
    0.299945     -5.43458
    0.303336      2.63498
    0.306766     -3.40349
    0.310234       1.7243
    0.313742     -2.24016
    0.317289      1.02807
    0.320877      -1.4638
    0.324505     0.776162
    0.328174    -0.951236
    0.331884     0.491093
    0.335637    -0.721893
    0.339431     0.412674
    0.343269    -0.436286
     0.34715     0.282462
    0.351075    -0.395377
    0.355045     0.238474
    0.359059    -0.206095
    0.363119     0.172807
    0.367225    -0.203771
    0.371377     0.126364
    0.375576    -0.112374
    0.379822     0.142415
    0.384117    -0.146216
     0.38846    0.0685758
    0.392852   -0.0358605
    0.397293     0.051612
    0.401785    -0.104189
    0.406328    0.0792563
    0.410922   -0.0295382
    0.415569    0.0270295
    0.420267   -0.0540026
    0.425019    0.0587454
    0.429824   -0.0228371
    0.434684   0.00586831
    0.439599   -0.0388723
    0.444569    0.0660899
    0.449596   -0.0482974
    0.454679   0.00778516
     0.45982   0.00378837
    0.465019    0.0195446
    0.470277   -0.0421844
    0.475594    0.0360421
    0.480971  -0.00107396
    0.486409   -0.0198327
    0.491909   0.00207787
    0.497471    0.0312671
    0.503096   -0.0535117
    0.508784    0.0387824
    0.514536  -0.00712375
    0.520354   -0.0119656
    0.526237    0.0113655
    0.532187   0.00931498
    0.538205   -0.0308319
     0.54429    0.0312787
    0.550444   -0.0150458
    0.556667   -0.0080547
    0.562961    0.0226152
    0.569327   -0.0177421
    0.575764   0.00737623
    0.582274    0.0123752
    0.588857   -0.0279929
    0.595515    0.0260534
    0.602248   -0.0215005
    0.609057   0.00918261
    0.615944    0.0110114
    0.622908   -0.0215918
    0.629951    0.0274669
    0.637073   -0.0281882
    0.644277    0.0163402
    0.651561  -0.00433761
    0.658928  -0.00392795
    0.666378   0.00890456
    0.673913   -0.0135094
    0.681532    0.0223495
    0.689238   -0.0273415
    0.697031    0.0278025
    0.704912   -0.0237336
    0.712882    0.0177138
    0.720942   -0.0159364
    0.729094    0.0127735
    0.737337  -0.00863047
    0.745674   0.00738298
    0.754105  -0.00769475
    0.762631   0.00688427
    0.771254   -0.0065563
    0.779974   0.00540124
    0.788793  -0.00417431
    0.797711   0.00437293
    0.806731  -0.00210299
    0.815852   0.00323388
    0.825076  -0.00613046
    0.834405   0.00297109
    0.843839 -0.000829379
     0.85338    0.0010591
    0.863029  6.60662e-05
    0.872787  -0.00169093
    0.882655 -9.02567e-06
    0.892635   0.00231783
    0.902728  -0.00157007
    0.912934  0.000382434
    0.923256  0.000148721
    0.933695  0.000124002
    0.944252 -0.000175341
    0.954928 -0.000808221
    0.965725  0.000939871
    0.976644  -0.00103148
    0.987687   0.00192194
    0.998854 -0.000783387
     1.01015 -1.80029e-05
     1.02157 -0.000436519
     1.03312  0.000571256
      1.0448  0.000576134
     1.05661  -0.00075943
     1.06856 -0.000290313
     1.08064  1.81526e-05
     1.09286  0.000381921
     1.10522  9.14387e-05
     1.11771 -0.000152231
     1.13035  0.000459289
     1.14313 -0.000458587
     1.15606 -0.000709399
     1.16913   0.00148355
     1.18234 -0.000676266
     1.19571  -0.00102711
     1.20923  0.000740744
      1.2229  0.000517603
     1.23673 -0.000314032
     1.25071 -0.000884268
     1.26486  0.000506421
     1.27916  0.000462807
     1.29362  5.39105e-05
     1.30825 -0.000610724
     1.32304  0.000305091
       1.338 -0.000198809
     1.35313  0.000549183
     1.36842 -0.000445542
      1.3839  -0.00014022
     1.39954  0.000442678
     1.41537  4.23675e-05
     1.43137 -0.000524083
     1.44755  0.000414672
     1.46392 -3.83876e-06
     1.48047 -8.08029e-05
     1.49721 -0.000149294
     1.51414 -9.11813e-05
     1.53126  0.000624781
     1.54857 -0.000570114
     1.56608  0.000336164
     1.58379 -0.000191774
      1.6017  0.000169725
     1.61981 -0.000194185
     1.63812 -0.000254835
     1.65664  0.000344614
     1.67537  6.98611e-05
     1.69432 -0.000505839
     1.71347  0.000661193
     1.73285 -0.000407188
     1.75244  6.49188e-05
     1.77225  0.000312458
     1.79229 -0.000165217
     1.81255 -0.000359543
     1.83305  0.000541099
     1.85377 -0.000476154
     1.87473  0.000202291
     1.89593  0.000338473
     1.91737 -0.000590527
     1.93905  0.000518814
     1.96097 -0.000349083
     1.98314  0.000107647
     2.00556 -8.76661e-05
     2.02824  2.27782e-05
     2.05117  4.29377e-05
     2.07436 -8.96727e-05
     2.09782  7.11576e-05
     2.12154 -0.000122763
     2.14552  0.000373902
     2.16978 -0.000350889
     2.19431  0.000221545
     2.21912 -0.000148692
     2.24422  0.000126851
     2.26959   1.8624e-05
     2.29525 -0.000132613
      2.3212  7.06584e-05
     2.34745 -5.41727e-06
     2.37399 -7.78196e-06
     2.40083 -5.75288e-05
     2.42798 -4.03829e-06
     2.45543  6.91043e-05
     2.48319 -0.000112464
     2.51127  0.000116872
     2.53966 -7.22758e-05
     2.56837  9.61002e-05
     2.59741 -9.85823e-05
     2.62678  6.29523e-05
     2.65648  -1.7188e-05
     2.68652  2.04613e-05
     2.71689 -4.03203e-05
     2.74761  5.10503e-05
     2.77868 -7.87353e-05
     2.81009  5.66641e-05
     2.84187  1.52821e-05
       2.874  6.96652e-06
     2.90649 -2.88679e-05
     2.93935 -1.45903e-06
     2.97259  -3.5973e-05
      3.0062  2.90199e-05
     3.04019 -1.64581e-07
     3.07456 -3.22288e-05
     3.10932  3.91034e-05
     3.14448 -3.51571e-05
     3.18003  3.97835e-05
     3.21599  5.09401e-05
     3.25235  -2.9533e-05
     3.28912 -2.40886e-05
     3.32631 -4.88692e-05
     3.36392  5.53889e-05
     3.40196 -6.45219e-06
     3.44042 -1.36358e-05
     3.47932  -2.5683e-05
     3.51866  3.24706e-05
     3.55844  7.57095e-06
     3.59868  3.49092e-05
     3.63936 -7.34042e-05
     3.68051  4.95005e-05
     3.72213 -9.62225e-06
     3.76421 -4.86063e-06
     3.80677 -1.06158e-06
     3.84981 -3.72134e-06
     3.89334 -1.92031e-05
     3.93736  1.01367e-05
     3.98188  9.61032e-06
      4.0269  2.80377e-06
     4.07243  1.12069e-05
     4.11847 -5.36832e-06
     4.16504  8.01851e-06
     4.21213 -2.98728e-05
     4.25976  1.08148e-05
     4.30792 -1.72534e-05
     4.35663  4.13028e-05
     4.40589 -1.90811e-05
      4.4557 -3.19825e-06
     4.50608 -3.30389e-06
     4.55703  1.26846e-06
     4.60855  4.06622e-06
     4.66066 -1.32954e-05
     4.71336  2.81209e-05
     4.76665 -2.76005e-05
     4.82054  1.71041e-05
     4.87504 -1.32461e-05
     4.93016  2.23428e-05
     4.98591 -7.29052e-06
     5.04228 -1.16763e-05
     5.09929 -1.64202e-05
     5.15695  1.93706e-05
     5.21525 -1.22191e-05
     5.27422  2.13243e-05
     5.33385  7.53431e-06
     5.39416  -1.9754e-06
     5.45515 -1.71622e-05
     5.51683 -6.99107e-06
     5.57921 -2.30493e-06
     5.64229 -4.37205e-06
     5.70608  1.95931e-05
      5.7706  1.40676e-05
     5.83584  -1.8516e-05
     5.90183  3.87924e-06
     5.96856 -1.92296e-06
     6.03604 -1.22096e-05
     6.10429  1.10681e-05
      6.1733 -7.37948e-06
      6.2431  1.63919e-06
     6.31369  9.12791e-06
     6.38508  2.89615e-08
     6.45727   3.3408e-06
     6.53028 -1.80747e-05
     6.60411  1.37598e-05
     6.67878 -1.81878e-05
      6.7543  1.75153e-05
     6.83066 -6.51493e-06
      6.9079  1.00177e-05
       6.986 -7.18471e-06
     7.06499 -4.95126e-06
     7.14487 -9.39137e-07
     7.22565  4.92503e-06
     7.30735 -2.57788e-06
     7.38997  5.76117e-06
     7.47352 -8.29556e-06
     7.55802  7.15464e-06
     7.64348 -1.03221e-05
      7.7299  1.26227e-05
      7.8173 -5.40514e-06
     7.90569 -6.25585e-06
     7.99507 -1.91526e-06
     8.08547  1.14446e-05
     8.17689 -7.77504e-07
     8.26934 -5.63898e-06
     8.36284  -7.7269e-06
     8.45739  1.18869e-05
     8.55301 -4.70322e-06
     8.64972  2.27245e-08
     8.74752 -2.03739e-06
     8.84642  6.03228e-06
     8.94644 -9.04511e-06
      9.0476  2.83286e-06
     9.14989  1.82688e-07
     9.25335  2.52324e-06
     9.35797  -3.1777e-06
     9.46378  6.01643e-07
     9.57078 -3.18105e-06
     9.67899  1.67014e-06
     9.78843  3.45895e-07
      9.8991  1.64565e-06
      10.011 -5.77162e-06
     10.1242  2.45229e-06
     10.2387 -1.17968e-07
     10.3544  3.12335e-07
     10.4715 -2.91806e-06
     10.5899  1.58157e-06
     10.7097 -1.23044e-06
     10.8307 -1.59984e-07
     10.9532 -3.32381e-07
      11.077 -2.10992e-06
     11.2023  2.56125e-06
     11.3289 -1.92408e-06
      11.457 -1.31942e-06
     11.5866 -9.71777e-07
     11.7176  1.59779e-06
     11.8501  8.97847e-08
      11.984 -5.42553e-06
     12.1195  4.00124e-06
     12.2566 -1.71361e-06
     12.3952 -6.17227e-07
     12.5353 -1.98471e-06
      12.677  1.28585e-06
     12.8204  -1.0218e-06
     12.9653 -1.66485e-06
     13.1119  4.21711e-07
     13.2602 -1.52924e-06
     13.4101  3.45056e-07
     13.5617 -1.96604e-06
      13.715  1.72826e-07
     13.8701 -3.38352e-07
     14.0269 -2.87753e-06
     14.1855  1.81226e-06
     14.3459 -1.95015e-06
     14.5081 -1.37196e-06
     14.6722  8.82824e-08
     14.8381 -8.50873e-07
     15.0058 -1.71856e-06
     15.1755 -7.68679e-09
     15.3471 -1.48164e-06
     15.5206 -3.90116e-07
     15.6961  -1.6965e-06
     15.8735 -9.13405e-08
      16.053 -1.63195e-06
     16.2345 -6.89621e-07
     16.4181 -1.16388e-06
     16.6037 -1.17174e-06
     16.7914 -7.96813e-07
     16.9813 -1.40934e-06
     17.1733 -9.65893e-07
     17.3675 -1.15419e-06
     17.5638 -1.15629e-06
     17.7624 -1.67046e-06
     17.9632 -1.63764e-07
     18.1663 -2.72964e-06
     18.3717  -4.7336e-08
     18.5795 -1.70463e-06
     18.7895 -2.05127e-06
      19.002 -6.88214e-08
     19.2168 -2.65761e-06
     19.4341 -8.42688e-07
     19.6538 -1.34022e-06
     19.8761 -2.11183e-06
     20.1008 -9.24105e-07
     20.3281  -1.9707e-06
     20.5579 -1.62273e-06
     20.7903 -1.32307e-06
     21.0254 -2.18077e-06
     21.2631 -1.29442e-06
     21.5035 -2.06592e-06
     21.7467 -1.73942e-06
     21.9925 -1.70963e-06
     22.2412 -2.26162e-06
     22.4927 -1.47553e-06
      22.747 -2.36734e-06
     23.0042  -1.8048e-06
     23.2643  -2.2259e-06
     23.5273 -2.04944e-06
     23.7933 -2.14141e-06
     24.0623 -2.32204e-06
     24.3344 -2.16256e-06
     24.6095 -2.43145e-06
     24.8878 -2.23958e-06
     25.1692 -2.61208e-06
     25.4538 -2.32072e-06
     25.7416 -2.63286e-06
     26.0326 -2.55331e-06
     26.3269 -2.71499e-06
     26.6246 -2.64638e-06
     26.9256 -2.85601e-06
     27.2301 -2.76485e-06
      27.538 -2.97735e-06
     27.8493 -2.90979e-06
     28.1642 -3.10398e-06
     28.4826 -3.03437e-06
     28.8047 -3.26775e-06
     29.1304 -3.15697e-06
     29.4597  -3.4111e-06
     29.7928 -3.32936e-06
     30.1297 -3.53266e-06
     30.4703  -3.5018e-06
     30.8148 -3.68457e-06
     31.1632 -3.67287e-06
     31.5156 -3.85135e-06
     31.8719 -3.82251e-06
     32.2323 -4.04493e-06
     32.5967 -3.99261e-06
     32.9653 -4.22728e-06
      33.338  -4.1836e-06
     33.7149 -4.40625e-06
     34.0961 -4.39202e-06
     34.4816  -4.5884e-06
     34.8715 -4.60043e-06
     35.2658 -4.79505e-06
     35.6645 -4.82052e-06
     36.0678 -5.00435e-06
     36.4756 -5.03542e-06
      36.888 -5.24696e-06
     37.3051 -5.25315e-06
     37.7268 -5.48352e-06
     38.1534 -5.50448e-06
     38.5848 -5.72385e-06
      39.021 -5.75957e-06
     39.4622 -5.97808e-06
     39.9084 -6.02995e-06
     40.3596 -6.24287e-06
      40.816  -6.3062e-06
     41.2775 -6.52444e-06
     41.7442 -6.59968e-06
     42.2161 -6.81617e-06
     42.6935 -6.89596e-06
     43.1762 -7.12892e-06
     43.6644 -7.21145e-06
      44.158 -7.44363e-06
     44.6573 -7.55106e-06
     45.1622 -7.77195e-06
     45.6729 -7.89369e-06
     46.1893 -8.12552e-06
     46.7115 -8.25136e-06
     47.2397 -8.49429e-06
     47.7738 -8.62493e-06
     48.3139 -8.87529e-06
     48.8602 -9.01636e-06
     49.4126 -9.27553e-06
     49.9713 -9.42931e-06
     50.5363 -9.68566e-06
     51.1077 -9.85976e-06
     51.6856 -1.01228e-05
     52.2699 -1.03032e-05
     52.8609 -1.05793e-05
     53.4586 -1.07685e-05
      54.063 -1.10534e-05
     54.6743 -1.12559e-05
     55.2925 -1.15479e-05
     55.9176 -1.17648e-05
     56.5499 -1.20634e-05
     57.1893 -1.22961e-05
     57.8359 -1.26054e-05
     58.4898 -1.28461e-05
     59.1511 -1.31697e-05
     59.8199 -1.34248e-05
     60.4963 -1.37562e-05
     61.1803  -1.4028e-05
      61.872 -1.43716e-05
     62.5716 -1.46542e-05
      63.279 -1.50121e-05
     63.9945 -1.53116e-05
     64.7181   -1.568e-05
     65.4498 -1.59944e-05
     66.1898 -1.63779e-05
     66.9382 -1.67072e-05
      67.695 -1.71059e-05
     68.4604 -1.74503e-05
     69.2345 -1.78645e-05
     70.0173 -1.82261e-05
     70.8089 -1.86547e-05
     71.6095 -1.90349e-05
     72.4192 -1.94795e-05
      73.238 -1.98776e-05
     74.0661 -2.03384e-05
     74.9035 -2.07562e-05
     75.7504 -2.12347e-05
     76.6069 -2.16705e-05
      77.473 -2.21689e-05
      78.349 -2.26241e-05
     79.2348 -2.31407e-05
     80.1307 -2.36182e-05
     81.0367 -2.41532e-05
     81.9529 -2.46528e-05
     82.8795 -2.52085e-05
     83.8166 -2.57295e-05
     84.7643 -2.63071e-05
     85.7227  -2.6851e-05
     86.6919 -2.74503e-05
     87.6721 -2.80184e-05
     88.6634 -2.86402e-05
     89.6658 -2.92327e-05
     90.6797 -2.98783e-05
     91.7049 -3.04964e-05
     92.7418 -3.11661e-05
     93.7904 -3.18103e-05
     94.8508 -3.25056e-05
     95.9233 -3.31763e-05
     97.0078 -3.38979e-05
     98.1046 -3.45966e-05
     99.2139 -3.53449e-05
