 0.000992139      14.1161
  0.00100336      14.4182
   0.0010147      14.7268
  0.00102617       15.041
  0.00103778       15.362
  0.00104951      15.6888
  0.00106138      16.0226
  0.00107338      16.3624
  0.00108551      16.7093
  0.00109779      17.0625
   0.0011102       17.423
  0.00112275      17.7901
  0.00113544      18.1646
  0.00114828      18.5459
  0.00116127      18.9348
   0.0011744      19.3307
  0.00118767      19.7345
   0.0012011      20.1455
  0.00121468      20.5645
  0.00122842      20.9909
  0.00124231      21.4256
  0.00125635       21.868
  0.00127056      22.3187
  0.00128492      22.7773
  0.00129945      23.2445
  0.00131414      23.7197
    0.001329      24.2038
  0.00134403      24.6961
  0.00135922      25.1973
  0.00137459       25.707
  0.00139013      26.2258
  0.00140585      26.7532
  0.00142175      27.2899
  0.00143782      27.8353
  0.00145408      28.3902
  0.00147052      28.9539
  0.00148715      29.5273
  0.00150396      30.1096
  0.00152096      30.7016
  0.00153816      31.3028
  0.00155555      31.9138
  0.00157314      32.5339
  0.00159093      33.1639
  0.00160892      33.8032
  0.00162711      34.4524
   0.0016455      35.1109
  0.00166411      35.7793
  0.00168292       36.457
  0.00170195      37.1446
   0.0017212      37.8415
  0.00174066      38.5482
  0.00176034      39.2643
  0.00178024      39.9899
  0.00180037      40.7248
  0.00182072      41.4692
  0.00184131      42.2227
  0.00186213      42.9855
  0.00188318      43.7571
  0.00190448      44.5379
  0.00192601      45.3272
  0.00194779      46.1253
  0.00196981      46.9316
  0.00199208      47.7465
   0.0020146      48.5691
  0.00203738      49.3998
  0.00206042      50.2379
  0.00208371      51.0835
  0.00210727      51.9359
   0.0021311      52.7952
  0.00215519      53.6608
  0.00217956      54.5325
  0.00220421      55.4098
  0.00222913      56.2926
  0.00225433        57.18
  0.00227982       58.072
   0.0023056      58.9677
  0.00233166       59.867
  0.00235803      60.7691
  0.00238469      61.6736
  0.00241165      62.5797
  0.00243892      63.4871
  0.00246649      64.3947
  0.00249438      65.3022
  0.00252258      66.2086
  0.00255111      67.1134
  0.00257995      68.0154
  0.00260912      68.9143
  0.00263862      69.8087
  0.00266845      70.6981
  0.00269863      71.5813
  0.00272914      72.4574
  0.00275999      73.3254
   0.0027912      74.1842
  0.00282276      75.0326
  0.00285468      75.8696
  0.00288695      76.6938
  0.00291959      77.5043
   0.0029526      78.2995
  0.00298599      79.0783
  0.00301975      79.8391
  0.00305389      80.5807
  0.00308842      81.3016
  0.00312334      82.0003
  0.00315865      82.6753
  0.00319437       83.325
  0.00323048      83.9478
  0.00326701      84.5421
  0.00330395      85.1061
   0.0033413      85.6384
  0.00337908      86.1368
  0.00341729      86.5999
  0.00345593      87.0257
    0.003495      87.4125
  0.00353452      87.7582
  0.00357448      88.0613
   0.0036149      88.3196
  0.00365577      88.5314
   0.0036971      88.6947
   0.0037389      88.8076
  0.00378118      88.8681
  0.00382393      88.8744
  0.00386716      88.8246
  0.00391089      88.7168
  0.00395511       88.549
  0.00399983      88.3196
  0.00404505      88.0267
  0.00409079      87.6686
  0.00413704      87.2434
  0.00418381      86.7498
  0.00423112      86.1859
  0.00427896      85.5505
  0.00432734      84.8419
  0.00437626      84.0591
  0.00442575      83.2006
  0.00447578      82.2656
  0.00452639      81.2529
  0.00457757      80.1619
  0.00462932      78.9918
  0.00468167      77.7422
   0.0047346      76.4127
  0.00478813      75.0032
  0.00484227      73.5138
  0.00489702      71.9448
  0.00495239      70.2967
  0.00500838      68.5702
  0.00506501      66.7664
  0.00512228      64.8865
  0.00518019       62.932
  0.00523876      60.9049
  0.00529799      58.8071
   0.0053579      56.6412
  0.00541847      54.4099
  0.00547974      52.1164
   0.0055417      49.7639
  0.00560435      47.3564
  0.00566772      44.8978
   0.0057318      42.3927
  0.00579661      39.8458
  0.00586215      37.2623
  0.00592843      34.6477
  0.00599546       32.008
  0.00606325      29.3491
   0.0061318      26.6779
  0.00620113       24.001
  0.00627124      21.3256
  0.00634215      18.6592
  0.00641386      16.0095
  0.00648637      13.3844
  0.00655971      10.7922
  0.00663388      8.24118
  0.00670889      5.73993
  0.00678474      3.29699
  0.00686145     0.921175
  0.00693903      -1.3789
  0.00701749     -3.59441
  0.00709683     -5.71683
  0.00717707     -7.73757
  0.00725822     -9.64842
  0.00734029     -11.4412
  0.00742328     -13.1084
  0.00750721     -14.6425
  0.00759209     -16.0368
  0.00767793     -17.2849
  0.00776474     -18.3811
  0.00785253     -19.3204
  0.00794132     -20.0986
  0.00803111     -20.7121
  0.00812191     -21.1586
  0.00821374     -21.4365
  0.00830661     -21.5454
  0.00840053     -21.4857
  0.00849551     -21.2594
  0.00859157     -20.8694
  0.00868871       -20.32
  0.00878695     -19.6166
   0.0088863     -18.7661
  0.00898677     -17.7765
  0.00908838     -16.6573
  0.00919114      -15.419
  0.00929506     -14.0737
  0.00940015     -12.6343
  0.00950643     -11.1151
  0.00961392     -9.53126
  0.00972262     -7.89888
  0.00983255      -6.2348
  0.00994372      -4.5566
   0.0100561      -2.8822
   0.0101698     -1.22993
   0.0102848     0.381951
   0.0104011      1.93514
   0.0105187      3.41189
   0.0106377      4.79487
   0.0107579      6.06778
   0.0108796      7.21528
   0.0110026      8.22355
    0.011127      9.08022
   0.0112528      9.77496
     0.01138      10.2994
   0.0115087      10.6475
   0.0116388      10.8159
   0.0117704      10.8036
   0.0119035      10.6127
   0.0120381       10.248
   0.0121742      9.71718
   0.0123118      9.03106
    0.012451      8.20302
   0.0125918      7.24937
   0.0127342      6.18877
   0.0128782       5.0423
   0.0130238      3.83285
    0.013171        2.585
   0.0133199      1.32434
   0.0134705    0.0772425
   0.0136228     -1.12998
   0.0137769     -2.27134
   0.0139326     -3.32209
   0.0140902     -4.25902
   0.0142495     -5.06139
   0.0144106     -5.71124
   0.0145735     -6.19419
   0.0147383     -6.49973
   0.0149049     -6.62186
   0.0150735     -6.55919
   0.0152439     -6.31542
   0.0154162     -5.89916
   0.0155905     -5.32413
   0.0157668     -4.60871
   0.0159451     -3.77583
   0.0161254     -2.85214
   0.0163077     -1.86763
   0.0164921    -0.854474
   0.0166785      0.15365
   0.0168671      1.12292
   0.0170578      2.02027
   0.0172507      2.81485
   0.0174457      3.47897
    0.017643      3.98951
   0.0178425       4.3287
   0.0180442      4.48529
   0.0182482      4.45495
   0.0184546        4.241
   0.0186632      3.85425
   0.0188742      3.31314
   0.0190876      2.64287
   0.0193034      1.87486
   0.0195217      1.04523
   0.0197424     0.193552
   0.0199656    -0.639187
   0.0201914     -1.41228
   0.0204197     -2.08764
   0.0206506     -2.63155
    0.020884     -3.01691
   0.0211202     -3.22465
    0.021359     -3.24533
   0.0216005      -3.0798
   0.0218447     -2.73969
   0.0220917     -2.24698
   0.0223415     -1.63318
   0.0225941    -0.937529
   0.0228495    -0.205035
   0.0231079     0.516508
   0.0233691      1.17934
   0.0236334      1.73921
   0.0239006      2.15834
   0.0241708       2.4086
   0.0244441      2.47362
   0.0247205      2.35069
       0.025      2.05121
   0.0252826      1.60051
   0.0255685      1.03614
   0.0258576     0.405406
   0.0261499     -0.23841
   0.0264456    -0.840191
   0.0267446     -1.34795
    0.027047     -1.71735
   0.0273528     -1.91627
   0.0276621     -1.92799
   0.0279748     -1.75357
   0.0282911     -1.41211
    0.028611    -0.939725
   0.0289345    -0.386193
   0.0292617     0.189555
   0.0295925     0.725657
   0.0299271      1.16378
   0.0302655      1.45598
   0.0306077      1.57039
   0.0309537      1.49568
   0.0313037      1.24291
   0.0316576     0.845193
   0.0320156     0.354051
   0.0323776    -0.166349
   0.0327436    -0.647401
   0.0331139     -1.02491
   0.0334883     -1.24828
   0.0338669     -1.28785
   0.0342498     -1.14013
   0.0346371    -0.828942
   0.0350287    -0.402994
   0.0354247    0.0709613
   0.0358253     0.517813
   0.0362303     0.866094
     0.03664      1.05965
   0.0370542      1.06779
   0.0374732     0.891235
   0.0378969     0.563254
   0.0383254     0.144548
   0.0387587    -0.286776
   0.0391969    -0.649513
   0.0396401    -0.874676
   0.0400883    -0.919668
   0.0405416    -0.777527
   0.0409999    -0.479749
   0.0414635   -0.0907336
   0.0419323     0.304759
   0.0424064     0.619772
   0.0428859     0.784422
   0.0433708     0.762724
   0.0438612     0.561962
   0.0443571     0.232566
   0.0448586     -0.14306
   0.0453658    -0.469981
   0.0458787    -0.664901
   0.0463975    -0.678206
   0.0469221    -0.508581
   0.0474526    -0.204741
   0.0479891     0.146404
   0.0485317     0.443637
   0.0490804     0.600437
   0.0496354     0.571591
   0.0501966     0.368171
   0.0507641    0.0560835
   0.0513381     -0.26347
   0.0519185    -0.485779
   0.0525055    -0.537742
   0.0530992    -0.403665
   0.0536996    -0.132783
   0.0543067     0.176475
   0.0549207     0.410658
   0.0555417     0.483365
   0.0561697     0.368855
   0.0568048     0.114192
    0.057447    -0.177425
   0.0580966    -0.386724
   0.0587534    -0.427705
   0.0594177    -0.285047
   0.0600895   -0.0231706
   0.0607689     0.240115
    0.061456     0.385234
   0.0621509     0.346461
   0.0628536     0.144521
   0.0635643    -0.120593
   0.0642829    -0.316901
   0.0650098    -0.345991
   0.0657448      -0.1951
   0.0664881    0.0537792
   0.0672399     0.265052
   0.0680001     0.322855
    0.068769     0.196657
   0.0695465   -0.0384227
   0.0703329    -0.242837
   0.0711281    -0.294256
   0.0719323    -0.163297
   0.0727456    0.0655639
   0.0735681     0.244502
   0.0743999     0.257329
   0.0752411    0.0977441
   0.0760918    -0.122991
   0.0769522    -0.250378
   0.0778222    -0.195096
   0.0787021  5.74237e-05
    0.079592     0.188407
   0.0804919     0.227347
    0.081402    0.0889771
   0.0823223    -0.114916
   0.0832531    -0.218914
   0.0841944    -0.138922
   0.0851464     0.055163
   0.0861091     0.195031
   0.0870827     0.159012
   0.0880673    -0.018091
    0.089063    -0.172394
     0.09007    -0.160504
   0.0910884   0.00377945
   0.0921183     0.158543
   0.0931598      0.15064
   0.0942131  -0.00945146
   0.0952783    -0.154054
   0.0963556     -0.13119
   0.0974451    0.0319523
   0.0985468     0.154168
   0.0996611    0.0994612
    0.100788   -0.0668973
    0.101927    -0.149298
     0.10308    -0.051329
    0.104245     0.105352
    0.105424     0.126062
    0.106616   -0.0129155
    0.107821    -0.130257
    0.109041   -0.0724561
    0.110273    0.0800897
     0.11152      0.11787
    0.112781  -0.00963301
    0.114056    -0.118746
    0.115346    -0.052305
     0.11665     0.088733
    0.117969    0.0913051
    0.119303    -0.045849
    0.120652    -0.106435
    0.122016    0.0043539
    0.123395     0.103883
    0.124791    0.0284024
    0.126202   -0.0919572
    0.127628   -0.0503639
    0.129071    0.0773597
    0.130531    0.0629366
    0.132007   -0.0647017
    0.133499   -0.0683093
    0.135009    0.0561387
    0.136535    0.0687186
    0.138079   -0.0526147
     0.13964   -0.0651878
    0.141219    0.0537287
    0.142816    0.0580619
     0.14443    -0.058639
    0.146063   -0.0464747
    0.147715    0.0652029
    0.149385    0.0296246
    0.151074   -0.0704934
    0.152782  -0.00688217
    0.154509    0.0698698
    0.156256    -0.019921
    0.158023   -0.0586414
     0.15981    0.0459236
    0.161617    0.0333173
    0.163444   -0.0616982
    0.165292   0.00346913
    0.167161     0.056922
    0.169051   -0.0405065
    0.170962   -0.0262924
    0.172895    0.0578505
     0.17485   -0.0194601
    0.176827   -0.0394656
    0.178826    0.0521911
    0.180848  -0.00893419
    0.182893   -0.0413214
    0.184961    0.0484987
    0.187052  -0.00957054
    0.189167   -0.0361276
    0.191306    0.0484457
    0.193469   -0.0203575
    0.195656   -0.0221331
    0.197869    0.0458152
    0.200106   -0.0358062
    0.202368   0.00236652
    0.204656     0.030775
     0.20697   -0.0438867
    0.209311    0.0319565
    0.211677  -0.00425772
     0.21407    -0.023686
    0.216491    0.0391235
    0.218939   -0.0372225
    0.221414      0.02114
    0.223917   0.00132219
    0.226449   -0.0218749
     0.22901     0.034744
    0.231599   -0.0377945
    0.234217    0.0320672
    0.236866   -0.0204902
    0.239544   0.00650367
    0.242252   0.00694666
    0.244991   -0.0179066
    0.247761    0.0254758
    0.250563   -0.0296024
    0.253396    0.0307761
    0.256261   -0.0297365
    0.259158    0.0272552
    0.262088   -0.0240034
    0.265051    0.0204946
    0.268048   -0.0170789
    0.271079    0.0139647
    0.274144   -0.0112524
    0.277244   0.00896785
    0.280378  -0.00709141
    0.283548   0.00557896
    0.286754  -0.00437695
    0.289996   0.00343161
    0.293275  -0.00269352
    0.296591    0.0021197
    0.299945  -0.00167453
    0.303336   0.00132924
    0.306766  -0.00106094
    0.310234  0.000851939
    0.313742 -0.000688641
    0.317289  0.000560468
    0.320877  -0.00045929
    0.324505  0.000378938
    0.328174 -0.000314733
    0.331884  0.000263111
    0.335637 -0.000221332
    0.339431  0.000187319
    0.343269  -0.00015949
     0.34715  0.000136597
    0.351075 -0.000117605
    0.355045  0.000101703
    0.359059  -8.8332e-05
    0.363119  7.70634e-05
    0.367225 -6.75522e-05
    0.371377  5.94741e-05
    0.375576 -5.25251e-05
    0.379822   4.6532e-05
    0.384117 -4.13801e-05
     0.38846  3.69268e-05
    0.392852 -3.30311e-05
    0.397293  2.96046e-05
    0.401785 -2.66128e-05
    0.406328  2.40033e-05
    0.410922 -2.17007e-05
    0.415569  1.96511e-05
    0.420267 -1.78283e-05
    0.425019  1.62213e-05
    0.429824 -1.48063e-05
    0.434684  1.35311e-05
    0.439599 -1.23689e-05
    0.444569  1.13388e-05
    0.449596 -1.04223e-05
    0.454679  9.58042e-06
     0.45982 -8.81599e-06
    0.465019  8.13002e-06
    0.470277 -7.50125e-06
    0.475594  6.91267e-06
    0.480971 -6.37329e-06
    0.486409  5.90376e-06
    0.491909 -5.48909e-06
    0.497471  5.10585e-06
    0.503096 -4.75835e-06
    0.508784  4.44279e-06
    0.514536 -4.14252e-06
    0.520354  3.86035e-06
    0.526237 -3.60597e-06
    0.532187  3.37458e-06
    0.538205 -3.15168e-06
     0.54429  2.93545e-06
    0.550444 -2.74332e-06
    0.556667  2.57591e-06
    0.562961  -2.4166e-06
    0.569327  2.26892e-06
    0.575764 -2.13431e-06
    0.582274   2.0015e-06
    0.588857 -1.87558e-06
    0.595515  1.76486e-06
    0.602248 -1.66279e-06
    0.609057  1.56442e-06
    0.615944 -1.47167e-06
    0.622908  1.38655e-06
    0.629951 -1.30842e-06
    0.637073  1.23732e-06
    0.644277  -1.1714e-06
    0.651561   1.1084e-06
    0.658928 -1.05071e-06
    0.666378  9.96887e-07
    0.673913 -9.41783e-07
    0.681532  8.90856e-07
    0.689238 -8.47514e-07
    0.697031  8.06124e-07
    0.704912 -7.65263e-07
    0.712882  7.26207e-07
    0.720942  -6.8691e-07
    0.729094   6.5066e-07
    0.737337 -6.19942e-07
    0.745674  5.90463e-07
    0.754105 -5.60739e-07
    0.762631  5.33864e-07
    0.771254 -5.08132e-07
    0.779974  4.82055e-07
    0.788793 -4.57989e-07
    0.797711  4.37131e-07
    0.806731 -4.16673e-07
    0.815852  3.95365e-07
    0.825076 -3.73593e-07
    0.834405  3.53394e-07
    0.843839 -3.36657e-07
     0.85338   3.2314e-07
    0.863029 -3.09863e-07
    0.872787  2.96274e-07
    0.882655 -2.83295e-07
    0.892635  2.71581e-07
    0.902728 -2.60297e-07
    0.912934  2.49468e-07
    0.923256 -2.38629e-07
    0.933695  2.28235e-07
    0.944252 -2.18546e-07
    0.954928  2.09888e-07
    0.965725 -2.00886e-07
    0.976644  1.91337e-07
    0.987687 -1.82018e-07
    0.998854  1.74131e-07
     1.01015 -1.66475e-07
     1.02157  1.58864e-07
     1.03312 -1.51695e-07
      1.0448  1.45855e-07
     1.05661 -1.40467e-07
     1.06856   1.3552e-07
     1.08064 -1.30503e-07
     1.09286  1.25595e-07
     1.10522 -1.20191e-07
     1.11771  1.15034e-07
     1.13035 -1.10129e-07
     1.14313  1.05965e-07
     1.15606 -1.01667e-07
     1.16913   9.7513e-08
     1.18234 -9.32874e-08
     1.19571  8.98753e-08
     1.20923 -8.66349e-08
      1.2229  8.36588e-08
     1.23673 -8.03459e-08
     1.25071  7.75486e-08
     1.26486 -7.47292e-08
     1.27916  7.22539e-08
     1.29362 -6.94515e-08
     1.30825  6.69682e-08
     1.32304 -6.41125e-08
       1.338  6.14748e-08
     1.35313 -5.86294e-08
     1.36842  5.65616e-08
      1.3839 -5.45246e-08
     1.39954   5.2871e-08
     1.41537 -5.07695e-08
     1.43137   4.9098e-08
     1.44755 -4.71397e-08
     1.46392  4.55523e-08
     1.48047 -4.35818e-08
     1.49721  4.21966e-08
     1.51414 -4.06189e-08
     1.53126  3.94967e-08
     1.54857 -3.78002e-08
     1.56608  3.64735e-08
     1.58379 -3.48159e-08
      1.6017   3.3828e-08
     1.61981 -3.24996e-08
     1.63812  3.16585e-08
     1.65664  -3.0278e-08
     1.67537  2.94377e-08
     1.69432 -2.81802e-08
     1.71347  2.75333e-08
     1.73285 -2.63746e-08
     1.75244  2.57633e-08
     1.77225 -2.45788e-08
     1.79229  2.39887e-08
     1.81255 -2.28363e-08
     1.83305  2.23331e-08
     1.85377 -2.12566e-08
     1.87473  2.08624e-08
     1.89593 -1.98654e-08
     1.91737  1.95624e-08
     1.93905 -1.85897e-08
     1.96097    1.831e-08
     1.98314 -1.73224e-08
     2.00556  1.70663e-08
     2.02824 -1.60849e-08
     2.05117  1.58999e-08
     2.07436 -1.49838e-08
     2.09782  1.49004e-08
     2.12154 -1.40313e-08
     2.14552  1.40079e-08
     2.16978 -1.31401e-08
     2.19431  1.31465e-08
     2.21912 -1.22755e-08
     2.24422  1.23279e-08
     2.26959  -1.1465e-08
     2.29525  1.15706e-08
      2.3212 -1.07231e-08
     2.34745   1.0885e-08
     2.37399 -1.00404e-08
     2.40083  1.02463e-08
     2.42798 -9.39929e-09
     2.45543  9.64953e-09
     2.48319  -8.7948e-09
     2.51127  9.08606e-09
     2.53966 -8.22153e-09
     2.56837   8.5568e-09
     2.59741 -7.68378e-09
     2.62678  8.06398e-09
     2.65648 -7.17693e-09
     2.68652  7.59948e-09
     2.71689 -6.69828e-09
     2.74761  7.16771e-09
     2.77868 -6.25194e-09
     2.81009  6.77006e-09
     2.84187 -5.83784e-09
       2.874   6.4016e-09
     2.90649 -5.44613e-09
     2.93935  6.05643e-09
     2.97259 -5.07829e-09
      3.0062  5.73721e-09
     3.04019 -4.73434e-09
     3.07456  5.44248e-09
     3.10932 -4.40975e-09
     3.14448  5.16561e-09
     3.18003 -4.10069e-09
     3.21599  4.90726e-09
     3.25235 -3.80967e-09
     3.28912  4.66868e-09
     3.32631 -3.53485e-09
     3.36392  4.44784e-09
     3.40196 -3.27647e-09
     3.44042  4.24383e-09
     3.47932  -3.0291e-09
     3.51866  4.05317e-09
     3.55844 -2.79632e-09
     3.59868  3.87968e-09
     3.63936 -2.57525e-09
     3.68051  3.71831e-09
     3.72213 -2.36409e-09
     3.76421  3.57001e-09
     3.80677 -2.16346e-09
     3.84981  3.43418e-09
     3.89334 -1.97175e-09
     3.93736  3.30947e-09
     3.98188 -1.78814e-09
      4.0269  3.19548e-09
     4.07243 -1.61192e-09
     4.11847   3.0917e-09
     4.16504 -1.44292e-09
     4.21213  2.99795e-09
     4.25976 -1.28029e-09
     4.30792   2.9136e-09
     4.35663 -1.12345e-09
     4.40589   2.8383e-09
      4.4557 -9.71996e-10
     4.50608  2.77175e-09
     4.55703 -8.25726e-10
     4.60855  2.71392e-09
     4.66066 -6.83377e-10
     4.71336  2.66346e-09
     4.76665 -5.44711e-10
     4.82054  2.62067e-09
     4.87504  -4.0909e-10
     4.93016  2.58523e-09
     4.98591 -2.76435e-10
     5.04228  2.55689e-09
     5.09929 -1.46118e-10
     5.15695  2.53553e-09
     5.21525 -1.78255e-11
     5.27422  2.52117e-09
     5.33385  1.08437e-10
     5.39416   2.5136e-09
     5.45515  2.33588e-10
     5.51683  2.51238e-09
     5.57921  3.57738e-10
     5.64229  2.51775e-09
     5.70608  4.81464e-10
      5.7706  2.52918e-09
     5.83584   6.0501e-10
     5.90183  2.54697e-09
     5.96856  7.28514e-10
     6.03604  2.57114e-09
     6.10429   8.5245e-10
      6.1733  2.60136e-09
      6.2431  9.77294e-10
     6.31369  2.63775e-09
     6.38508  1.10315e-09
     6.45727   2.6804e-09
     6.53028  1.23038e-09
     6.60411   2.7292e-09
     6.67878   1.3594e-09
      6.7543  2.78434e-09
     6.83066  1.49028e-09
      6.9079  2.84589e-09
       6.986  1.62355e-09
     7.06499  2.91371e-09
     7.14487  1.75953e-09
     7.22565   2.9881e-09
     7.30735  1.89844e-09
     7.38997  3.06902e-09
     7.47352  2.04075e-09
     7.55802  3.15661e-09
     7.64348  2.18665e-09
      7.7299  3.25115e-09
      7.8173  2.33645e-09
     7.90569  3.35271e-09
     7.99507  2.49053e-09
     8.08547  3.46145e-09
     8.17689  2.64933e-09
     8.26934  3.57747e-09
     8.36284  2.81312e-09
     8.45739  3.70115e-09
     8.55301  2.98221e-09
     8.64972  3.83262e-09
     8.74752  3.15699e-09
     8.84642  3.97219e-09
     8.94644  3.33785e-09
      9.0476  4.12002e-09
     9.14989  3.52523e-09
     9.25335  4.27642e-09
     9.35797  3.71946e-09
     9.46378  4.44172e-09
     9.57078  3.92095e-09
     9.67899  4.61623e-09
     9.78843  4.13014e-09
      9.8991  4.80029e-09
      10.011  4.34745e-09
     10.1242  4.99423e-09
     10.2387  4.57338e-09
     10.3544  5.19842e-09
     10.4715  4.80837e-09
     10.5899  5.41328e-09
     10.7097  5.05291e-09
     10.8307  5.63922e-09
     10.9532   5.3075e-09
      11.077  5.87669e-09
     11.2023  5.57266e-09
     11.3289  6.12616e-09
      11.457  5.84893e-09
     11.5866  6.38813e-09
     11.7176   6.1369e-09
     11.8501   6.6631e-09
      11.984  6.43713e-09
     12.1195  6.95163e-09
     12.2566  6.75026e-09
     12.3952  7.25428e-09
     12.5353  7.07692e-09
      12.677  7.57165e-09
     12.8204  7.41777e-09
     12.9653  7.90438e-09
     13.1119   7.7735e-09
     13.2602  8.25313e-09
     13.4101  8.14483e-09
     13.5617  8.61861e-09
      13.715  8.53252e-09
     13.8701  9.00153e-09
     14.0269  8.93735e-09
     14.1855  9.40266e-09
     14.3459  9.36015e-09
     14.5081   9.8228e-09
     14.6722  9.80176e-09
     14.8381  1.02628e-08
     15.0058  1.02631e-08
     15.1755  1.07235e-08
     15.3471   1.0745e-08
     15.5206  1.12059e-08
     15.6961  1.12486e-08
     15.8735  1.17109e-08
      16.053  1.17748e-08
     16.2345  1.22395e-08
     16.4181  1.23246e-08
     16.6037  1.27928e-08
     16.7914  1.28993e-08
     16.9813  1.33719e-08
     17.1733  1.34999e-08
     17.3675  1.39779e-08
     17.5638  1.41276e-08
     17.7624  1.46121e-08
     17.9632  1.47837e-08
     18.1663  1.52757e-08
     18.3717  1.54696e-08
     18.5795  1.59701e-08
     18.7895  1.61866e-08
      19.002  1.66966e-08
     19.2168  1.69361e-08
     19.4341  1.74567e-08
     19.6538  1.77196e-08
     19.8761  1.82519e-08
     20.1008  1.85387e-08
     20.3281  1.90837e-08
     20.5579   1.9395e-08
     20.7903   1.9954e-08
     21.0254  2.02903e-08
     21.2631  2.08643e-08
     21.5035  2.12263e-08
     21.7467  2.18165e-08
     21.9925   2.2205e-08
     22.2412  2.28125e-08
     22.4927  2.32281e-08
      22.747  2.38542e-08
     23.0042  2.42979e-08
     23.2643  2.49438e-08
     23.5273  2.54163e-08
     23.7933  2.60835e-08
     24.0623  2.65857e-08
     24.3344  2.72753e-08
     24.6095  2.78083e-08
     24.8878  2.85218e-08
     25.1692  2.90866e-08
     25.4538  2.98254e-08
     25.7416  3.04231e-08
     26.0326  3.11887e-08
     26.3269  3.18205e-08
     26.6246  3.26144e-08
     26.9256  3.32815e-08
     27.2301  3.41052e-08
      27.538   3.4809e-08
     27.8493  3.56642e-08
     28.1642   3.6406e-08
     28.4826  3.72944e-08
     28.8047  3.80756e-08
     29.1304   3.8999e-08
     29.4597  3.98212e-08
     29.7928  4.07813e-08
     30.1297  4.16462e-08
     30.4703  4.26449e-08
     30.8148  4.35542e-08
     31.1632  4.45935e-08
     31.5156  4.55488e-08
     31.8719  4.66307e-08
     32.2323  4.76341e-08
     32.5967  4.87607e-08
     32.9653   4.9814e-08
      33.338  5.09876e-08
     33.7149  5.20929e-08
     34.0961  5.33157e-08
     34.4816  5.44751e-08
     34.8715  5.57495e-08
     35.2658  5.69653e-08
     35.6645  5.82937e-08
     36.0678  5.95683e-08
     36.4756  6.09534e-08
      36.888  6.22892e-08
     37.3051  6.37336e-08
     37.7268  6.51333e-08
     38.1534  6.66398e-08
     38.5848  6.81059e-08
      39.021  6.96774e-08
     39.4622  7.12129e-08
     39.9084  7.28523e-08
     40.3596  7.44601e-08
      40.816  7.61707e-08
     41.2775  7.78539e-08
     41.7442  7.96389e-08
     42.2161  8.14006e-08
     42.6935  8.32634e-08
     43.1762  8.51071e-08
     43.6644  8.70512e-08
      44.158  8.89804e-08
     44.6573  9.10095e-08
     45.1622  9.30277e-08
     45.6729  9.51457e-08
     46.1893  9.72568e-08
     46.7115  9.94676e-08
     47.2397  1.01676e-07
     47.7738  1.03983e-07
     48.3139  1.06292e-07
     48.8602  1.08701e-07
     49.4126  1.11116e-07
     49.9713   1.1363e-07
     50.5363  1.16155e-07
     51.1077   1.1878e-07
     51.6856  1.21418e-07
     52.2699  1.24159e-07
     52.8609  1.26917e-07
     53.4586  1.29777e-07
      54.063   1.3266e-07
     54.6743  1.35646e-07
     55.2925  1.38658e-07
     55.9176  1.41775e-07
     56.5499  1.44922e-07
     57.1893  1.48176e-07
     57.8359  1.51464e-07
     58.4898   1.5486e-07
     59.1511  1.58295e-07
     59.8199   1.6184e-07
     60.4963  1.65428e-07
     61.1803  1.69127e-07
      61.872  1.72874e-07
     62.5716  1.76735e-07
      63.279  1.80648e-07
     63.9945  1.84677e-07
     64.7181  1.88762e-07
     65.4498  1.92966e-07
     66.1898  1.97232e-07
     66.9382  2.01618e-07
      67.695  2.06071e-07
     68.4604  2.10648e-07
     69.2345  2.15295e-07
     70.0173   2.2007e-07
     70.8089   2.2492e-07
     71.6095    2.299e-07
     72.4192  2.34961e-07
      73.238  2.40155e-07
     74.0661  2.45436e-07
     74.9035  2.50853e-07
     75.7504  2.56361e-07
     76.6069   2.6201e-07
      77.473  2.67756e-07
      78.349  2.73645e-07
     79.2348  2.79637e-07
     80.1307  2.85777e-07
     81.0367  2.92025e-07
     81.9529  2.98425e-07
     82.8795  3.04938e-07
     83.8166  3.11608e-07
     84.7643  3.18397e-07
     85.7227  3.25348e-07
     86.6919  3.32423e-07
     87.6721  3.39664e-07
     88.6634  3.47037e-07
     89.6658   3.5458e-07
     90.6797   3.6226e-07
     91.7049  3.70116e-07
     92.7418  3.78115e-07
     93.7904  3.86295e-07
     94.8508  3.94625e-07
     95.9233  4.03141e-07
     97.0078  4.11813e-07
     98.1046  4.20676e-07
     99.2139  4.29703e-07
