 0.000992177      17269.7
  0.00100339        17212
  0.00101474        17125
  0.00102621      17065.2
  0.00103782      16975.1
  0.00104955      16908.9
  0.00106142      16820.2
  0.00107342      16749.4
  0.00108555      16657.3
  0.00109783      16582.8
  0.00111024      16487.1
  0.00112279      16411.3
  0.00113549      16310.1
  0.00114833      16231.6
  0.00116131        16128
  0.00117444        16043
  0.00118772      15937.9
  0.00120115      15850.3
  0.00121473      15739.9
  0.00122846      15648.1
  0.00124235      15533.9
   0.0012564      15439.7
  0.00127061      15321.8
  0.00128497      15219.7
   0.0012995      15101.9
  0.00131419      14995.4
  0.00132905      14871.3
  0.00134408      14761.4
  0.00135928      14633.8
  0.00137465      14518.9
  0.00139019      14387.2
  0.00140591      14267.7
   0.0014218      14131.1
  0.00143788      14008.4
  0.00145413      13866.3
  0.00147058      13738.1
   0.0014872      13593.3
  0.00150402      13459.1
  0.00152102      13309.7
  0.00153822      13170.9
  0.00155561      13016.7
   0.0015732      12873.1
  0.00159099      12713.4
  0.00160898      12565.7
  0.00162717      12400.8
  0.00164557      12247.5
  0.00166417      12078.3
  0.00168299      11919.8
  0.00170202      11745.1
  0.00172126      11581.6
  0.00174072      11402.5
   0.0017604      11232.9
  0.00178031      11049.4
  0.00180044      10874.4
  0.00182079      10685.9
  0.00184138      10505.4
   0.0018622      10312.3
  0.00188326      10126.2
  0.00190455      9928.13
  0.00192608      9737.62
  0.00194786      9533.55
  0.00196988      9338.69
  0.00199216      9129.66
  0.00201468      8929.29
  0.00203746      8716.24
   0.0020605      8510.36
  0.00208379      8293.13
  0.00210735      8082.26
  0.00213118      7860.56
  0.00215528      7645.25
  0.00217965      7419.12
  0.00220429      7199.63
  0.00222921      6969.36
  0.00225442      6745.65
  0.00227991      6511.68
  0.00230568      6284.13
  0.00233175      6046.62
  0.00235812      5815.62
  0.00238478      5574.94
  0.00241174      5340.78
  0.00243901       5097.3
  0.00246659      4860.46
  0.00249448      4614.61
  0.00252268      4375.54
   0.0025512      4127.81
  0.00258005      3886.93
  0.00260922      3637.93
  0.00263872      3395.85
  0.00266856      3146.14
  0.00269873      2903.44
  0.00272924      2653.71
   0.0027601      2411.06
  0.00279131      2161.93
  0.00282287      1920.11
  0.00285478      1672.43
  0.00288706       1432.2
  0.00291971      1186.68
  0.00295272      948.963
   0.0029861      706.503
  0.00301986      472.147
  0.00305401      233.739
  0.00308854      3.73926
  0.00312346     -229.687
  0.00315878     -454.289
  0.00319449     -681.664
  0.00323061     -899.796
  0.00326714        -1120
  0.00330408     -1330.57
  0.00334143     -1542.45
  0.00337921     -1744.26
  0.00341742     -1946.64
  0.00345606     -2138.46
  0.00349514     -2330.13
  0.00353465     -2510.73
  0.00357462      -2690.4
  0.00361503      -2858.5
  0.00365591     -3024.93
  0.00369724     -3179.26
  0.00373905     -3331.18
  0.00378132     -3470.45
  0.00382408     -3606.57
  0.00386731     -3729.52
  0.00391104     -3848.64
  0.00395526     -3954.06
  0.00399998     -4054.92
  0.00404521     -4141.65
  0.00409094     -4223.16
   0.0041372     -4290.09
  0.00418397     -4351.17
  0.00423128     -4397.31
  0.00427912     -4437.04
   0.0043275     -4461.49
  0.00437643     -4479.08
  0.00442592     -4481.12
  0.00447596     -4475.91
  0.00452656        -4455
  0.00457774     -4426.54
   0.0046295     -4382.33
  0.00468185      -4330.4
  0.00473478      -4262.8
  0.00478832     -4187.44
  0.00484245      -4096.6
  0.00489721     -3998.13
  0.00495258     -3884.54
  0.00500857     -3763.57
   0.0050652     -3628.01
  0.00512247     -3485.52
  0.00518039     -3329.15
  0.00523896     -3166.51
   0.0052982     -2990.86
   0.0053581     -2809.78
  0.00541868     -2616.78
  0.00547995      -2419.4
  0.00554191      -2211.4
  0.00560457     -2000.26
  0.00566794     -1780.01
  0.00573202      -1558.1
  0.00579683     -1328.74
  0.00586237      -1099.4
  0.00592866     -864.509
  0.00599569     -631.482
  0.00606348      -394.97
  0.00613204     -162.341
  0.00620137      71.5747
  0.00627148      299.446
  0.00634239      526.278
   0.0064141      744.805
  0.00648662       959.89
  0.00655997      1164.37
  0.00663414      1362.98
  0.00670914      1548.67
    0.006785      1726.11
  0.00686172      1888.39
   0.0069393      2040.13
  0.00701776      2174.61
   0.0070971      2296.46
  0.00717735      2399.17
   0.0072585       2487.4
  0.00734057      2554.93
  0.00742356      2606.49
   0.0075075      2636.17
  0.00759238      2648.85
  0.00767823      2638.96
  0.00776504      2611.54
  0.00785284      2561.43
  0.00794162       2493.9
  0.00803142      2404.18
  0.00812222      2297.82
  0.00821406      2170.49
  0.00830693      2028.01
  0.00840085      1866.52
  0.00849584      1692.14
   0.0085919      1501.45
  0.00868904      1300.87
  0.00878728      1087.42
  0.00888664      867.782
  0.00898711      639.389
  0.00908873      409.127
  0.00919149      174.768
  0.00929541     -56.6311
  0.00940051     -287.061
   0.0095068     -509.403
  0.00961429     -725.495
  0.00972299     -928.284
  0.00983293     -1119.59
   0.0099441     -1292.57
   0.0100565     -1449.15
   0.0101702     -1582.86
   0.0102852     -1695.92
   0.0104015     -1782.35
   0.0105191     -1844.86
   0.0106381     -1878.12
   0.0107583     -1885.47
     0.01088     -1862.39
    0.011003     -1812.97
   0.0111274     -1733.62
   0.0112532     -1629.26
   0.0113804     -1497.34
   0.0115091     -1343.67
   0.0116392     -1166.68
   0.0117708     -973.063
   0.0119039     -762.203
   0.0120385     -541.565
   0.0121746     -311.315
   0.0123123      -79.501
   0.0124515      153.157
   0.0125923      378.311
   0.0127347      595.017
   0.0128786      794.987
   0.0130243      977.445
   0.0131715      1134.58
   0.0133204      1266.24
   0.0134711      1365.53
   0.0136234      1433.36
   0.0137774      1464.19
   0.0139332      1460.39
   0.0140907      1418.16
     0.01425      1341.61
   0.0144111      1228.89
   0.0145741      1086.04
   0.0147389      913.202
   0.0149055      718.237
    0.015074      503.099
   0.0152445       277.18
   0.0154168      43.7815
   0.0155911     -186.751
   0.0157674     -410.465
   0.0159457     -616.875
    0.016126     -802.282
   0.0163083     -957.025
   0.0164927     -1078.67
   0.0166792     -1159.41
   0.0168678     -1199.06
   0.0170585     -1192.55
   0.0172514     -1142.74
   0.0174464     -1047.93
   0.0176437     -914.431
   0.0178432      -744.06
   0.0180449     -546.448
   0.0182489     -326.521
   0.0184553     -96.4809
   0.0186639      136.719
    0.018875      359.664
   0.0190884      564.998
   0.0193042      739.932
   0.0195225      878.681
   0.0197432        971.1
   0.0199664      1014.95
   0.0201922      1004.54
   0.0204205      942.682
   0.0206513      829.253
   0.0208848      672.763
    0.021121      478.664
   0.0213598      260.519
   0.0216013      28.0448
   0.0218455     -202.143
   0.0220925     -418.677
   0.0223423     -605.012
   0.0225949      -751.61
   0.0228504      -845.63
   0.0231088     -882.913
     0.02337      -857.52
   0.0236343     -773.263
   0.0239015     -632.821
   0.0241717     -448.597
    0.024445      -231.26
   0.0247214     0.166466
   0.0250009      230.309
   0.0252836       437.98
   0.0255695      608.494
   0.0258586      724.449
   0.0261509      777.884
   0.0264466      760.772
   0.0267456      676.467
    0.027048      529.366
   0.0273539       335.19
   0.0276631      109.507
   0.0279759     -123.261
   0.0282922     -342.338
   0.0286121     -522.472
   0.0289356     -646.817
   0.0292628     -698.818
   0.0295936     -674.464
   0.0299282     -573.098
   0.0302666     -408.019
   0.0306088     -195.405
   0.0309549      37.2147
   0.0313049       263.96
   0.0316589      453.765
   0.0320168      584.292
   0.0323788      635.231
   0.0327449      601.302
   0.0331151      483.741
   0.0334896      300.578
   0.0338682      74.9372
   0.0342511     -158.066
   0.0346384     -365.955
     0.03503     -514.081
   0.0354261     -580.943
   0.0358267      -552.47
   0.0362317     -434.693
   0.0366414     -243.974
   0.0370557     -14.6575
   0.0374746      215.839
   0.0378983      403.749
   0.0383268      516.505
   0.0387602      529.705
   0.0391984      442.085
   0.0396416      267.304
   0.0400898      41.8127
   0.0405431     -191.112
   0.0410015     -380.349
   0.0414651     -487.222
   0.0419339     -485.003
   0.0424081     -375.313
   0.0428875     -179.668
   0.0433725       54.757
   0.0438628      274.684
   0.0443588      423.794
   0.0448603      466.365
   0.0453675      387.946
   0.0458805      210.016
   0.0463992     -23.3898
   0.0469239     -246.811
   0.0474544     -400.138
   0.0479909     -436.473
   0.0485336     -346.257
   0.0490823     -152.594
   0.0496373      84.3121
   0.0501985      293.515
   0.0507661      405.731
     0.05134      385.696
   0.0519205      236.202
   0.0525076      8.95226
   0.0531012     -220.353
   0.0537016     -367.953
   0.0543088      -381.73
   0.0549229     -252.699
   0.0555438     -30.5349
   0.0561718      202.109
    0.056807      350.855
   0.0574492      356.943
   0.0580988      213.862
   0.0587557     -17.2207
     0.05942     -239.883
   0.0600919     -353.362
   0.0607713     -307.628
   0.0614584     -119.541
   0.0621533      121.547
    0.062856      302.643
   0.0635667      331.607
   0.0642854      194.551
   0.0650123      -42.527
   0.0657473     -254.051
   0.0664907     -328.869
   0.0672425     -222.049
   0.0680028      6.29755
   0.0687716      229.562
   0.0695492      314.932
   0.0703356      212.399
   0.0711308     -20.2333
   0.0719351     -237.279
   0.0727484     -303.154
   0.0735709     -170.898
   0.0744028      71.5663
    0.075244      263.839
   0.0760947      269.859
   0.0769551      85.7694
   0.0778252     -160.377
   0.0787051     -285.453
    0.079595     -196.584
    0.080495      42.9368
   0.0814051      244.324
   0.0823255      248.379
   0.0832563      46.8738
   0.0841976     -191.726
   0.0851496     -267.103
   0.0861124     -109.188
    0.087086      141.689
   0.0880707      261.646
   0.0890664      135.384
   0.0900735     -117.946
   0.0910919     -258.164
   0.0921218     -143.258
   0.0931634      111.397
   0.0942167      248.863
    0.095282      121.056
   0.0963593     -135.847
   0.0974488     -246.189
   0.0985506     -82.8747
   0.0996649      168.925
    0.100792      221.378
    0.101931      7.23625
    0.103084     -215.749
    0.104249     -176.611
    0.105428      81.3235
     0.10662      227.507
    0.107826      72.6774
    0.109045      -183.86
    0.110278     -192.389
    0.111524      58.5991
    0.112785      220.898
    0.114061        56.58
     0.11535     -194.642
    0.116655     -161.823
    0.117973      111.263
    0.119307      199.924
    0.120656       -35.64
     0.12202     -223.266
      0.1234     -51.4158
    0.124795      192.647
    0.126206      96.2071
    0.127633     -181.237
    0.129076     -148.043
    0.130536      135.636
    0.132012      154.587
    0.133504     -134.431
    0.135014     -182.652
     0.13654      101.673
    0.138084      164.072
    0.139645      -128.42
    0.141224     -179.977
    0.142821      114.633
    0.144436      138.265
    0.146069     -169.178
     0.14772     -136.539
    0.149391      162.047
     0.15108      55.0305
    0.152788     -222.794
    0.154515     -21.2837
    0.156262      179.157
    0.158029     -105.762
    0.159816     -188.891
    0.161623      141.258
     0.16345      43.6265
    0.165298     -235.527
    0.167167      24.3338
    0.169057      138.962
    0.170969     -213.007
    0.172902     -73.0805
    0.174857      166.304
    0.176834      -171.12
    0.178833     -137.404
    0.180855      173.743
      0.1829     -162.761
    0.184968     -152.125
    0.187059      167.227
    0.189174     -183.262
    0.191313     -135.146
    0.193476      165.826
    0.195664     -249.246
    0.197876     -49.0676
    0.200114      112.278
    0.202376     -297.323
    0.204664      79.9846
    0.206978     -13.0131
    0.209319     -266.478
    0.211685      212.178
    0.214079     -232.307
    0.216499     -16.0031
    0.218947       121.42
    0.221423     -275.427
    0.223926       267.03
    0.226458     -164.477
    0.229018      72.2776
    0.231608      194.228
    0.234226     -167.922
    0.236875      476.252
    0.239553     -180.613
    0.242261      543.197
    0.245001      66.4777
    0.247771      484.894
    0.250572      460.253
    0.253405      464.937
     0.25627      896.139
    0.259168      599.388
    0.262098       1341.9
    0.265062      924.198
    0.268059      1802.67
    0.271089      1386.53
    0.274154      2251.56
    0.277254      1633.48
    0.280389      1320.83
    0.283559      355.177
    0.286765      7683.34
    0.290008      266.921
    0.293287      1056.18
    0.296603       1496.1
    0.299956      1666.02
    0.303348       1210.2
    0.306777       1143.4
    0.310246      786.222
    0.313754      717.245
    0.317301      464.914
    0.320889      423.021
    0.324517      256.062
    0.328186      238.055
    0.331897      129.551
    0.335649      125.354
    0.339444      54.2049
    0.343282      56.8612
    0.347164      9.76029
    0.351089       15.942
    0.355059     -14.8521
    0.359073     -6.57744
    0.363133     -25.9577
    0.367239     -16.3134
    0.371391     -28.1525
     0.37559     -18.2748
    0.379837     -25.3552
    0.384131     -16.1765
    0.388474     -20.6164
    0.392867     -12.7588
    0.397309     -15.7651
    0.401801     -9.30342
    0.406344     -11.5694
    0.410938     -6.43017
    0.415584     -8.27689
    0.420283     -4.14104
    0.425035     -5.77914
    0.429841     -2.54835
    0.434701     -3.91838
    0.439616     -1.38264
    0.444586     -2.71001
    0.449613    -0.637853
    0.454697     -1.81114
    0.459838    -0.245761
    0.465037     -1.24192
    0.470295     0.040067
    0.475612    -0.879974
     0.48099      0.15754
    0.486428    -0.608572
    0.491928     0.225065
     0.49749    -0.479624
    0.503115     0.262983
    0.508803    -0.366269
    0.514556     0.215385
    0.520374    -0.269645
    0.526258     0.196773
    0.532208    -0.233115
    0.538225      0.20182
    0.544311    -0.212864
    0.550465     0.197691
    0.556689     -0.18198
    0.562983     0.151742
    0.569348    -0.139812
    0.575786     0.133425
    0.582296    -0.131345
     0.58888     0.125971
    0.595538    -0.119468
    0.602271      0.10691
    0.609081   -0.0937203
    0.615967    0.0833203
    0.622932   -0.0793179
    0.629975    0.0701934
    0.637098   -0.0624659
    0.644301    0.0644121
    0.651586   -0.0595131
    0.658953     0.057569
    0.666404   -0.0581186
    0.673939    0.0589624
    0.681558   -0.0538152
    0.689264    0.0601414
    0.697058   -0.0595496
    0.704939    0.0547509
    0.712909    -0.048497
     0.72097    0.0427819
    0.729122   -0.0427909
    0.737365    0.0476606
    0.745702   -0.0451666
    0.754134    0.0427489
     0.76266   -0.0383392
    0.771283     0.033133
    0.780004   -0.0316211
    0.788823    0.0322505
    0.797742   -0.0285866
    0.806762    0.0285116
    0.815883   -0.0243445
    0.825108    0.0252875
    0.834437   -0.0225547
    0.843872     0.018712
    0.853413   -0.0180284
    0.863062     0.023387
    0.872821   -0.0212012
    0.882689    0.0213436
    0.892669   -0.0197711
    0.902762     0.017745
    0.912969   -0.0136466
    0.923292    0.0168023
    0.933731   -0.0132483
    0.944288    0.0118871
    0.954965   -0.0135326
    0.965762    0.0138874
    0.976682   -0.0090373
    0.987725    0.0107274
    0.998892   -0.0109236
     1.01019    0.0117533
     1.02161  -0.00865925
     1.03316    0.0100565
     1.04484  -0.00745165
     1.05665   0.00761307
      1.0686   -0.0080095
     1.08068   0.00772903
      1.0929  -0.00394209
     1.10526   0.00683217
     1.11776  -0.00575347
     1.13039   0.00557361
     1.14317  -0.00457368
      1.1561   0.00705095
     1.16917  -0.00419761
     1.18239   0.00410698
     1.19576  -0.00439537
     1.20928   0.00578393
     1.22295  -0.00280859
     1.23678   0.00371655
     1.25076  -0.00352525
      1.2649   0.00520838
     1.27921    -0.003117
     1.29367   0.00408697
      1.3083  -0.00347151
     1.32309    0.0043312
     1.33805  -0.00304331
     1.35318     0.003832
     1.36848  -0.00333418
     1.38395   0.00419787
      1.3996  -0.00145805
     1.41542   0.00332457
     1.43143  -0.00248523
     1.44761    0.0043617
     1.46398  -0.00257726
     1.48053   0.00352566
     1.49727  -0.00175328
      1.5142   0.00245421
     1.53132   -0.0017632
     1.54863   0.00325447
     1.56614  -0.00185097
     1.58385    0.0029716
     1.60176  -0.00118273
     1.61987   0.00232339
     1.63818  -0.00183273
     1.65671   0.00366343
     1.67544  -0.00164967
     1.69438   0.00228603
     1.71354 -0.000558415
     1.73291     0.001724
     1.75251 -0.000756771
     1.77232   0.00239347
     1.79236 -0.000767153
     1.81262   0.00167298
     1.83312 -0.000381943
     1.85384   0.00170476
     1.87481 -0.000659715
       1.896   0.00218934
     1.91744 -0.000996213
     1.93912   0.00139889
     1.96104  0.000161127
     1.98322   0.00100832
     2.00564  0.000636961
     2.02832   0.00127709
     2.05125 -0.000402208
     2.07444   0.00168297
      2.0979 -0.000645539
     2.12162   0.00190278
     2.14561 -0.000449288
     2.16987   0.00168313
      2.1944 -0.000252828
     2.21921   0.00156008
      2.2443 -0.000135504
     2.26968   0.00158906
     2.29534 -0.000358168
     2.32129    0.0015149
     2.34754 -0.000337613
     2.37408   0.00151237
     2.40092  -7.6901e-06
     2.42807   0.00112385
     2.45552  0.000170659
     2.48328   0.00107992
     2.51136  2.98601e-05
     2.53976    0.0011161
     2.56847   0.00025114
     2.59751   0.00108507
     2.62688  0.000145691
     2.65658   0.00110339
     2.68662   0.00036773
       2.717   0.00112775
     2.74772  0.000365314
     2.77878  0.000908853
      2.8102  0.000240784
     2.84198  0.000960553
     2.87411  0.000198523
      2.9066  0.000903134
     2.93947  0.000350598
      2.9727   0.00100632
     3.00631  0.000335966
      3.0403  0.000876126
     3.07468  0.000388905
     3.10944   0.00111696
      3.1446  0.000353638
     3.18016  0.000632169
     3.21611  0.000445999
     3.25248   0.00100027
     3.28925  0.000431318
     3.32644  0.000889485
     3.36405  0.000327183
     3.40209  0.000903692
     3.44055  0.000283266
     3.47945  0.000892658
     3.51879     0.000464
     3.55858  0.000845636
     3.59881  0.000442774
      3.6395  0.000880788
     3.68065  0.000587687
     3.72227  0.000738964
     3.76436  0.000264822
     3.80692  0.000892459
     3.84996  0.000476878
     3.89349  0.000783035
     3.93751   0.00054663
     3.98203  0.000776974
     4.02705  0.000516326
     4.07259  0.000741182
     4.11863  0.000521545
      4.1652  0.000734733
     4.21229  0.000582961
     4.25992  0.000840947
     4.30809  0.000421165
      4.3568  0.000693872
     4.40606  0.000508137
     4.45587  0.000808786
     4.50625  0.000598022
      4.5572  0.000715634
     4.60873  0.000524946
     4.66084  0.000651931
     4.71354  0.000600404
     4.76683  0.000730092
     4.82073  0.000699782
     4.87523  0.000659535
     4.93035  0.000477857
      4.9861  0.000670531
     5.04247  0.000638798
     5.09949  0.000661284
     5.15714  0.000579075
     5.21545  0.000701816
     5.27442  0.000686493
     5.33406  0.000691461
     5.39437  0.000557185
     5.45536    0.0006921
     5.51704  0.000476192
     5.57942  0.000733659
      5.6425  0.000595754
      5.7063  0.000710191
     5.77082  0.000590181
     5.83607  0.000811527
     5.90205  0.000524715
     5.96878  0.000648391
     6.03627  0.000565565
     6.10452  0.000660932
     6.17354  0.000613945
     6.24334    0.0007263
     6.31393  0.000621872
     6.38532   0.00066778
     6.45752  0.000607843
     6.53053  0.000664021
     6.60437  0.000559074
     6.67904  0.000667831
     6.75456  0.000635787
     6.83093  0.000719777
     6.90816   0.00059253
     6.98627  0.000642901
     7.06526  0.000646973
     7.14514  0.000610297
     7.22593  0.000615415
     7.30763  0.000713983
     7.39025  0.000594406
     7.47381  0.000662228
     7.55831  0.000601618
     7.64377  0.000705558
      7.7302  0.000588749
      7.8176  0.000650203
     7.90599  0.000606833
     7.99538  0.000693679
     8.08578  0.000608138
      8.1772  0.000674595
     8.26966  0.000613304
     8.36316  0.000646171
     8.45772  0.000603491
     8.55334  0.000684674
     8.65005  0.000625374
     8.74785  0.000669283
     8.84676  0.000578849
     8.94679  0.000694731
     9.04795  0.000588095
     9.15025  0.000672024
      9.2537  0.000642126
     9.35833  0.000641784
     9.46414  0.000621962
     9.57115   0.00063885
     9.67936  0.000640101
      9.7888  0.000666394
     9.89948  0.000612544
     10.0114  0.000659083
     10.1246  0.000609687
     10.2391  0.000675215
     10.3548  0.000617478
     10.4719  0.000654207
     10.5903   0.00062167
     10.7101  0.000654998
     10.8312  0.000633262
     10.9536   0.00063058
     11.0775  0.000646934
     11.2027  0.000637488
     11.3294  0.000644286
     11.4575  0.000625394
      11.587  0.000638533
      11.718  0.000662769
     11.8505  0.000618303
     11.9845   0.00064613
       12.12  0.000626573
      12.257  0.000666738
     12.3956   0.00061209
     12.5358  0.000648566
     12.6775  0.000635526
     12.8209  0.000646465
     12.9658  0.000628501
     13.1124  0.000644335
     13.2607  0.000637662
     13.4106  0.000641992
     13.5622  0.000631404
     13.7156  0.000649756
     13.8707  0.000630429
     14.0275  0.000639614
     14.1861  0.000639613
     14.3465  0.000643653
     14.5087  0.000624026
     14.6727  0.000651954
     14.8386  0.000630722
     15.0064  0.000640629
     15.1761  0.000633977
     15.3477  0.000644187
     15.5212  0.000630393
     15.6967  0.000641767
     15.8742  0.000633934
     16.0536  0.000641437
     16.2351  0.000632944
     16.4187  0.000643459
     16.6043  0.000632112
     16.7921  0.000644336
     16.9819  0.000631254
      17.174  0.000642414
     17.3681  0.000634207
     17.5645   0.00064028
     17.7631   0.00063156
     17.9639  0.000646786
      18.167  0.000623657
     18.3725  0.000648643
     18.5802  0.000630336
     18.7903  0.000636171
     19.0027  0.000641389
     19.2176  0.000632415
     19.4349  0.000635748
     19.6546  0.000641701
     19.8768  0.000627611
     20.1016  0.000644846
     20.3288  0.000629401
     20.5587  0.000639549
     20.7911  0.000634257
     21.0262  0.000635877
     21.2639  0.000635195
     21.5044  0.000637131
     21.7475  0.000632556
     21.9934  0.000640035
     22.2421  0.000628995
     22.4935  0.000641315
     22.7479  0.000629047
     23.0051   0.00064018
     23.2652  0.000630627
     23.5282  0.000637741
     23.7942  0.000631297
     24.0633  0.000636468
     24.3353  0.000631877
     24.6105  0.000635858
     24.8888  0.000632216
     25.1702  0.000635362
     25.4547  0.000631687
     25.7425   0.00063517
     26.0336  0.000631258
      26.328  0.000635307
     26.6256  0.000630779
     26.9267   0.00063441
     27.2311  0.000630464
      27.539  0.000634039
     27.8504  0.000630297
     28.1653  0.000633678
     28.4837    0.0006302
     28.8058  0.000633204
     29.1315  0.000629941
     29.4609   0.00063272
      29.794  0.000629462
     30.1308  0.000632155
     30.4715  0.000628917
      30.816  0.000631834
     31.1644  0.000628611
     31.5168  0.000631048
     31.8731  0.000628031
     32.2335  0.000630523
      32.598   0.00062788
     32.9665  0.000630126
     33.3393  0.000627478
     33.7162  0.000629557
     34.0974  0.000626791
      34.483    0.0006287
     34.8729  0.000626161
     35.2671  0.000628351
     35.6659  0.000625813
     36.0691  0.000627531
      36.477  0.000625177
     36.8894   0.00062691
     37.3065   0.00062441
     37.7283  0.000626174
     38.1549  0.000624011
     38.5863   0.00062548
     39.0225  0.000623212
     39.4638  0.000624698
       39.91  0.000622529
     40.3612  0.000623803
     40.8175  0.000621717
      41.279  0.000623166
     41.7458   0.00062115
     42.2178   0.00062214
     42.6951  0.000620075
     43.1778  0.000621347
      43.666  0.000619253
     44.1597  0.000620441
      44.659  0.000618564
      45.164  0.000619235
     45.6746  0.000617388
      46.191  0.000618347
     46.7133  0.000616601
     47.2415  0.000617454
     47.7756  0.000615459
     48.3158  0.000616113
     48.8621  0.000614304
     49.4145  0.000615165
     49.9732  0.000613247
     50.5383  0.000613652
     51.1097  0.000612131
     51.6875  0.000612587
      52.272  0.000610862
      52.863  0.000611333
     53.4607  0.000609532
     54.0651  0.000609889
     54.6764  0.000608154
     55.2946  0.000608415
     55.9198  0.000606724
     56.5521  0.000606898
     57.1915   0.00060547
     57.8381  0.000605492
      58.492  0.000603643
     59.1534  0.000603773
     59.8222  0.000602084
     60.4986  0.000602016
     61.1826   0.00060054
     61.8744  0.000600365
      62.574  0.000598529
     63.2815  0.000598481
      63.997   0.00059692
     64.7205   0.00059655
     65.4523  0.000594825
     66.1923   0.00059452
     66.9408  0.000592846
     67.6976  0.000592521
      68.463  0.000590706
     69.2371  0.000590334
       70.02  0.000588493
     70.8116  0.000587977
     71.6123  0.000586246
      72.422  0.000585697
     73.2408  0.000583813
     74.0689  0.000583115
     74.9064  0.000581344
     75.7533  0.000580584
     76.6098  0.000578646
      77.476  0.000577977
      78.352  0.000575912
     79.2379  0.000575081
     80.1338  0.000573125
     81.0398  0.000572122
     81.9561  0.000570183
     82.8827  0.000569121
     83.8198  0.000567005
     84.7676  0.000565942
      85.726  0.000563785
     86.6952  0.000562614
     87.6755  0.000560458
     88.6668  0.000559152
     89.6693  0.000556885
     90.6831  0.000555548
     91.7084  0.000553288
     92.7454  0.000551774
      93.794  0.000549446
     94.8545  0.000547909
     95.9269   0.00054543
     97.0115  0.000543817
     98.1084   0.00054135
     99.2177  0.000539581
