  0.00099205    -0.011908
  0.00100327   -0.0122242
  0.00101461   -0.0129853
  0.00102608   -0.0133561
  0.00103768   -0.0141605
  0.00104942   -0.0145901
  0.00106128   -0.0154425
  0.00107328   -0.0159352
  0.00108542   -0.0168406
  0.00109769   -0.0174009
   0.0011101   -0.0183648
  0.00112265   -0.0189981
  0.00113534   -0.0200263
  0.00114818   -0.0207382
  0.00116116   -0.0218369
  0.00117429   -0.0226336
  0.00118757   -0.0238097
    0.001201   -0.0246978
  0.00121457   -0.0259586
  0.00122831   -0.0269454
  0.00124219   -0.0282989
  0.00125624   -0.0293922
  0.00127044    -0.030847
  0.00128481   -0.0320555
  0.00129933   -0.0336209
  0.00131403   -0.0349539
  0.00132888   -0.0366398
  0.00134391   -0.0381072
   0.0013591   -0.0399243
  0.00137447   -0.0415369
  0.00139001   -0.0434968
  0.00140573   -0.0452664
  0.00142162   -0.0473815
  0.00143769   -0.0493206
  0.00145395   -0.0516041
  0.00147039   -0.0537262
  0.00148701   -0.0561926
  0.00150383   -0.0585125
  0.00152083   -0.0611771
  0.00153802   -0.0637104
  0.00155541   -0.0665899
    0.001573   -0.0693535
  0.00159079   -0.0724657
  0.00160877   -0.0754778
  0.00162696   -0.0788417
  0.00164536   -0.0821217
  0.00166396   -0.0857575
  0.00168277   -0.0893264
   0.0017018   -0.0932559
  0.00172104   -0.0971357
   0.0017405    -0.101382
  0.00176018    -0.105597
  0.00178008    -0.110185
  0.00180021    -0.114759
  0.00182056    -0.119715
  0.00184115    -0.124677
  0.00186196    -0.130029
  0.00188301    -0.135406
  0.00190431    -0.141184
  0.00192584    -0.147007
  0.00194761    -0.153242
  0.00196963    -0.159543
   0.0019919    -0.166268
  0.00201442    -0.173081
   0.0020372     -0.18033
  0.00206023    -0.187691
  0.00208353    -0.195503
  0.00210708    -0.203449
  0.00213091     -0.21186
    0.002155    -0.220431
  0.00217937    -0.229483
  0.00220401    -0.238719
  0.00222893    -0.248453
  0.00225413    -0.258397
  0.00227962    -0.268857
  0.00230539    -0.279553
  0.00233146    -0.290785
  0.00235782    -0.302278
  0.00238448    -0.314327
  0.00241144    -0.326665
   0.0024387    -0.339579
  0.00246627    -0.352809
  0.00249416    -0.366636
  0.00252236    -0.380807
  0.00255088    -0.395596
  0.00257972    -0.410757
  0.00260889    -0.426557
  0.00263838    -0.442756
  0.00266822    -0.459616
  0.00269838    -0.476902
  0.00272889    -0.494869
  0.00275975    -0.513289
  0.00279095    -0.532409
  0.00282251    -0.552008
  0.00285442    -0.572326
  0.00288669    -0.593146
  0.00291933    -0.614702
  0.00295234    -0.636782
  0.00298572    -0.659613
  0.00301948    -0.682987
  0.00305362    -0.707126
  0.00308814    -0.731822
  0.00312306    -0.757293
  0.00315837    -0.783333
  0.00319408    -0.810153
  0.00323019     -0.83755
  0.00326672    -0.865727
  0.00330365    -0.894484
  0.00334101    -0.924014
  0.00337878     -0.95412
  0.00341698    -0.984987
  0.00345562     -1.01642
  0.00349469     -1.04859
   0.0035342     -1.08131
  0.00357416     -1.11474
  0.00361457     -1.14869
  0.00365544     -1.18331
  0.00369677     -1.21841
  0.00373857     -1.25413
  0.00378084     -1.29027
  0.00382359     -1.32698
  0.00386682     -1.36404
  0.00391054     -1.40158
  0.00395475     -1.43941
  0.00399947     -1.47762
  0.00404469     -1.51602
  0.00409042      -1.5547
  0.00413667     -1.59344
  0.00418344     -1.63234
  0.00423074     -1.67117
  0.00427857     -1.71002
  0.00432695     -1.74864
  0.00437587     -1.78711
  0.00442535     -1.82518
  0.00447538     -1.86291
  0.00452598     -1.90004
  0.00457716     -1.93663
  0.00462891      -1.9724
  0.00468125     -2.00738
  0.00473418     -2.04132
   0.0047877     -2.07421
  0.00484183     -2.10579
  0.00489658     -2.13605
  0.00495194     -2.16471
  0.00500793     -2.19176
  0.00506455     -2.21691
  0.00512182     -2.24012
  0.00517973     -2.26111
  0.00523829     -2.27984
  0.00529752     -2.29601
  0.00535741     -2.30958
  0.00541799     -2.32024
  0.00547925     -2.32794
   0.0055412      -2.3324
  0.00560385     -2.33354
  0.00566721     -2.33109
  0.00573129     -2.32498
  0.00579609     -2.31494
  0.00586162     -2.30092
   0.0059279     -2.28264
  0.00599492     -2.26008
   0.0060627     -2.23298
  0.00613125     -2.20132
  0.00620057     -2.16489
  0.00627068     -2.12369
  0.00634158     -2.07752
  0.00641328     -2.02643
  0.00648579     -1.97025
  0.00655912     -1.90908
  0.00663329      -1.8428
  0.00670829     -1.77154
  0.00678413     -1.69525
  0.00686084      -1.6141
  0.00693841     -1.52813
  0.00701686     -1.43755
   0.0070962     -1.34247
  0.00717643     -1.24319
  0.00725757     -1.13986
  0.00733963      -1.0329
  0.00742261     -0.92252
  0.00750654    -0.809205
  0.00759141    -0.693278
  0.00767724    -0.575289
  0.00776405    -0.455648
  0.00785183    -0.334988
  0.00794061    -0.213799
  0.00803039   -0.0927907
  0.00812118     0.027472
  0.00821301     0.146213
  0.00830587     0.262804
  0.00839978     0.376416
  0.00849475     0.486372
   0.0085908     0.591812
  0.00868793     0.692034
  0.00878616     0.786168
   0.0088855     0.873516
  0.00898596     0.953232
  0.00908756      1.02465
  0.00919031      1.08699
  0.00929422      1.13966
  0.00939931      1.18197
  0.00950558      1.21345
  0.00961306      1.23355
  0.00972175      1.24198
  0.00983167      1.23835
  0.00994283      1.22259
   0.0100552      1.19455
   0.0101689      1.15438
   0.0102839      1.10222
   0.0104002       1.0385
   0.0105178     0.963667
   0.0106367     0.878445
    0.010757      0.78359
   0.0108786     0.680155
   0.0110016     0.569206
    0.011126     0.452101
   0.0112518     0.330199
    0.011379     0.205129
   0.0115076    0.0784964
   0.0116378   -0.0478616
   0.0117693    -0.172171
   0.0119024    -0.292474
    0.012037    -0.406929
   0.0121731    -0.513573
   0.0123107    -0.610627
   0.0124499    -0.696265
   0.0125907    -0.768916
    0.012733    -0.827047
    0.012877    -0.869457
   0.0130226    -0.895062
   0.0131698    -0.903191
   0.0133187     -0.89336
   0.0134693    -0.865559
   0.0136216    -0.820028
   0.0137756    -0.757521
   0.0139314     -0.67907
   0.0140889    -0.586233
   0.0142482    -0.480835
   0.0144093    -0.365199
   0.0145722    -0.241866
    0.014737    -0.113792
   0.0149036    0.0159516
   0.0150721     0.144002
   0.0152425     0.267033
   0.0154149     0.381599
   0.0155892     0.484477
   0.0157654     0.572535
   0.0159437     0.643068
   0.0161239     0.693679
   0.0163062     0.722606
   0.0164906     0.728588
   0.0166771     0.711175
   0.0168656      0.67056
   0.0170563     0.607846
   0.0172492     0.524837
   0.0174442     0.424245
   0.0176414     0.309414
   0.0178409     0.184466
   0.0180426    0.0539566
   0.0182466   -0.0770507
   0.0184529    -0.203388
   0.0186615    -0.319771
   0.0188725    -0.421238
   0.0190859     -0.50317
   0.0193017    -0.561742
     0.01952    -0.593929
   0.0197407     -0.59792
   0.0199639    -0.573061
   0.0201896    -0.520182
   0.0204178    -0.441427
   0.0206487    -0.340446
   0.0208822    -0.222077
   0.0211183   -0.0923755
    0.021357     0.041857
   0.0215985     0.173205
   0.0218427     0.294238
   0.0220897     0.397746
   0.0223394     0.477394
    0.022592     0.527972
   0.0228475     0.545995
   0.0231058     0.529843
    0.023367      0.48018
   0.0236312     0.399854
   0.0238984     0.294038
   0.0241686       0.1698
   0.0244419    0.0359103
   0.0247183   -0.0979069
   0.0249977    -0.221461
   0.0252804    -0.325059
   0.0255662    -0.400114
   0.0258553    -0.440118
   0.0261476    -0.441115
   0.0264432    -0.402401
   0.0267422    -0.326589
   0.0270446    -0.219779
   0.0273504   -0.0910202
   0.0276596    0.0481577
   0.0279723     0.184889
   0.0282886     0.305963
   0.0286085     0.399317
   0.0289319     0.455161
    0.029259      0.46734
   0.0295899     0.434032
   0.0299244     0.358413
   0.0302628     0.248426
   0.0306049     0.116353
    0.030951   -0.0225431
   0.0313009    -0.151479
   0.0316548    -0.254309
   0.0320127    -0.317418
   0.0323747    -0.331817
   0.0327407    -0.294434
   0.0331109    -0.209093
   0.0334853   -0.0862387
   0.0338639    0.0579343
   0.0342467     0.203632
    0.034634     0.329971
   0.0350256     0.418245
   0.0354216     0.454768
   0.0358221     0.433539
   0.0362271     0.357526
   0.0366367     0.238936
   0.0370509    0.0975649
   0.0374698   -0.0419469
   0.0378935    -0.154334
   0.0383219    -0.218046
   0.0387552    -0.219656
   0.0391934    -0.156737
   0.0396366   -0.0392382
   0.0400847     0.111862
   0.0405379     0.267887
   0.0409963     0.398065
   0.0414598      0.47572
   0.0419286     0.484492
   0.0424026     0.422461
   0.0428821      0.30373
   0.0433669     0.156058
   0.0438572    0.0154018
   0.0443531   -0.0823972
   0.0448546    -0.110295
   0.0453617   -0.0576486
   0.0458746    0.0661074
   0.0463933     0.232405
   0.0469178     0.400147
   0.0474483     0.526017
   0.0479848     0.576764
   0.0485273     0.539328
    0.049076     0.426303
   0.0496309     0.273762
   0.0501921     0.131971
   0.0507596    0.0503571
   0.0513335    0.0616924
   0.0519139     0.169934
   0.0525008     0.347023
   0.0530944     0.540096
   0.0536948     0.688544
   0.0543019     0.745157
   0.0549158     0.694743
   0.0555367     0.562085
   0.0561647     0.405612
   0.0567997     0.296784
   0.0574419     0.292547
   0.0580914     0.410674
   0.0587482     0.619563
   0.0594124     0.847937
   0.0600842      1.01342
   0.0607635      1.05866
   0.0614505     0.980013
   0.0621453     0.833517
    0.062848      0.71314
   0.0635586     0.707707
   0.0642772     0.856268
   0.0650039      1.12397
   0.0657389      1.41461
   0.0664822      1.61714
   0.0672339      1.66585
    0.067994       1.5813
   0.0687628      1.46674
   0.0695403      1.45518
   0.0703266      1.63304
   0.0711217      1.98324
   0.0719258      2.38701
   0.0727391      2.69073
   0.0735615      2.80398
   0.0743932      2.76678
   0.0752344      2.73609
    0.076085      2.88837
   0.0769453      3.29621
   0.0778152      3.86474
   0.0786951      4.38546
   0.0795848      4.68384
   0.0804847       4.7609
   0.0813947      4.81334
   0.0823149      5.09637
   0.0832456      5.71652
   0.0841869      6.52062
   0.0851387      7.19483
   0.0861014      7.52443
   0.0870749       7.6051
   0.0880594      7.79793
    0.089055      8.41715
   0.0900619      9.40188
   0.0910802      10.2998
     0.09211      10.6561
   0.0931515      10.4991
   0.0942047      10.4163
   0.0952698      11.0033
    0.096347      12.0805
   0.0974363       12.462
    0.098538      10.7166
   0.0996521      6.43852
    0.100779     0.865428
    0.101918     -3.92696
    0.103071     -6.70114
    0.104236     -8.02986
    0.105415     -9.47484
    0.106606     -11.6761
    0.107812     -13.3641
    0.109031     -12.5209
    0.110264     -8.57341
     0.11151     -3.15127
    0.112771       1.6063
    0.114046      5.32006
    0.115336      9.46024
     0.11664      15.0237
    0.117958      20.6629
    0.119292      23.7736
    0.120641      23.3464
    0.122005      21.0171
    0.123384      19.0259
    0.124779      17.8352
     0.12619       16.412
    0.127617       14.306
     0.12906      12.3063
    0.130519      11.0061
    0.131995      9.89324
    0.133487      8.40126
    0.134996      6.91986
    0.136523       5.9991
    0.138066      5.32787
    0.139627      4.38506
    0.141206      3.43655
    0.142803      2.93976
    0.144417      2.60601
     0.14605      2.01668
    0.147702      1.47381
    0.149372      1.30147
     0.15106      1.13457
    0.152768     0.735091
    0.154496     0.495776
    0.156242     0.506186
    0.158009     0.350431
    0.159796    0.0906696
    0.161602    0.0864331
    0.163429     0.104014
    0.165277   -0.0897831
    0.167146    -0.152717
    0.169036   -0.0644197
    0.170947    -0.169641
     0.17288    -0.264335
    0.174835    -0.163916
    0.176811    -0.202543
     0.17881    -0.300031
    0.180832    -0.202512
    0.182877     -0.20706
    0.184944    -0.291717
    0.187035    -0.193516
     0.18915    -0.192087
    0.191289    -0.257768
    0.193452    -0.154382
    0.195639    -0.171555
    0.197851     -0.20781
    0.200088    -0.105912
     0.20235    -0.154078
    0.204638    -0.144148
    0.206952   -0.0687796
    0.209292    -0.138036
    0.211658   -0.0732588
    0.214051   -0.0641435
    0.216471    -0.103223
    0.218919   -0.0222168
    0.221394   -0.0792329
    0.223897   -0.0394988
    0.226429    -0.025853
    0.228989   -0.0636673
    0.231578    0.0042268
    0.234196   -0.0575027
    0.236844  0.000153845
    0.239522   -0.0291349
     0.24223   -0.0183945
    0.244969  -0.00128043
    0.247739   -0.0321239
     0.25054    0.0149243
    0.253373   -0.0348598
    0.256238    0.0195066
    0.259135   -0.0303259
    0.262065    0.0171343
    0.265028   -0.0230183
    0.268024     0.012761
    0.271055   -0.0158712
    0.274119   0.00859952
    0.277219    -0.010428
    0.280353   0.00542774
    0.283523  -0.00661286
    0.286729   0.00335944
     0.28997  -0.00411035
    0.293249   0.00208342
    0.296565    -0.002581
    0.299918   0.00120375
    0.303309  -0.00168637
    0.306738  0.000822052
    0.310206 -0.000930766
    0.313714  0.000565651
    0.317261 -0.000705006
    0.320848  0.000345768
    0.324475 -0.000315299
    0.328144  0.000366436
    0.331854 -0.000336304
    0.335606  5.73766e-05
    0.339401 -0.000187402
    0.343238  0.000232046
    0.347119 -0.000172647
    0.351044 -2.40817e-05
    0.355013 -0.000110498
    0.359027  0.000169188
    0.363086 -7.95929e-05
    0.367192 -7.93131e-06
    0.371343 -9.34053e-06
    0.375542  0.000139936
    0.379788 -9.47813e-05
    0.384082 -5.58477e-05
    0.388425  6.49334e-06
    0.392816   9.7602e-05
    0.397258 -5.95846e-05
    0.401749 -9.79931e-06
    0.406292   1.3714e-05
    0.410886  2.26774e-05
    0.415531 -4.19361e-05
    0.420229  1.41752e-05
    0.424981 -9.81064e-06
    0.429786   1.5977e-05
    0.434645 -2.56679e-05
     0.43956  1.41095e-05
     0.44453  4.24576e-05
    0.449556  1.94178e-05
    0.454639 -7.42721e-05
    0.459779  2.10826e-05
    0.464977 -3.89744e-06
    0.470235 -6.03932e-05
    0.475551  5.44458e-05
    0.480928  6.71802e-05
    0.486366 -8.90368e-05
    0.491865  3.98635e-05
    0.497426  1.94561e-05
     0.50305 -7.30302e-05
    0.508738  5.62981e-05
     0.51449  2.77215e-06
    0.520307 -4.70511e-05
     0.52619  6.35591e-05
     0.53214 -4.47568e-05
    0.538156  -1.2759e-05
    0.544241   3.9393e-05
    0.550394  -1.3755e-05
    0.556617  7.81578e-06
    0.562911   2.7836e-06
    0.569275 -1.32512e-05
    0.575712 -1.43181e-05
    0.582221  2.12328e-05
    0.588804 -1.21684e-05
    0.595462  1.90764e-05
    0.602194 -8.34558e-06
    0.609003 -6.55172e-06
    0.615889  3.77837e-05
    0.622852  -6.9353e-05
    0.629894    4.788e-05
    0.637016 -3.72119e-05
    0.644219   5.0339e-05
    0.651503 -3.88464e-05
    0.658869  1.37739e-05
    0.666318  4.21991e-06
    0.673852 -4.18085e-06
    0.681471  9.23169e-06
    0.689176  -2.6194e-05
    0.696968  2.33693e-05
    0.704849 -1.78147e-05
    0.712818  2.82007e-05
    0.720878  -3.0593e-05
    0.729028  1.27609e-05
    0.737271  3.90643e-06
    0.745607  3.06425e-06
    0.754037 -1.15961e-05
    0.762563 -1.11213e-06
    0.771185  3.59069e-07
    0.779904  1.85757e-05
    0.788722 -1.48153e-05
     0.79764  6.08056e-07
    0.806658 -2.10753e-06
    0.815779  5.52443e-06
    0.825003  3.44833e-06
     0.83433 -6.63713e-06
    0.843764 -3.00268e-06
    0.853304  4.92072e-06
    0.862952  -3.0391e-06
    0.872709  9.51972e-06
    0.882576 -9.60927e-06
    0.892555  2.45724e-06
    0.902647  7.88775e-07
    0.912852 -9.29782e-06
    0.923174  1.34104e-05
    0.933612  8.01342e-07
    0.944167 -1.42013e-05
    0.954843  1.42904e-05
    0.965639 -9.12316e-06
    0.976557  2.65607e-06
    0.987598  3.22348e-06
    0.998764 -8.44342e-07
     1.01006 -7.97747e-06
     1.02148  7.46168e-06
     1.03303  7.73392e-07
     1.04471 -1.05016e-06
     1.05652 -3.59731e-06
     1.06846  6.14227e-06
     1.08054  -6.2519e-06
     1.09276  1.86686e-06
     1.10512  1.19111e-06
     1.11761 -6.81168e-07
     1.13025 -1.38411e-06
     1.14303  7.27011e-06
     1.15595 -1.12714e-05
     1.16902  1.10397e-05
     1.18224 -8.58281e-06
     1.19561  3.80964e-06
     1.20912  6.73117e-07
      1.2228 -7.14072e-06
     1.23662  1.04515e-05
      1.2506 -2.55525e-06
     1.26474 -3.66869e-06
     1.27904   2.2994e-07
      1.2935  4.05025e-06
     1.30813  -6.3636e-06
     1.32292  6.54594e-06
     1.33788 -3.97209e-06
       1.353  3.03607e-06
      1.3683 -3.15335e-06
     1.38377  3.14586e-06
     1.39942 -6.30382e-06
     1.41524  6.84372e-06
     1.43124 -1.29849e-06
     1.44742 -3.69112e-06
     1.46379  5.88723e-06
     1.48034 -4.59622e-06
     1.49708  -5.9939e-07
       1.514  2.78862e-06
     1.53112 -1.09361e-07
     1.54843 -2.79313e-07
     1.56594 -1.39068e-06
     1.58365  1.55784e-06
     1.60155 -5.75098e-07
     1.61966 -2.11139e-06
     1.63797  4.37593e-06
     1.65649 -2.31434e-06
     1.67522 -2.50908e-06
     1.69416  4.20321e-06
     1.71332 -2.59299e-06
     1.73269  1.31146e-06
     1.75228  4.83575e-07
     1.77209 -1.43375e-06
     1.79213 -2.54085e-07
     1.81239  1.65638e-06
     1.83288 -1.31083e-06
     1.85361  6.16613e-07
     1.87457 -5.91526e-07
     1.89576 -3.22484e-07
     1.91719  1.98796e-06
     1.93887 -1.96449e-06
     1.96079  1.09957e-06
     1.98296 -8.96632e-07
     2.00538    4.567e-07
     2.02806  9.18634e-07
     2.05099 -1.85764e-06
     2.07418  1.59006e-06
     2.09763 -1.58866e-06
     2.12135  2.21854e-06
     2.14533 -2.23228e-06
     2.16959  1.48779e-06
     2.19412 -8.59575e-07
     2.21893    6.089e-07
     2.24401 -3.14782e-07
     2.26939 -1.78848e-07
     2.29505  3.82843e-07
     2.32099 -8.20867e-08
     2.34724 -2.90135e-07
     2.37378  3.47684e-07
     2.40061 -1.96096e-07
     2.42776  2.31309e-07
     2.45521 -4.61079e-07
     2.48297  5.81502e-07
     2.51104 -4.23602e-07
     2.53943  2.00228e-07
     2.56814 -2.15688e-07
     2.59718  3.79645e-07
     2.62655 -4.14097e-07
     2.65624  1.04109e-07
     2.68628  2.73802e-07
     2.71665 -2.34733e-07
     2.74736 -5.73318e-08
     2.77843   2.0623e-07
     2.80984 -1.06499e-07
     2.84161 -1.65738e-07
     2.87374  3.87777e-07
     2.90623 -2.81828e-07
     2.93909 -1.48402e-07
     2.97232  4.21243e-07
     3.00593 -3.00294e-07
     3.03992  4.17689e-08
     3.07429  2.43297e-07
     3.10905 -3.74129e-07
      3.1442  1.92221e-07
     3.17975  6.02255e-08
      3.2157 -2.30918e-07
     3.25206  3.30946e-07
     3.28883 -2.52744e-07
     3.32601  -5.1841e-08
     3.36362  2.83636e-07
     3.40165 -2.11211e-07
     3.44011  1.15721e-07
     3.47901 -1.01951e-07
     3.51834 -6.01478e-08
     3.55812  2.54458e-07
     3.59835 -2.63534e-07
     3.63904  1.83233e-07
     3.68018 -1.30052e-07
     3.72179  8.06987e-08
     3.76387  -1.8039e-08
     3.80643 -5.08505e-08
     3.84947  1.18054e-07
     3.89299 -1.66268e-07
     3.93701  1.79599e-07
     3.98152 -1.48699e-07
     4.02654  1.19417e-07
     4.07206  -1.1159e-07
     4.11811  7.39344e-08
     4.16467 -3.07298e-08
     4.21175  1.24377e-08
     4.25938   8.7106e-09
     4.30753 -1.97054e-08
     4.35624  2.62114e-08
     4.40549 -3.05478e-08
      4.4553 -7.08984e-09
     4.50568  2.90304e-08
     4.55662  1.33967e-08
     4.60814 -2.11146e-08
     4.66024 -2.85162e-08
     4.71293   3.5586e-08
     4.76622 -1.01265e-08
     4.82011  1.97456e-08
     4.87461 -2.87517e-08
     4.92972  7.71069e-09
     4.98546  4.67111e-10
     5.04183  4.27266e-09
     5.09883 -5.17871e-09
     5.15648  2.50149e-08
     5.21479 -4.13427e-08
     5.27375  1.91727e-08
     5.33338  1.14322e-08
     5.39368 -1.51963e-08
     5.45466 -3.71011e-09
     5.51633  6.51537e-09
     5.57871   2.3146e-08
     5.64178 -3.78242e-08
     5.70557  1.87608e-08
     5.77008  1.42642e-09
     5.83532 -1.22905e-08
      5.9013  1.08261e-08
     5.96802  8.57072e-09
      6.0355 -2.84199e-08
     6.10374  2.96827e-08
     6.17275 -1.48836e-08
     6.24254  5.98558e-10
     6.31312  4.41186e-09
      6.3845 -3.53445e-09
     6.45669   1.8234e-09
     6.52969 -9.11719e-09
     6.60352  2.66785e-08
     6.67818 -3.65714e-08
     6.75369  2.81194e-08
     6.83005 -9.98386e-09
     6.90728  -1.9625e-09
     6.98537 -1.57555e-09
     7.06435  9.70354e-09
     7.14423 -6.31444e-09
       7.225  -4.1764e-09
     7.30669  7.36362e-09
     7.38931  8.06622e-10
     7.47285 -1.39501e-08
     7.55735  2.21855e-08
     7.64279 -2.03134e-08
     7.72921  1.27125e-08
      7.8166 -5.68631e-09
     7.90498 -1.39939e-09
     7.99435  9.00771e-09
     8.08474 -9.44737e-09
     8.17615 -4.42428e-10
      8.2686  1.03738e-08
     8.36209 -1.26808e-08
     8.45663  1.18056e-08
     8.55225 -1.18733e-08
     8.64894  1.02669e-08
     8.74673 -5.00875e-09
     8.84563 -9.39843e-10
     8.94564  2.94894e-09
     9.04679  3.24276e-11
     9.14907 -4.54013e-09
     9.25252  7.55349e-09
     9.35713  -9.0352e-09
     9.46293  9.29049e-09
     9.56992 -8.31954e-09
     9.67812  6.72622e-09
     9.78755 -4.60324e-09
     9.89821  1.82827e-09
     10.0101  4.01684e-10
     10.1233 -9.79107e-10
     10.2378  6.30508e-10
     10.3535 -4.84668e-10
     10.4706  4.54084e-10
      10.589  5.43997e-12
     10.7087 -8.65119e-10
     10.8298  1.78188e-09
     10.9522 -2.60297e-09
     11.0761  3.21728e-09
     11.2013 -3.30658e-09
     11.3279  2.72269e-09
      11.456 -1.92193e-09
     11.5855  1.34137e-09
     11.7165 -6.89001e-10
      11.849 -3.85978e-10
      11.983  1.39517e-09
     12.1185 -1.62558e-09
     12.2555  1.19741e-09
      12.394 -7.84568e-10
     12.5342  6.26738e-10
     12.6759 -4.49629e-10
     12.8192  9.00611e-11
     12.9642  2.74841e-10
     13.1107 -4.69356e-10
      13.259   5.1837e-10
     13.4089 -5.04034e-10
     13.5605  4.16248e-10
     13.7138 -2.06698e-10
     13.8689 -1.09423e-10
     14.0257   3.9065e-10
     14.1843 -4.63697e-10
     14.3446  3.02972e-10
     14.5068 -8.69682e-11
     14.6709  -8.0798e-14
     14.8367 -6.28218e-11
     15.0045  1.59105e-10
     15.1741 -2.02569e-10
     15.3457   1.9854e-10
     15.5192  -1.9427e-10
     15.6947   1.9777e-10
     15.8721 -1.90439e-10
     16.0516  1.54802e-10
     16.2331 -1.06224e-10
     16.4166   5.7796e-11
     16.6022 -1.89721e-11
     16.7899 -8.45601e-12
     16.9798  1.60995e-11
     17.1718 -1.24839e-11
     17.3659  8.43249e-12
     17.5623  -2.5741e-11
     17.7608  6.46648e-11
     17.9616 -1.10231e-10
     18.1647  1.24941e-10
     18.3701 -9.06597e-11
     18.5778  9.00642e-12
     18.7879  7.83121e-11
     19.0003 -1.33868e-10
     19.2151  1.32722e-10
     19.4324 -9.22925e-11
     19.6521  3.72476e-11
     19.8743 -1.93614e-12
      20.099 -8.47395e-12
     20.3262 -7.37387e-12
      20.556   3.0433e-11
     20.7885 -5.45529e-11
     21.0235  6.39238e-11
     21.2612 -6.43944e-11
     21.5016   5.1753e-11
     21.7447 -3.84623e-11
     21.9906  2.03653e-11
     22.2392 -9.83709e-12
     22.4907  1.86632e-12
     22.7449 -6.62919e-12
     23.0021  1.07349e-11
     23.2622 -1.98945e-11
     23.5252  2.31041e-11
     23.7912 -3.13073e-11
     24.0602  3.22227e-11
     24.3322  -3.6991e-11
     24.6073  3.45985e-11
     24.8856 -3.86699e-11
     25.1669   3.5609e-11
     25.4515 -3.79062e-11
     25.7393  3.16796e-11
     26.0303 -3.34126e-11
     26.3246  2.84902e-11
     26.6222 -3.23693e-11
     26.9232  2.76747e-11
     27.2276 -3.17013e-11
     27.5355  2.63064e-11
     27.8468 -3.06021e-11
     28.1617  2.50228e-11
     28.4801 -3.01749e-11
     28.8021     2.44e-11
     29.1277 -2.98538e-11
     29.4571  2.30709e-11
     29.7901 -2.85445e-11
      30.127  2.10731e-11
     30.4676 -2.73131e-11
     30.8121  1.95227e-11
     31.1604 -2.65933e-11
     31.5128  1.84448e-11
     31.8691 -2.64782e-11
     32.2294  1.76797e-11
     32.5938 -2.62747e-11
     32.9623  1.65078e-11
      33.335 -2.57446e-11
     33.7119  1.50226e-11
     34.0931 -2.50786e-11
     34.4786  1.34853e-11
     34.8684 -2.46321e-11
     35.2626  1.21357e-11
     35.6613 -2.43477e-11
     36.0645  1.08405e-11
     36.4723 -2.43725e-11
     36.8847  9.80835e-12
     37.3017 -2.45526e-11
     37.7235  8.53927e-12
       38.15 -2.45269e-11
     38.5813  7.08162e-12
     39.0175 -2.45976e-11
     39.4587  5.60737e-12
     39.9048 -2.47578e-11
      40.356  4.09566e-12
     40.8123 -2.50758e-11
     41.2738  2.56876e-12
     41.7404 -2.54969e-11
     42.2124  9.90782e-13
     42.6896 -2.61054e-11
     43.1723 -6.10354e-13
     43.6604 -2.67832e-11
     44.1541 -2.41089e-12
     44.6533 -2.74988e-11
     45.1582 -4.29999e-12
     45.6688 -2.84446e-11
     46.1851 -6.19758e-12
     46.7073 -2.95767e-11
     47.2354 -8.20664e-12
     47.7695 -3.08529e-11
     48.3096 -1.03696e-11
     48.8558 -3.22836e-11
     49.4082 -1.26904e-11
     49.9668  -3.3869e-11
     50.5318 -1.52107e-11
     51.1031 -3.56638e-11
     51.6809 -1.78598e-11
     52.2653 -3.77216e-11
     52.8562  -2.0694e-11
     53.4538 -4.00024e-11
     54.0582  -2.3763e-11
     54.6694 -4.25235e-11
     55.2875 -2.70777e-11
     55.9126 -4.53196e-11
     56.5448  -3.0658e-11
     57.1841 -4.84255e-11
     57.8307 -3.45088e-11
     58.4846 -5.18792e-11
     59.1458 -3.86847e-11
     59.8146 -5.56717e-11
     60.4908 -4.32249e-11
     61.1748 -5.98582e-11
     61.8665 -4.81375e-11
      62.566 -6.44811e-11
     63.2734  -5.3478e-11
     63.9888 -6.95546e-11
     64.7123  -5.9284e-11
     65.4439 -7.51391e-11
     66.1839 -6.55896e-11
     66.9322 -8.12715e-11
      67.689 -7.24474e-11
     68.4543 -8.79967e-11
     69.2283 -7.99083e-11
      70.011 -9.53638e-11
     70.8026 -8.80324e-11
     71.6031 -1.03439e-10
     72.4127 -9.68771e-11
     73.2314 -1.12285e-10
     74.0594 -1.06512e-10
     74.8968 -1.21974e-10
     75.7436 -1.17009e-10
        76.6 -1.32583e-10
     77.4661  -1.2845e-10
     78.3419  -1.4419e-10
     79.2277 -1.40924e-10
     80.1235 -1.56882e-10
     81.0294 -1.54521e-10
     81.9456 -1.70765e-10
     82.8721 -1.69343e-10
     83.8091 -1.85939e-10
     84.7567 -1.85499e-10
      85.715 -2.02518e-10
     86.6841 -2.03115e-10
     87.6642 -2.20635e-10
     88.6554 -2.22328e-10
     89.6578 -2.40432e-10
     90.6715 -2.43281e-10
     91.6967 -2.62054e-10
     92.7335 -2.66131e-10
      93.782 -2.85665e-10
     94.8423 -2.91042e-10
     95.9147 -3.11438e-10
     96.9991 -3.18201e-10
     98.0958 -3.39567e-10
      99.205 -3.47813e-10
