 0.000992177     -7557.14
  0.00100339     -7534.31
  0.00101474     -7496.64
  0.00102621     -7470.14
  0.00103782     -7432.67
  0.00104955     -7409.38
  0.00106142     -7364.46
  0.00107342     -7340.89
  0.00108555     -7295.97
  0.00109783     -7271.15
  0.00111024     -7225.98
  0.00112279     -7195.58
  0.00113549     -7153.26
  0.00114833     -7119.36
  0.00116131     -7074.48
  0.00117444     -7043.11
  0.00118772     -6994.03
  0.00120115     -6958.58
  0.00121473     -6911.12
  0.00122846     -6874.29
  0.00124235     -6825.84
   0.0012564     -6783.81
  0.00127061     -6734.21
  0.00128497     -6696.37
   0.0012995     -6638.69
  0.00131419     -6598.89
  0.00132905     -6543.83
  0.00134408     -6500.07
  0.00135928     -6442.41
  0.00137465     -6397.55
  0.00139019     -6338.27
  0.00140591     -6291.14
   0.0014218      -6231.1
  0.00143788      -6179.3
  0.00145413      -6119.5
  0.00147058     -6066.59
   0.0014872     -6001.89
  0.00150402     -5948.71
  0.00152102     -5882.42
  0.00153822     -5826.19
  0.00155561     -5758.21
   0.0015732     -5699.45
  0.00159099     -5630.93
  0.00160898     -5567.99
  0.00162717     -5498.16
  0.00164557      -5433.6
  0.00166417     -5360.86
  0.00168299     -5293.99
  0.00170202      -5220.1
  0.00172126     -5150.51
  0.00174072     -5073.62
   0.0017604     -5003.17
  0.00178031     -4923.25
  0.00180044     -4850.41
  0.00182079     -4768.58
  0.00184138     -4693.76
   0.0018622     -4609.13
  0.00188326     -4532.59
  0.00190455     -4445.91
  0.00192608     -4365.78
  0.00194786      -4278.9
  0.00196988     -4195.06
  0.00199216     -4106.36
  0.00201468     -4021.11
  0.00203746     -3929.14
   0.0020605     -3842.69
  0.00208379     -3747.98
  0.00210735     -3659.75
  0.00213118     -3563.16
  0.00215528     -3472.55
  0.00217965     -3374.41
  0.00220429     -3281.41
  0.00222921     -3181.67
  0.00225442     -3086.91
  0.00227991     -2985.33
  0.00230568     -2888.74
  0.00233175      -2785.7
  0.00235812      -2687.3
  0.00238478     -2582.87
  0.00241174     -2482.94
  0.00243901     -2377.28
  0.00246659     -2275.87
  0.00249448     -2169.18
  0.00252268     -2066.52
   0.0025512     -1958.97
  0.00258005     -1855.39
  0.00260922     -1747.07
  0.00263872     -1642.75
  0.00266856     -1533.91
  0.00269873     -1429.18
  0.00272924     -1320.03
   0.0027601     -1215.17
  0.00279131     -1106.11
  0.00282287     -1001.35
  0.00285478     -892.551
  0.00288706     -788.263
  0.00291971     -680.236
  0.00295272     -576.657
   0.0029861     -469.744
  0.00301986     -367.362
  0.00305401     -261.837
  0.00308854     -161.011
  0.00312346     -57.4067
  0.00315878      41.4625
  0.00319449      142.747
  0.00323061      239.191
  0.00326714      337.724
  0.00330408      431.197
  0.00334143       526.51
  0.00337921      616.568
  0.00341742      708.116
  0.00345606      794.256
  0.00349514      881.501
  0.00353465      963.168
  0.00357462      1045.64
  0.00361503      1122.29
  0.00365591       1199.4
  0.00369724      1270.49
  0.00373905      1341.64
  0.00378132      1406.66
  0.00382408      1471.35
  0.00386731      1529.72
  0.00391104      1587.35
  0.00395526      1638.49
  0.00399998      1688.63
  0.00404521      1732.02
  0.00409094      1774.06
   0.0041372      1809.21
  0.00418397      1842.73
  0.00423128      1869.16
  0.00427912      1893.68
   0.0043275      1910.99
  0.00437643      1926.12
  0.00442592      1933.94
  0.00447596      1939.36
  0.00452656      1937.37
  0.00457774      1932.83
   0.0046295      1920.83
  0.00468185      1906.16
  0.00473478      1884.01
  0.00478832      1859.12
  0.00484245      1826.85
  0.00489721      1791.79
  0.00495258      1749.45
  0.00500857      1704.43
   0.0050652      1652.29
  0.00512247      1597.61
  0.00518039      1536.06
  0.00523896      1472.13
   0.0052982      1401.73
   0.0053581      1329.22
  0.00541868      1250.66
  0.00547995      1170.37
  0.00554191      1084.54
  0.00560457      997.477
  0.00566794      905.437
  0.00573202      812.698
  0.00579683      715.728
  0.00586237      618.679
  0.00592866      518.171
  0.00599569       418.33
  0.00606348      315.869
  0.00613204      214.888
  0.00620137      112.238
  0.00627148      11.9392
  0.00634239     -89.0377
   0.0064141     -186.734
  0.00648662     -284.073
  0.00655997     -377.144
  0.00663414       -468.8
  0.00670914      -555.19
    0.006785       -639.1
  0.00686172     -716.762
   0.0069393     -790.889
  0.00701776     -857.841
   0.0070971     -920.265
  0.00717735     -974.615
   0.0072585     -1023.56
  0.00734057     -1063.65
  0.00742356     -1097.56
   0.0075075     -1121.99
  0.00759238     -1139.63
  0.00767823     -1147.35
  0.00776504     -1147.88
  0.00785284     -1138.25
  0.00794162     -1121.29
  0.00803142     -1094.19
  0.00812222     -1059.85
  0.00821406     -1015.72
  0.00830693     -964.756
  0.00840085     -904.628
  0.00849584     -838.409
   0.0085919     -763.974
  0.00868904     -684.528
  0.00878728     -598.138
  0.00888664     -508.135
  0.00898711     -412.773
  0.00908873     -315.492
  0.00919149     -214.744
  0.00929541     -114.003
  0.00940051     -11.9102
   0.0095068      88.0276
  0.00961429      187.068
  0.00972299      281.692
  0.00983293      373.099
   0.0099441      457.823
   0.0100565      537.074
   0.0101702      607.485
   0.0102852      670.344
   0.0104015      722.465
   0.0105191      765.275
   0.0106381      795.846
   0.0107583      815.809
     0.01088      822.569
    0.011003      818.029
   0.0111274      799.973
   0.0112532      770.659
   0.0113804      728.279
   0.0115091      675.463
   0.0116392      610.877
   0.0117708       537.52
   0.0119039      454.507
   0.0120385      365.205
   0.0121746      269.143
   0.0123123      169.995
   0.0124515      67.6218
   0.0125923     -34.0935
   0.0127347     -135.064
   0.0128786     -231.329
   0.0130243     -322.744
   0.0131715     -405.438
   0.0133204     -479.376
   0.0134711     -540.971
   0.0136234     -590.512
   0.0137774     -624.881
   0.0139332     -644.883
   0.0140907     -648.062
     0.01425      -635.91
   0.0144111     -606.773
   0.0145741     -562.945
   0.0147389      -503.67
   0.0149055     -432.074
    0.015074     -348.282
   0.0152445      -256.21
   0.0154168     -156.741
   0.0155911     -54.3994
   0.0157674      49.4004
   0.0159457      149.813
    0.016126      245.237
   0.0163083      330.895
   0.0164927      405.418
   0.0166792      464.541
   0.0168678      507.591
   0.0170585      531.263
   0.0172514      536.003
   0.0174464      519.848
   0.0176437      484.672
   0.0178432      430.081
   0.0180449      359.505
   0.0182489      274.115
   0.0184553      178.762
   0.0186639      75.9046
    0.018875     -28.5999
   0.0190884     -131.572
   0.0193042     -226.837
   0.0195225     -311.288
   0.0197432     -379.313
   0.0199664     -428.787
   0.0201922     -455.576
   0.0204205     -459.397
   0.0206513     -438.345
   0.0208848     -394.579
    0.021121     -328.803
   0.0213598     -245.748
   0.0216013     -148.566
   0.0218455     -44.0819
   0.0220925       62.894
   0.0223423       164.53
   0.0225949      255.709
   0.0228504      329.141
   0.0231088      381.065
     0.02337      406.404
   0.0236343      404.319
   0.0239015       373.28
   0.0241717      316.348
    0.024445      236.049
   0.0247214      139.297
   0.0250009      32.0067
   0.0252836     -76.3442
   0.0255695     -178.329
   0.0258586     -264.283
   0.0261509     -327.986
   0.0264466     -362.442
   0.0267456     -365.396
    0.027048     -334.915
   0.0273539     -274.475
   0.0276631     -188.108
   0.0279759     -84.8757
   0.0282922      26.5216
   0.0286121      133.869
   0.0289356      227.239
   0.0292628      295.456
   0.0295936      331.935
   0.0299282      331.019
   0.0302666      293.329
   0.0306088      221.466
   0.0309549       124.42
   0.0313049       12.315
   0.0316589     -100.226
   0.0320168     -200.172
   0.0323788      -273.37
   0.0327449     -310.825
   0.0331151     -305.793
   0.0334896     -259.288
   0.0338682     -176.022
   0.0342511     -68.3556
   0.0346384      49.4137
     0.03503      158.739
   0.0354261      243.744
   0.0358267        289.6
   0.0362317      289.277
   0.0366414      240.944
   0.0370557      152.859
   0.0374746      38.3782
   0.0378983     -81.8686
   0.0383268     -187.416
   0.0387602     -257.583
   0.0391984     -279.518
   0.0396416     -247.059
   0.0400898      -166.51
   0.0405431     -52.0957
   0.0410015      72.3714
   0.0414651      181.936
   0.0419339      251.765
   0.0424081       266.66
   0.0428875      221.125
   0.0433725      125.275
   0.0438628    -0.465694
   0.0443588     -125.625
   0.0448603     -220.459
   0.0453675     -259.555
   0.0458805     -232.594
   0.0463992     -144.199
   0.0469239      -17.605
   0.0474544      114.319
   0.0479909      213.792
   0.0485336      252.488
   0.0490823      216.692
   0.0496373      116.259
   0.0501985     -20.5576
   0.0507661     -150.896
     0.05134      -233.79
   0.0519205     -239.981
   0.0525076     -166.323
   0.0531012     -34.9904
   0.0537016      108.752
   0.0543088      214.815
   0.0549229      242.575
   0.0555438      180.459
   0.0561718       48.812
    0.056807     -102.063
   0.0574492     -213.465
   0.0580988     -238.013
   0.0587557     -163.905
     0.05942      -18.977
   0.0600919      134.872
   0.0607713      230.321
   0.0614584      221.307
   0.0621533      109.664
    0.062856     -55.6743
   0.0635667     -195.314
   0.0642854     -240.064
   0.0650123     -163.325
   0.0657473     -1.71941
   0.0664907      162.925
   0.0672425      240.865
   0.0680028      187.007
   0.0687716      26.4474
   0.0695492     -150.985
   0.0703356     -242.091
   0.0711308     -188.042
   0.0719351     -17.6815
   0.0727484      166.976
   0.0735709      246.982
   0.0744028      166.687
    0.075244     -27.0875
   0.0760947     -205.252
   0.0769551     -243.427
   0.0778252     -107.956
   0.0787051      108.444
    0.079595      248.553
    0.080495      201.647
   0.0814051     -2.91102
   0.0823255     -210.252
   0.0832563     -251.491
   0.0841976     -85.8944
   0.0851496      156.647
   0.0861124      269.445
    0.087086      147.924
   0.0880707      -110.25
   0.0890664     -273.418
   0.0900735     -184.615
   0.0910919      84.3108
   0.0921218      278.556
   0.0931634      201.122
   0.0942167     -84.1202
    0.095282     -290.913
   0.0963593     -196.585
   0.0974488      113.838
   0.0985506      308.649
   0.0996649      162.775
    0.100792     -176.029
    0.101931     -320.633
    0.103084     -87.4683
    0.104249      262.102
    0.105428      299.287
     0.10662     -41.3315
    0.107826     -343.098
    0.109045     -204.742
    0.110278      214.682
    0.111524      358.831
    0.112785      7.55387
    0.114061     -370.676
     0.11535     -229.448
    0.116655      258.068
    0.117973      380.112
    0.119307     -74.9533
    0.120656     -436.333
     0.12202     -121.165
      0.1234      406.694
    0.124795      291.719
    0.126206     -319.818
    0.127633     -417.173
    0.129076       205.49
    0.130536      498.376
    0.132012      -91.004
    0.133504     -546.234
    0.135014      -9.8909
     0.13654      574.649
    0.138084      84.5086
    0.139645     -597.214
    0.141224     -128.824
    0.142821      624.878
    0.144436      136.035
    0.146069     -661.235
     0.14772     -101.888
    0.149391      702.698
     0.15108      15.0504
    0.152788      -736.74
    0.154515      127.041
    0.156262      736.987
    0.158029     -324.355
    0.159816     -666.596
    0.161623      550.126
     0.16345      485.756
    0.165298     -752.664
    0.167167     -176.688
    0.169057      838.981
    0.170969     -229.543
    0.172902       -720.2
    0.174857      617.558
    0.176834      352.771
    0.178833     -813.469
    0.180855      165.719
      0.1829      666.208
    0.184968     -605.834
    0.187059     -204.061
    0.189174       698.96
    0.191313     -322.673
    0.193476     -392.024
    0.195664      573.801
    0.197876     -88.6369
    0.200114     -439.284
    0.202376      403.769
    0.204664      81.6718
    0.206978     -440.415
    0.209319      271.882
    0.211685      201.793
    0.214079     -477.454
    0.216499      252.986
    0.218947      233.963
    0.221423     -544.126
    0.223926      379.696
    0.226458      88.0432
    0.229018     -497.167
    0.231608      511.214
    0.234226     -184.617
    0.236875     -247.762
    0.239553      434.544
    0.242261     -316.451
    0.245001     -32.7079
    0.247771      302.346
    0.250572       -372.5
    0.253405      148.597
     0.25627      149.813
    0.259168     -421.476
    0.262098      438.472
    0.265062     -300.313
    0.268059     -12.3022
    0.271089      229.215
    0.274154     -381.373
    0.277254      280.486
    0.280389     -136.132
    0.283559     -144.631
    0.286765      272.119
    0.290008     -399.935
    0.293287      284.171
    0.296603     -202.484
    0.299956     -56.9099
    0.303348      151.782
    0.306777     -341.249
    0.310246      285.737
    0.313754     -322.742
    0.317301      125.153
    0.320889     -80.1911
    0.324517     -145.446
    0.328186      167.106
    0.331897     -320.806
    0.335649      272.619
    0.339444      -318.32
    0.343282      228.977
    0.347164     -174.039
    0.351089      113.497
    0.355059      32.8257
    0.359073      15.0766
    0.363133      240.566
    0.367239     -10.2223
    0.371391       426.53
     0.37559      58.9994
    0.379837      601.133
    0.384131      222.551
    0.388474      792.282
    0.392867      475.175
    0.397309      1027.02
    0.401801      798.744
    0.406344      1294.53
    0.410938      1129.82
    0.415584      1435.31
    0.420283      648.298
    0.425035      2641.29
    0.429841      703.116
    0.434701      1152.51
    0.439616      1062.34
    0.444586       946.83
    0.449613      737.828
    0.454697      632.833
    0.459838      460.197
    0.465037      384.303
    0.470295      261.791
    0.475612      213.263
     0.48099      130.531
    0.486428      101.882
    0.491928      48.5176
     0.49749      34.8208
    0.503115      2.78101
    0.508803    -0.269803
    0.514556     -17.6428
    0.520374      -14.678
    0.526258     -23.2457
    0.532208     -17.6382
    0.538225      -21.745
    0.544311     -15.5382
    0.550465     -17.4663
    0.556689     -11.9343
    0.562983      -12.785
    0.569348      -8.2839
    0.575786     -8.82575
    0.582296      -5.2615
     0.58888     -5.85572
    0.595538     -3.07318
    0.602271     -3.74665
    0.609081     -1.68513
    0.615967     -2.30087
    0.622932    -0.846835
    0.629975     -1.39814
    0.637098    -0.343484
    0.644301    -0.881037
    0.651586   -0.0448057
    0.658953     -0.59623
    0.666404     0.106243
    0.673939    -0.421875
    0.681558     0.172095
    0.689264    -0.319175
    0.697058     0.191138
    0.704939    -0.249473
    0.712909     0.176095
     0.72097     -0.19183
    0.729122     0.152527
    0.737365    -0.157253
    0.745702      0.13741
    0.754134    -0.135977
     0.76266     0.117497
    0.771283    -0.110088
    0.780004     0.101488
    0.788823    -0.093816
    0.797742    0.0842333
    0.806762   -0.0801458
    0.815883    0.0743654
    0.825108   -0.0687689
    0.834437    0.0646881
    0.843872   -0.0584888
    0.853413    0.0547189
    0.863062   -0.0542604
    0.872821    0.0514591
    0.882689   -0.0486816
    0.892669    0.0442102
    0.902762   -0.0419752
    0.912969    0.0375125
    0.923292   -0.0370949
    0.933731    0.0322218
    0.944288   -0.0302131
    0.954965    0.0297484
    0.965762    -0.027681
    0.976682    0.0238621
    0.987725     -0.02581
    0.998892    0.0242353
     1.01019     -0.02262
     1.02161    0.0211175
     1.03316   -0.0192048
     1.04484    0.0169095
     1.05665    -0.016421
      1.0686    0.0160026
     1.08068   -0.0157786
      1.0929     0.013668
     1.10526   -0.0150603
     1.11776    0.0134847
     1.13039   -0.0130375
     1.14317    0.0129149
      1.1561   -0.0119764
     1.16917     0.010622
     1.18239   -0.0109631
     1.19576   0.00996622
     1.20928   -0.0106383
     1.22295   0.00839862
     1.23678  -0.00838241
     1.25076   0.00915868
      1.2649  -0.00768299
     1.27921   0.00730159
     1.29367  -0.00699979
      1.3083   0.00696009
     1.32309  -0.00714289
     1.33805   0.00560339
     1.35318  -0.00642308
     1.36848   0.00490324
     1.38395  -0.00575099
      1.3996   0.00462462
     1.41542  -0.00565082
     1.43143   0.00440756
     1.44761  -0.00485111
     1.46398   0.00355892
     1.48053  -0.00449401
     1.49727    0.0039036
      1.5142  -0.00375563
     1.53132   0.00387545
     1.54863   -0.0037274
     1.56614   0.00330053
     1.58385  -0.00361731
     1.60176   0.00246138
     1.61987  -0.00251414
     1.63818   0.00280217
     1.65671  -0.00366348
     1.67544   0.00282157
     1.69438  -0.00282715
     1.71354   0.00195687
     1.73291  -0.00240955
     1.75251   0.00181978
     1.77232  -0.00284491
     1.79236    0.0017967
     1.81262  -0.00233138
     1.83312   0.00119694
     1.85384  -0.00215248
     1.87481   0.00198392
       1.896  -0.00231415
     1.91744   0.00180983
     1.93912  -0.00185311
     1.96104  0.000980953
     1.98322   -0.0011138
     2.00564  0.000971037
     2.02832  -0.00140742
     2.05125  0.000690595
     2.07444  -0.00177432
      2.0979   0.00111994
     2.12162  -0.00129208
     2.14561   0.00100484
     2.16987  -0.00137171
      2.1944  0.000590791
     2.21921   -0.0016103
      2.2443  0.000804622
     2.26968   -0.0014112
     2.29534  0.000892017
     2.32129  -0.00125611
     2.34754  0.000575287
     2.37408  -0.00099765
     2.40092   0.00076953
     2.42807  -0.00105884
     2.45552  0.000238466
     2.48328 -0.000897162
     2.51136  0.000278585
     2.53976  -0.00078826
     2.56847  0.000263817
     2.59751  -0.00055213
     2.62688  0.000130466
     2.65658 -0.000970096
     2.68662  0.000168427
       2.717 -0.000803229
     2.74772  9.23756e-05
     2.77878 -0.000672488
      2.8102  0.000211371
     2.84198 -0.000611953
     2.87411  0.000129386
      2.9066 -0.000713677
     2.93947  0.000262365
      2.9727 -0.000462723
     3.00631 -3.86403e-06
      3.0403  -0.00101646
     3.07468   9.4236e-05
     3.10944 -0.000435582
      3.1446  6.33984e-05
     3.18016 -0.000671577
     3.21611 -9.05854e-05
     3.25248 -0.000449429
     3.28925 -6.99669e-05
     3.32644 -0.000632082
     3.36405  0.000129876
     3.40209 -0.000520321
     3.44055  0.000186254
     3.47945 -0.000553032
     3.51879 -8.64178e-05
     3.55858 -0.000555937
     3.59881 -0.000232687
      3.6395 -0.000549796
     3.68065 -7.71918e-05
     3.72227 -0.000493901
     3.76436  1.72575e-05
     3.80692 -0.000249029
     3.84996 -5.97727e-05
     3.89349 -0.000691832
     3.93751 -0.000105851
     3.98203 -0.000434699
     4.02705  -0.00021402
     4.07259 -0.000335435
     4.11863  1.92382e-05
      4.1652  -0.00054942
     4.21229  -0.00014371
     4.25992 -0.000468566
     4.30809 -6.16258e-05
      4.3568 -0.000331278
     4.40606 -0.000192721
     4.45587 -0.000509582
     4.50625 -0.000275674
      4.5572 -0.000345363
     4.60873 -4.95366e-05
     4.66084 -0.000312394
     4.71354 -8.26607e-05
     4.76683 -0.000523284
     4.82073 -0.000295677
     4.87523 -0.000400104
     4.93035 -9.36761e-05
      4.9861 -0.000368419
     5.04247 -0.000219167
     5.09949 -0.000308466
     5.15714  -5.3225e-05
     5.21545 -0.000435985
     5.27442 -0.000273928
     5.33406 -0.000443091
     5.39437 -0.000233467
     5.45536 -0.000254977
     5.51704 -0.000116596
     5.57942  -0.00033548
      5.6425 -0.000335644
      5.7063 -0.000262488
     5.77082 -0.000287585
     5.83607  -0.00033883
     5.90205 -0.000216488
     5.96878 -0.000239246
     6.03627 -0.000266355
     6.10452 -0.000375393
     6.17354 -0.000162701
     6.24334 -0.000424996
     6.31393 -0.000169969
     6.38532 -0.000271074
     6.45752 -0.000333211
     6.53053 -0.000272607
     6.60437 -0.000214245
     6.67904 -0.000291487
     6.75456 -0.000316089
     6.83093 -0.000321994
     6.90816 -0.000223173
     6.98627 -0.000271721
     7.06526 -0.000282146
     7.14514 -0.000266793
     7.22593 -0.000285465
     7.30763 -0.000346217
     7.39025 -0.000250024
     7.47381  -0.00022967
     7.55831 -0.000207177
     7.64377 -0.000406114
      7.7302 -0.000277965
      7.8176  -0.00024975
     7.90599 -0.000268046
     7.99538 -0.000255461
     8.08578 -0.000322663
      8.1772 -0.000291467
     8.26966 -0.000222217
     8.36316  -0.00030713
     8.45772 -0.000257199
     8.55334  -0.00033818
     8.65005 -0.000211184
     8.74785 -0.000313266
     8.84676 -0.000245203
     8.94679 -0.000355371
     9.04795 -0.000196803
     9.15025 -0.000317424
      9.2537 -0.000265648
     9.35833 -0.000285192
     9.46414 -0.000266994
     9.57115 -0.000295285
     9.67936 -0.000253629
      9.7888 -0.000318423
     9.89948 -0.000231437
     10.0114 -0.000307786
     10.1246 -0.000239916
     10.2391 -0.000335654
     10.3548 -0.000230899
     10.4719 -0.000295982
     10.5903 -0.000264914
     10.7101 -0.000295452
     10.8312 -0.000282745
     10.9536  -0.00025975
     11.0775 -0.000288478
     11.2027 -0.000264677
     11.3294 -0.000307184
     11.4575 -0.000257829
      11.587  -0.00026914
      11.718 -0.000305693
     11.8505 -0.000256015
     11.9845 -0.000285641
       12.12 -0.000268898
      12.257  -0.00030354
     12.3956  -0.00024364
     12.5358 -0.000299549
     12.6775  -0.00027345
     12.8209 -0.000278688
     12.9658  -0.00026989
     13.1124 -0.000290096
     13.2607 -0.000267256
     13.4106 -0.000287043
     13.5622 -0.000260778
     13.7156 -0.000289721
     13.8707 -0.000279185
     14.0275 -0.000267227
     14.1861 -0.000284386
     14.3465 -0.000279155
     14.5087 -0.000267442
     14.6727  -0.00029312
     14.8386 -0.000263958
     15.0064  -0.00028586
     15.1761 -0.000276782
     15.3477  -0.00027744
     15.5212 -0.000278092
     15.6967 -0.000279962
     15.8742 -0.000275601
     16.0536 -0.000278706
     16.2351 -0.000274724
     16.4187 -0.000283578
     16.6043 -0.000268166
     16.7921 -0.000284769
     16.9819 -0.000269119
      17.174 -0.000283661
     17.3681 -0.000268329
     17.5645 -0.000289202
     17.7631 -0.000262441
     17.9639 -0.000291623
      18.167 -0.000266156
     18.3725 -0.000283658
     18.5802 -0.000272483
     18.7903   -0.0002823
     19.0027 -0.000271354
     19.2176 -0.000281484
     19.4349 -0.000274687
     19.6546 -0.000277365
     19.8768 -0.000276184
     20.1016 -0.000279058
     20.3288 -0.000273301
     20.5587  -0.00028152
     20.7911 -0.000270917
     21.0262  -0.00028233
     21.2639  -0.00027165
     21.5044 -0.000280492
     21.7475 -0.000272283
     21.9934 -0.000279383
     22.2421 -0.000275308
     22.4935 -0.000276108
     22.7479 -0.000274655
     23.0051 -0.000279037
     23.2652 -0.000273217
     23.5282 -0.000278426
     23.7942 -0.000273269
     24.0633 -0.000279705
     24.3353  -0.00027331
     24.6105 -0.000277802
     24.8888 -0.000273127
     25.1702 -0.000279199
     25.4547  -0.00027239
     25.7425  -0.00027723
     26.0336 -0.000274541
      26.328 -0.000276431
     26.6256 -0.000273703
     26.9267   -0.0002773
     27.2311 -0.000273733
      27.539 -0.000276843
     27.8504 -0.000273832
     28.1653 -0.000276209
     28.4837 -0.000273237
     28.8058 -0.000276481
     29.1315 -0.000272549
     29.4609 -0.000276305
      29.794 -0.000273089
     30.1308 -0.000275643
     30.4715 -0.000273375
      30.816 -0.000275169
     31.1644 -0.000273343
     31.5168  -0.00027527
     31.8731 -0.000272937
     32.2335 -0.000275465
      32.598  -0.00027217
     32.9665  -0.00027494
     33.3393 -0.000271933
     33.7162   -0.0002745
     34.0974 -0.000272356
      34.483 -0.000274293
     34.8729 -0.000272344
     35.2671  -0.00027368
     35.6659 -0.000272022
     36.0691  -0.00027339
      36.477 -0.000271693
     36.8894 -0.000273556
     37.3065 -0.000271249
     37.7283 -0.000273287
     38.1549 -0.000270897
     38.5863 -0.000272734
     39.0225  -0.00027081
     39.4638 -0.000272386
       39.91 -0.000270653
     40.3612 -0.000272093
     40.8175 -0.000270396
      41.279 -0.000271451
     41.7458 -0.000269882
     42.2178 -0.000271281
     42.6951 -0.000269754
     43.1778 -0.000270965
      43.666 -0.000269313
     44.1597 -0.000270291
      44.659 -0.000268966
      45.164 -0.000270029
     45.6746 -0.000268896
      46.191 -0.000269513
     46.7133 -0.000268066
     47.2415  -0.00026888
     47.7756 -0.000267762
     48.3158 -0.000268774
     48.8621 -0.000267409
     49.4145 -0.000267989
     49.9732 -0.000266949
     50.5383 -0.000267737
     51.1097 -0.000266455
     51.6875  -0.00026695
      52.272 -0.000265854
      52.863 -0.000266377
     53.4607 -0.000265347
     54.0651 -0.000265906
     54.6764 -0.000264861
     55.2946 -0.000265346
     55.9198 -0.000264336
     56.5521 -0.000264673
     57.1915 -0.000263363
     57.8381 -0.000263842
      58.492 -0.000263064
     59.1534 -0.000263357
     59.8222 -0.000262347
     60.4986 -0.000262665
     61.1826 -0.000261409
     61.8744 -0.000261784
      62.574 -0.000260992
     63.2815  -0.00026107
      63.997 -0.000259872
     64.7205  -0.00026025
     65.4523 -0.000259307
     66.1923 -0.000259477
     66.9408  -0.00025837
     67.6976 -0.000258463
      68.463 -0.000257507
     69.2371 -0.000257557
       70.02 -0.000256617
     70.8116 -0.000256707
     71.6123  -0.00025557
      72.422 -0.000255548
     73.2408 -0.000254615
     74.0689 -0.000254668
     74.9064 -0.000253508
     75.7533 -0.000253509
     76.6098  -0.00025251
      77.476  -0.00025225
      78.352 -0.000251369
     79.2379  -0.00025119
     80.1338 -0.000250098
     81.0398 -0.000249983
     81.9561 -0.000248799
     82.8827 -0.000248618
     83.8198 -0.000247615
     84.7676 -0.000247278
      85.726 -0.000246235
     86.6952 -0.000245886
     87.6755 -0.000244749
     88.6668 -0.000244436
     89.6693 -0.000243375
     90.6831 -0.000242916
     91.7084 -0.000241728
     92.7454 -0.000241363
      93.794 -0.000240163
     94.8545 -0.000239645
     95.9269 -0.000238553
     97.0115 -0.000237959
     98.1084 -0.000236707
     99.2177 -0.000236162
