  0.00099205     -24.7737
  0.00100327     -25.7755
  0.00101461     -27.0406
  0.00102608     -28.1465
  0.00103768     -29.5128
  0.00104942     -30.7316
  0.00106128     -32.2084
  0.00107328     -33.5497
  0.00108542     -35.1473
  0.00109769     -36.6212
   0.0011101     -38.3509
  0.00112265     -39.9685
  0.00113534     -41.8421
  0.00114818     -43.6158
  0.00116116     -45.6461
  0.00117429     -47.5891
  0.00118757     -49.7901
    0.001201     -51.9167
  0.00121457     -54.3036
  0.00122831     -56.6293
  0.00124219     -59.2184
  0.00125624       -61.76
  0.00127044     -64.5689
  0.00128481     -67.3446
  0.00129933     -70.3923
  0.00131403     -73.4217
  0.00132888      -76.729
  0.00134391     -80.0333
   0.0013591     -83.6222
  0.00137447     -87.2242
  0.00139001     -91.1187
  0.00140573     -95.0432
  0.00142162     -99.2691
  0.00143769     -103.543
  0.00145395     -108.128
  0.00147039     -112.779
  0.00148701     -117.753
  0.00150383     -122.812
  0.00152083     -128.207
  0.00153802     -133.708
  0.00155541     -139.559
    0.001573     -145.537
  0.00159079     -151.879
  0.00160877     -158.372
  0.00162696     -165.247
  0.00164536     -172.296
  0.00166396     -179.744
  0.00168277     -187.392
   0.0017018      -195.46
  0.00172104     -203.755
   0.0017405      -212.49
  0.00176018      -221.48
  0.00178008     -230.934
  0.00180021     -240.672
  0.00182056       -250.9
  0.00184115     -261.443
  0.00186196     -272.502
  0.00188301      -283.91
  0.00190431     -295.862
  0.00192584     -308.198
  0.00194761     -321.108
  0.00196963     -334.438
   0.0019919     -348.376
  0.00201442     -362.771
   0.0020372     -377.808
  0.00206023     -393.342
  0.00208353     -409.555
  0.00210708     -426.306
  0.00213091     -443.774
    0.002155     -461.824
  0.00217937      -480.63
  0.00220401     -500.064
  0.00222893     -520.295
  0.00225413     -541.201
  0.00227962     -562.947
  0.00230539     -585.416
  0.00233146      -608.77
  0.00235782     -632.896
  0.00238448     -657.953
  0.00241144     -683.833
   0.0024387     -710.691
  0.00246627     -738.423
  0.00249416     -767.181
  0.00252236     -796.864
  0.00255088     -827.622
  0.00257972     -859.356
  0.00260889     -892.214
  0.00263838       -926.1
  0.00266822     -961.156
  0.00269838      -997.29
  0.00272889     -1034.64
  0.00275975     -1073.12
  0.00279095     -1112.86
  0.00282251     -1153.77
  0.00285442     -1195.99
  0.00288669     -1239.42
  0.00291933      -1284.2
  0.00295234     -1330.23
  0.00298572     -1377.63
  0.00301948     -1426.32
  0.00305362     -1476.42
  0.00308814     -1527.82
  0.00312306     -1580.66
  0.00315837     -1634.82
  0.00319408     -1690.42
  0.00323019     -1747.36
  0.00326672     -1805.73
  0.00330365     -1865.44
  0.00334101     -1926.58
  0.00337878     -1989.04
  0.00341698     -2052.89
  0.00345562     -2118.04
  0.00349469     -2184.54
   0.0035342     -2252.28
  0.00357416     -2321.31
  0.00361457     -2391.51
  0.00365544     -2462.93
  0.00369677     -2535.42
  0.00373857     -2609.02
  0.00378084     -2683.57
  0.00382359      -2759.1
  0.00386682     -2835.44
  0.00391054     -2912.59
  0.00395475     -2990.37
  0.00399947     -3068.76
  0.00404469     -3147.58
  0.00409042     -3226.78
  0.00413667     -3306.16
  0.00418344     -3385.65
  0.00423074     -3465.03
  0.00427857     -3544.21
  0.00432695     -3622.95
  0.00437587     -3701.15
  0.00442535     -3778.54
  0.00447538     -3854.98
  0.00452598      -3930.2
  0.00457716     -4004.03
  0.00462891     -4076.18
  0.00468125     -4146.45
  0.00473418     -4214.53
   0.0047877      -4280.2
  0.00484183     -4343.12
  0.00489658     -4403.07
  0.00495194     -4459.67
  0.00500793     -4512.67
  0.00506455      -4561.7
  0.00512182     -4606.48
  0.00517973     -4646.61
  0.00523829     -4681.81
  0.00529752     -4711.67
  0.00535741      -4735.9
  0.00541799     -4754.07
  0.00547925      -4765.9
   0.0055412     -4770.96
  0.00560385     -4768.96
  0.00566721     -4759.49
  0.00573129     -4742.26
  0.00579609     -4716.89
  0.00586162      -4683.1
   0.0059279     -4640.54
  0.00599492     -4588.96
   0.0060627     -4528.05
  0.00613125     -4457.61
  0.00620057     -4377.38
  0.00627068     -4287.21
  0.00634158      -4186.9
  0.00641328      -4076.4
  0.00648579     -3955.57
  0.00655912     -3824.45
  0.00663329     -3683.02
  0.00670829      -3531.4
  0.00678413     -3369.69
  0.00686084     -3198.14
  0.00693841     -3016.97
  0.00701686     -2826.56
   0.0070962     -2627.29
  0.00717643      -2419.7
  0.00725757     -2204.29
  0.00733963     -1981.78
  0.00742261     -1752.85
  0.00750654     -1518.36
  0.00759141     -1279.17
  0.00767724     -1036.32
  0.00776405     -790.837
  0.00785183     -543.912
  0.00794061     -296.737
  0.00803039     -50.6596
  0.00812118      192.985
  0.00821301       432.72
  0.00830587      667.094
  0.00839978      894.529
  0.00849475       1113.5
   0.0085908      1322.36
  0.00868793      1519.56
  0.00878616      1703.46
   0.0088855      1872.53
  0.00898596      2025.21
  0.00908756      2160.04
  0.00919031      2275.62
  0.00929422      2370.68
  0.00939931      2444.03
  0.00950558      2494.67
  0.00961306      2521.73
  0.00972175      2524.58
  0.00983167      2502.74
  0.00994283      2456.02
   0.0100552      2384.45
   0.0101689      2288.38
   0.0102839      2168.38
   0.0104002      2025.39
   0.0105178      1860.62
   0.0106367      1675.64
    0.010757      1472.29
   0.0108786      1252.78
   0.0110016      1019.59
    0.011126      775.528
   0.0112518      523.634
    0.011379      267.245
   0.0115076      9.84719
   0.0116378     -244.844
   0.0117693     -493.059
   0.0119024     -730.906
    0.012037     -954.555
   0.0121731     -1160.19
   0.0123107     -1344.19
   0.0124499     -1503.12
   0.0125907     -1633.88
    0.012733     -1733.72
    0.012877     -1800.39
   0.0130226     -1832.15
   0.0131698      -1827.9
   0.0133187      -1787.2
   0.0134693     -1710.38
   0.0136216      -1598.5
   0.0137756     -1453.47
   0.0139314     -1277.96
   0.0140889     -1075.51
   0.0142482     -850.362
   0.0144093     -607.531
   0.0145722     -352.607
    0.014737     -91.7586
   0.0149036      168.503
   0.0150721      421.375
   0.0152425      660.041
   0.0154149      877.761
   0.0155892      1068.18
   0.0157654      1225.44
   0.0159437       1344.5
   0.0161239      1421.23
   0.0163062      1452.72
   0.0164906      1437.37
   0.0166771      1375.08
   0.0168656      1267.27
   0.0170563      1117.06
   0.0172492      929.114
   0.0174442      709.687
   0.0176414       466.39
   0.0178409      208.073
   0.0180426     -55.5481
   0.0182466     -314.132
   0.0184529     -557.203
   0.0186615     -774.493
   0.0188725     -956.495
   0.0190859     -1094.85
   0.0193017     -1182.87
     0.01952     -1215.89
   0.0197407      -1191.7
   0.0199639      -1110.7
   0.0201896     -976.132
   0.0204178     -794.025
   0.0206487      -573.11
   0.0208822     -324.446
   0.0211183     -61.0352
    0.021357      202.871
   0.0215985       452.43
   0.0218427      673.127
   0.0220897      851.588
   0.0223394      976.552
    0.022592      1039.63
   0.0228475      1036.08
   0.0231058      965.313
    0.023367      831.199
   0.0236312      642.032
   0.0238984       410.28
   0.0241686      151.859
   0.0244419     -114.759
   0.0247183     -369.862
   0.0249977     -593.871
   0.0252804     -768.974
   0.0255662     -880.595
   0.0258553     -918.871
   0.0261476     -879.695
   0.0264432      -765.49
   0.0267422     -585.311
   0.0270446     -354.499
   0.0273504     -93.5518
   0.0276596      173.427
   0.0279723      420.935
   0.0282886      624.434
   0.0286085      762.983
   0.0289319      821.542
    0.029259      793.001
   0.0295899      679.347
   0.0299244      492.056
   0.0302628      251.281
   0.0306049     -15.9004
    0.030951     -278.375
   0.0313009     -504.457
   0.0316548     -665.874
   0.0320127     -741.484
   0.0323747     -720.531
   0.0327407     -604.606
   0.0331109     -408.239
   0.0334853     -157.565
   0.0338639      112.638
   0.0342467      363.578
    0.034634      557.912
   0.0350256      665.592
   0.0354216        668.9
   0.0358221      566.065
   0.0362271      372.423
   0.0366367      118.932
   0.0370509     -152.247
   0.0374698     -394.367
   0.0378935     -564.225
   0.0383219     -630.163
   0.0387552     -578.713
   0.0391934     -418.159
   0.0396366      -178.27
   0.0400847      94.4437
   0.0405379      345.145
   0.0409963      521.673
   0.0414598       585.73
   0.0419286      522.099
   0.0424026      343.308
   0.0428821       88.473
   0.0433669     -184.327
   0.0438572     -410.686
   0.0443531     -535.236
   0.0448546      -525.88
   0.0453617     -383.372
   0.0458746     -142.968
   0.0463933       132.86
   0.0469178       369.89
   0.0474483      502.009
   0.0479848      490.529
   0.0485273      336.953
    0.049076      84.9272
   0.0496309     -190.612
   0.0501921     -404.797
   0.0507596     -489.224
   0.0513335     -415.018
   0.0519139     -204.759
   0.0525008      72.2428
   0.0530944      321.158
   0.0536948      453.785
   0.0543019      420.768
   0.0549158      232.172
   0.0555367     -42.9435
   0.0561647       -299.7
   0.0567997     -436.791
   0.0574419     -397.495
   0.0580914     -195.719
   0.0587482      85.8314
   0.0594124      327.212
   0.0600842      421.932
   0.0607635       325.57
   0.0614505      79.8407
   0.0621453     -202.067
    0.062848     -385.623
   0.0635586     -379.771
   0.0642772     -185.017
   0.0650039      101.468
   0.0657389      331.163
   0.0664822      380.579
   0.0672339       220.24
    0.067994     -63.4878
   0.0687628     -310.871
   0.0695403     -377.691
   0.0703266     -221.917
   0.0711217      64.7596
   0.0719258      306.212
   0.0727391      348.692
   0.0735615      161.856
   0.0743932      -134.07
   0.0752344     -340.836
    0.076085     -314.682
   0.0769453     -70.8819
   0.0778152      217.993
   0.0786951      340.055
   0.0795848      201.044
   0.0804847     -96.4289
   0.0813947     -321.998
   0.0823149     -294.522
   0.0832456     -33.1106
   0.0841869      247.279
   0.0851387       307.66
   0.0861014      91.7089
   0.0870749     -213.606
   0.0880594     -333.428
    0.089055     -154.531
   0.0900619      158.273
   0.0910802      304.939
     0.09211      137.984
   0.0931515     -180.375
   0.0942047     -326.603
   0.0952698     -145.473
    0.096347      174.165
   0.0974363      285.238
    0.098538      59.7623
   0.0996521     -252.884
    0.100779     -292.832
    0.101918     -9.05382
    0.103071      260.846
    0.104236      183.332
    0.105415     -151.668
    0.106606      -320.83
    0.107812     -100.865
    0.109031      221.718
    0.110264      209.742
     0.11151     -127.394
    0.112771     -319.999
    0.114046     -87.7859
    0.115336      236.418
     0.11664      168.314
    0.117958     -196.538
    0.119292     -295.867
    0.120641      34.9444
    0.122005      271.423
    0.123384      22.7543
    0.124779     -302.148
     0.12619     -144.802
    0.127617      236.507
     0.12906      173.863
    0.130519     -225.319
    0.131995     -225.643
    0.133487      193.412
    0.134996      250.268
    0.136523     -166.217
    0.138066      -229.11
    0.139627      216.536
    0.141206      286.657
    0.142803     -158.499
    0.144417     -160.413
     0.14605      331.755
    0.147702      279.936
    0.149372      -182.85
     0.15106      35.8683
    0.152768      511.216
    0.154496      187.289
    0.156242     -115.747
    0.158009      443.821
    0.159796      619.617
    0.161602      66.6943
    0.163429       332.39
    0.165277      957.544
    0.167146      498.991
    0.169036      385.081
    0.170947      1276.08
     0.17288      1084.68
    0.174835      659.272
    0.176811      1719.17
     0.17881       1794.5
    0.180832       1084.3
    0.182877      2367.07
    0.184944      2570.93
    0.187035      1328.92
     0.18915      2685.64
    0.191289      1615.11
    0.193452     -1566.97
    0.195639      4191.48
    0.197851      9877.09
    0.200088      3086.57
     0.20235     -1481.74
    0.204638      1797.29
    0.206952      1751.28
    0.209292      1302.99
    0.211658      2160.67
    0.214051      1032.04
    0.216471      1224.68
    0.218919       1124.9
    0.221394      528.025
    0.223897      878.812
    0.226429      345.911
    0.228989      448.971
    0.231578      350.535
    0.234196      139.999
    0.236844      303.923
    0.239522        23.51
     0.24223      192.626
    0.244969       16.361
    0.247739      81.0369
     0.25054      32.8569
    0.253373      6.62823
    0.256238      37.0877
    0.259135     -29.2372
    0.262065      28.3324
    0.265028     -39.8277
    0.268024      14.8273
    0.271055     -38.7572
    0.274119      3.16149
    0.277219     -33.1031
    0.280353      -3.9465
    0.283523     -26.2925
    0.286729     -7.15747
     0.28997     -20.2736
    0.293249     -7.88749
    0.296565     -14.9097
    0.299918     -6.88058
    0.303309     -10.8439
    0.306738     -5.75998
    0.310206     -7.85453
    0.313714     -4.32088
    0.317261     -5.33452
    0.320848     -3.23774
    0.324475     -3.90662
    0.328144     -2.31342
    0.331854     -2.56229
    0.335606      -1.5233
    0.339401     -1.80929
    0.343238     -1.11152
    0.347119     -1.15516
    0.351044    -0.574463
    0.355013    -0.801114
    0.359027    -0.486634
    0.363086    -0.493662
    0.367192    -0.168976
    0.371343    -0.315247
    0.375542    -0.205919
    0.379788    -0.212772
    0.384082  -0.00120484
    0.388425    -0.137582
    0.392816   -0.0867441
    0.397258    -0.108436
    0.401749    0.0749252
    0.406292   -0.0573617
    0.410886    -0.080262
    0.415531   0.00963632
    0.420229    0.0750103
    0.424981   -0.0953655
    0.429786   -0.0196638
    0.434645    0.0532874
     0.43956   -0.0168723
     0.44453   -0.0531789
    0.449556    0.0352802
    0.454639    0.0260491
    0.459779   -0.0517944
    0.464977  -0.00283599
    0.470235     0.060796
    0.475551   -0.0567774
    0.480928  -0.00309126
    0.486366    0.0490243
    0.491865   -0.0225721
    0.497426   -0.0326661
     0.50305    0.0530597
    0.508738   -0.0246218
     0.51449   -0.0264332
    0.520307     0.056503
     0.52619   -0.0375529
     0.53214   -0.0106654
    0.538156    0.0507728
    0.544241   -0.0602935
    0.550394    0.0276476
    0.556617     0.019457
    0.562911   -0.0459952
    0.569275    0.0400849
    0.575712   -0.0119851
    0.582221   -0.0226111
    0.588804    0.0454736
    0.595462   -0.0496679
    0.602194     0.034326
    0.609003  -0.00801023
    0.615889    -0.015357
    0.622852    0.0351793
    0.629894   -0.0445148
    0.637016    0.0428705
    0.644219   -0.0328445
    0.651503     0.014881
    0.658869   0.00467467
    0.666318   -0.0178434
    0.673852     0.028929
    0.681471    -0.039145
    0.689176    0.0391267
    0.696968   -0.0375893
    0.704849    0.0360634
    0.712818   -0.0348621
    0.720878    0.0326883
    0.729028   -0.0276859
    0.737271    0.0254309
    0.745607   -0.0196013
    0.754037    0.0126855
    0.762563   -0.0110223
    0.771185    0.0116445
    0.779904   -0.0075824
    0.788722   0.00184233
     0.79764 -0.000998516
    0.806658  0.000598077
    0.815779 -0.000922541
    0.825003   0.00190081
     0.83433  -0.00170542
    0.843764   0.00316016
    0.853304  -0.00127349
    0.862952  -0.00105911
    0.872709  -0.00124095
    0.882576   0.00383742
    0.892555  -0.00306304
    0.902647    0.0022469
    0.912852  -0.00316998
    0.923174    0.0016174
    0.933612 -0.000630913
    0.944167   0.00191287
    0.954843  -0.00132966
    0.965639  0.000419868
    0.976557 -0.000325501
    0.987598  -0.00121136
    0.998764  0.000837407
     1.01006  0.000220895
     1.02148 -0.000454037
     1.03303  0.000543541
     1.04471 -0.000779133
     1.05652  0.000746434
     1.06846  0.000566411
     1.08054 -0.000493765
     1.09276   0.00011876
     1.10512 -0.000853744
     1.11761  0.000129913
     1.13025   0.00118511
     1.14303   -0.0014368
     1.15595 -5.89068e-05
     1.16902   0.00143434
     1.18224  8.67369e-05
     1.19561  -0.00096272
     1.20912 -0.000145142
      1.2228  0.000803959
     1.23662 -0.000403959
      1.2506  0.000519288
     1.26474 -0.000519702
     1.27904  4.33085e-05
      1.2935 -0.000418274
     1.30813  0.000898429
     1.32292 -0.000452915
     1.33788 -0.000589202
       1.353  0.000761056
      1.3683  0.000282666
     1.38377  -0.00126351
     1.39942  0.000712304
     1.41524  0.000392026
     1.43124 -0.000595259
     1.44742 -0.000260285
     1.46379  0.000536864
     1.48034  0.000169363
     1.49708 -0.000210994
       1.514  -1.0412e-05
     1.53112  0.000535116
     1.54843 -0.000876833
     1.56594  0.000319435
     1.58365 -2.24273e-05
     1.60155 -8.82953e-05
     1.61966  1.84357e-05
     1.63797  0.000207338
     1.65649  8.81823e-05
     1.67522  -0.00037117
     1.69416  0.000297136
     1.71332  6.37381e-05
     1.73269 -0.000360911
     1.75228  0.000481558
     1.77209 -0.000563604
     1.79213  0.000412677
     1.81239 -1.99821e-05
     1.83288 -0.000229653
     1.85361  0.000215206
     1.87457 -0.000391832
     1.89576  0.000219856
     1.91719  4.16644e-05
     1.93887  5.12423e-05
     1.96079 -9.96262e-05
     1.98296  0.000284161
     2.00538 -0.000271062
     2.02806  0.000227248
     2.05099 -0.000236249
     2.07418  1.91861e-05
     2.09763  0.000306455
     2.12135  -0.00045079
     2.14533  0.000266431
     2.16959 -0.000244454
     2.19412  0.000341894
     2.21893 -0.000229653
     2.24401  2.85147e-05
     2.26939 -3.11474e-05
     2.29505  8.17612e-05
     2.32099 -1.06591e-05
     2.34724 -5.24716e-05
     2.37378 -6.41643e-06
     2.40061  0.000212218
     2.42776 -0.000256572
     2.45521  0.000189226
     2.48297 -0.000136129
     2.51104  0.000150975
     2.53943 -0.000183881
     2.56814  6.45878e-05
     2.59718 -3.76706e-05
     2.62655  0.000101555
     2.65624 -0.000107251
     2.68628  8.57862e-05
     2.71665 -5.94908e-05
     2.74736  3.53443e-05
     2.77843  4.12646e-05
     2.80984 -2.09736e-06
     2.84161 -0.000113975
     2.87374  3.65527e-05
     2.90623  1.41956e-05
     2.93909  1.32112e-05
     2.97232  2.50925e-05
     3.00593 -2.59641e-05
     3.03992  1.76411e-05
     3.07429  4.91331e-05
     3.10905  -0.00010191
      3.1442  6.60919e-05
     3.17975 -2.48878e-05
      3.2157 -4.09662e-05
     3.25206 -1.23335e-05
     3.28883  3.01645e-05
     3.32601  0.000101957
     3.36362 -8.32446e-05
     3.40165 -2.22661e-05
     3.44011  4.05518e-05
     3.47901  2.57097e-05
     3.51834 -7.30461e-05
     3.55812  7.01464e-06
     3.59835   1.0884e-05
     3.63904  7.27698e-05
     3.68018 -9.51644e-05
     3.72179    3.081e-05
     3.76387  1.30522e-05
     3.80643 -1.96755e-05
     3.84947  7.92912e-06
     3.89299   2.0212e-05
     3.93701 -4.47382e-06
     3.98152 -1.05492e-05
     4.02654  3.35288e-06
     4.07206 -2.40842e-05
     4.11811  1.54902e-05
     4.16467  -2.1562e-05
     4.21175  5.61528e-05
     4.25938 -3.75901e-05
     4.30753  4.60427e-05
     4.35624   -6.588e-05
     4.40549  1.05485e-05
      4.4553  8.68963e-06
     4.50568  2.03974e-05
     4.55662  1.43719e-06
     4.60814 -1.02462e-05
     4.66024 -1.46066e-05
     4.71293  -1.3757e-05
     4.76622  4.69336e-05
     4.82011 -1.60279e-05
     4.87461 -1.02147e-06
     4.92972 -2.20753e-05
     4.98546  3.32615e-06
     5.04183  1.29989e-05
     5.09883  2.85875e-05
     5.15648 -3.81452e-05
     5.21479  1.86206e-05
     5.27375 -1.95266e-05
     5.33338  9.82551e-06
     5.39368 -3.17381e-06
     5.45466 -1.11843e-05
     5.51633   3.2542e-05
     5.57871 -1.40185e-05
     5.64178  1.03843e-05
     5.70557  -2.7315e-05
     5.77008  6.65899e-06
     5.83532  5.04015e-06
      5.9013  9.15608e-06
     5.96802 -1.19184e-05
      6.0355  1.04994e-05
     6.10374 -1.33915e-05
     6.17275  1.67647e-05
     6.24254 -1.14831e-05
     6.31312  7.34174e-07
      6.3845  4.40436e-06
     6.45669 -1.75124e-05
     6.52969  2.82194e-05
     6.60352 -1.77306e-05
     6.67818   8.9414e-06
     6.75369 -1.22769e-05
     6.83005   1.9792e-05
     6.90728 -2.52288e-05
     6.98537  1.16431e-05
     7.06435  8.43256e-06
     7.14423 -4.55481e-06
       7.225 -1.18346e-05
     7.30669  1.74523e-05
     7.38931 -1.21349e-05
     7.47285  1.58405e-06
     7.55735  5.34392e-06
     7.64279 -9.15788e-07
     7.72921 -5.95278e-06
      7.8166  3.33556e-06
     7.90498  -1.9058e-06
     7.99435  1.39634e-05
     8.08474  -1.9648e-05
     8.17615  3.44757e-06
      8.2686   1.0248e-05
     8.36209 -4.93035e-06
     8.45663 -8.50243e-07
     8.55225 -3.74535e-06
     8.64894  6.86924e-06
     8.74673   -5.526e-07
     8.84563 -9.48797e-06
     8.94564  1.25128e-05
     9.04679 -5.52338e-06
     9.14907 -2.50573e-06
     9.25252  5.52345e-06
     9.35713 -6.89423e-06
     9.46293  7.71307e-06
     9.56992 -6.63866e-06
     9.67812   5.5898e-06
     9.78755 -4.03735e-06
     9.89821 -3.63953e-07
     10.0101  4.28271e-06
     10.1233  -3.7837e-06
     10.2378  1.54865e-06
     10.3535 -1.29809e-06
     10.4706  1.97726e-06
      10.589 -1.30926e-06
     10.7087  -4.8701e-07
     10.8298  2.28316e-06
     10.9522 -3.99982e-06
     11.0761  5.72039e-06
     11.2013  -6.3093e-06
     11.3279  4.88131e-06
      11.456 -3.03131e-06
     11.5855  2.47567e-06
     11.7165   -1.754e-06
      11.849 -1.01006e-06
      11.983  4.05055e-06
     12.1185 -4.42648e-06
     12.2555   2.6254e-06
      12.394 -1.34076e-06
     12.5342  1.30112e-06
     12.6759 -1.11171e-06
     12.8192  5.33537e-08
     12.9642  1.08412e-06
     13.1107 -1.58569e-06
      13.259  1.65232e-06
     13.4089 -1.64922e-06
     13.5605  1.49183e-06
     13.7138 -8.92822e-07
     13.8689    -1.79e-07
     14.0257  1.21248e-06
     14.1843 -1.46004e-06
     14.3446   7.7213e-07
     14.5068  1.18788e-07
     14.6709 -4.29649e-07
     14.8367  1.12085e-07
     15.0045  3.09347e-07
     15.1741 -4.62332e-07
     15.3457  4.18585e-07
     15.5192 -3.99823e-07
     15.6947  4.44895e-07
     15.8721 -4.44722e-07
     16.0516  3.23037e-07
     16.2331 -1.41966e-07
     16.4166 -3.03584e-08
     16.6022  1.73459e-07
     16.7899 -2.70259e-07
     16.9798  2.89677e-07
     17.1718 -2.52616e-07
     17.3659   2.1846e-07
     17.5623 -2.77926e-07
     17.7608  4.54241e-07
     17.9616  -6.6781e-07
     18.1647   7.5651e-07
     18.3701 -6.12254e-07
     18.5778  2.49308e-07
     18.7879  1.55548e-07
     19.0003 -4.06315e-07
     19.2151  4.00625e-07
     19.4324 -2.02515e-07
     19.6521  -5.1785e-08
     19.8743  2.18017e-07
      20.099 -2.53931e-07
     20.3262  1.76058e-07
      20.556 -5.44563e-08
     20.7885 -5.98634e-08
     21.0235  1.13559e-07
     21.2612 -1.12331e-07
     21.5016  6.08723e-08
     21.7447  5.94619e-09
     21.9906 -8.33886e-08
     22.2392  1.38775e-07
     22.4907 -1.67204e-07
     22.7449  1.46822e-07
     23.0021 -1.14465e-07
     23.2622  7.49678e-08
     23.5252 -4.85084e-08
     23.7912  1.40391e-08
     24.0602  2.40234e-09
     24.3322 -1.86789e-08
     24.6073  1.91426e-08
     24.8856 -3.22695e-08
     25.1669  3.14071e-08
     25.4515 -3.45122e-08
     25.7393  1.72407e-08
     26.0303 -1.62033e-08
     26.3246  7.38425e-09
     26.6222 -1.68963e-08
     26.9232  1.01035e-08
     27.2276  -1.8828e-08
     27.5355  9.28059e-09
     27.8468 -1.79548e-08
     28.1617  8.71043e-09
     28.4801 -2.05549e-08
     28.8021  1.17655e-08
     29.1277 -2.35382e-08
     29.4571   1.0765e-08
     29.7901 -2.06831e-08
      30.127  5.88524e-09
     30.4676 -1.80017e-08
     30.8121  3.39393e-09
     31.1604 -1.77864e-08
     31.5128  3.34177e-09
     31.8691 -2.06681e-08
     32.2294  4.98311e-09
     32.5938 -2.27199e-08
     32.9623  4.23975e-09
      33.335 -2.26315e-08
     33.7119  1.68875e-09
     34.0931 -2.14532e-08
     34.4786 -1.21087e-09
     34.8684 -2.12027e-08
     35.2626 -3.05294e-09
     35.6613 -2.14957e-08
     36.0645 -4.63959e-09
     36.4723 -2.32247e-08
     36.8847  -4.6553e-09
     37.3017 -2.55134e-08
     37.7235 -6.00729e-09
       38.15 -2.62031e-08
     38.5813 -8.35607e-09
     39.0175 -2.70829e-08
     39.4587 -1.06787e-08
     39.9048 -2.80621e-08
      40.356  -1.3085e-08
     40.8123 -2.95374e-08
     41.2738  -1.5409e-08
     41.7404 -3.11522e-08
     42.2124 -1.78332e-08
     42.6896 -3.34075e-08
     43.1723 -2.01472e-08
     43.6604 -3.55726e-08
     44.1541 -2.33752e-08
     44.6533 -3.74258e-08
     45.1582 -2.68118e-08
     45.6688 -4.00904e-08
     46.1851 -2.99348e-08
     46.7073 -4.32691e-08
     47.2354 -3.33229e-08
     47.7695 -4.66729e-08
     48.3096 -3.71678e-08
     48.8558 -5.03095e-08
     49.4082 -4.14166e-08
     49.9668 -5.41102e-08
     50.5318 -4.62589e-08
     51.1031 -5.83503e-08
     51.6809 -5.11998e-08
     52.2653 -6.32956e-08
     52.8562 -5.65104e-08
     53.4538 -6.86373e-08
     54.0582 -6.24172e-08
     54.6694 -7.44094e-08
     55.2875 -6.88926e-08
     55.9126 -8.07242e-08
     56.5448 -7.59537e-08
     57.1841 -8.76981e-08
     57.8307 -8.35221e-08
     58.4846 -9.54484e-08
     59.1458 -9.18072e-08
     59.8146 -1.03812e-07
     60.4908 -1.00928e-07
     61.1748 -1.12991e-07
     61.8665 -1.10786e-07
      62.566 -1.23107e-07
     63.2734 -1.21574e-07
     63.9888   -1.341e-07
     64.7123 -1.33364e-07
     65.4439 -1.46176e-07
     66.1839 -1.46193e-07
     66.9322  -1.5939e-07
      67.689 -1.60197e-07
     68.4543 -1.73838e-07
     69.2283 -1.75502e-07
      70.011 -1.89609e-07
     70.8026 -1.92229e-07
     71.6031 -2.06853e-07
     72.4127 -2.10471e-07
     73.2314  -2.2571e-07
     74.0594 -2.30391e-07
     74.8968  -2.4632e-07
     75.7436 -2.52118e-07
        76.6 -2.68864e-07
     77.4661 -2.75832e-07
     78.3419 -2.93476e-07
     79.2277 -3.01744e-07
     80.1235 -3.20349e-07
     81.0294 -3.30026e-07
     81.9456 -3.49717e-07
     82.8721 -3.60878e-07
     83.8091 -3.81803e-07
     84.7567 -3.94552e-07
      85.715 -4.16833e-07
     86.6841  -4.3131e-07
     87.6642  -4.5508e-07
     88.6554  -4.7142e-07
     89.6578 -4.96837e-07
     90.6715 -5.15189e-07
     91.6967 -5.42416e-07
     92.7335 -5.62944e-07
      93.782 -5.92166e-07
     94.8423 -6.15039e-07
     95.9147 -6.46457e-07
     96.9991 -6.71871e-07
     98.0958  -7.0569e-07
      99.205  -7.3386e-07
