  0.00099205     -1.28717
  0.00100327     -1.26931
  0.00101461      -1.4007
  0.00102608     -1.39027
  0.00103768     -1.52462
  0.00104942     -1.52205
  0.00106128     -1.65988
  0.00107328     -1.66555
  0.00108542     -1.80749
  0.00109769     -1.82182
   0.0011101     -1.96854
  0.00112265     -1.99199
  0.00113534     -2.14417
  0.00114818     -2.17731
  0.00116116     -2.33564
  0.00117429     -2.37909
  0.00118757     -2.54433
    0.001201     -2.59875
  0.00121457     -2.77175
  0.00122831     -2.83785
  0.00124219     -3.01949
  0.00125624     -3.09807
  0.00127044     -3.28929
  0.00128481     -3.38123
  0.00129933     -3.58303
  0.00131403     -3.68926
  0.00132888     -3.90276
  0.00134391     -4.02429
   0.0013591     -4.25067
  0.00137447      -4.3886
  0.00139001     -4.62911
  0.00140573     -4.78465
  0.00142162     -5.04065
  0.00143769     -5.21509
  0.00145395     -5.48803
  0.00147039     -5.68279
  0.00148701      -5.9742
  0.00150383     -6.19079
  0.00152083     -6.50235
  0.00153802     -6.74241
  0.00155541      -7.0759
    0.001573     -7.34117
  0.00159079      -7.6985
  0.00160877     -7.99088
  0.00162696     -8.37408
  0.00164536     -8.69559
  0.00166396     -9.10685
  0.00168277     -9.45966
   0.0017018     -9.90129
  0.00172104     -10.2877
   0.0017405     -10.7622
  0.00176018     -11.1848
  0.00178008     -11.6947
  0.00180021      -12.156
  0.00182056     -12.7043
  0.00184115     -13.2072
  0.00186196     -13.7966
  0.00188301     -14.3441
  0.00190431      -14.978
  0.00192584     -15.5732
  0.00194761     -16.2548
  0.00196963     -16.9012
   0.0019919      -17.634
  0.00201442      -18.335
   0.0020372     -19.1227
  0.00206023     -19.8822
  0.00208353     -20.7287
  0.00210708     -21.5504
  0.00213091     -22.4598
    0.002155      -23.348
  0.00217937     -24.3245
  0.00220401     -25.2834
  0.00222893     -26.3315
  0.00225413     -27.3656
  0.00227962     -28.4898
  0.00230539     -29.6036
  0.00233146     -30.8086
  0.00235782     -32.0071
  0.00238448     -33.2978
  0.00241144     -34.5856
   0.0024387      -35.967
  0.00246627     -37.3493
  0.00249416     -38.8264
  0.00252236     -40.3081
  0.00255088     -41.8861
  0.00257972     -43.4723
  0.00260889     -45.1562
  0.00263838     -46.8519
  0.00266822     -48.6468
  0.00269838     -50.4571
  0.00272889     -52.3679
  0.00275975     -54.2976
  0.00279095     -56.3291
  0.00282251     -58.3827
  0.00285442     -60.5394
  0.00288669     -62.7213
  0.00291933     -65.0074
  0.00295234     -67.3215
  0.00298572     -69.7407
  0.00301948     -72.1905
  0.00305362     -74.7459
  0.00308814     -77.3341
  0.00312306     -80.0281
  0.00315837     -82.7567
  0.00319408     -85.5911
  0.00323019     -88.4612
  0.00326672     -91.4363
  0.00330365     -94.4479
  0.00334101     -97.5632
  0.00337878     -100.715
  0.00341698     -103.968
  0.00345562     -107.257
  0.00349469     -110.645
   0.0035342     -114.067
  0.00357416     -117.584
  0.00361457     -121.132
  0.00365544      -124.77
  0.00369677     -128.435
  0.00373857     -132.185
  0.00378084     -135.956
  0.00382359     -139.805
  0.00386682     -143.668
  0.00391054       -147.6
  0.00395475     -151.538
  0.00399947     -155.534
  0.00404469     -159.527
  0.00409042     -163.566
  0.00413667     -167.589
  0.00418344     -171.644
  0.00423074      -175.67
  0.00427857     -179.711
  0.00432695     -183.707
  0.00437587       -187.7
  0.00442535      -191.63
  0.00447538     -195.537
  0.00452598     -199.359
  0.00457716     -203.136
  0.00462891     -206.806
  0.00468125     -210.405
  0.00473418     -213.871
   0.0047877      -217.24
  0.00484183     -220.448
  0.00489658     -223.529
  0.00495194      -226.42
  0.00500793     -229.152
  0.00506455     -231.662
  0.00512182      -233.98
  0.00517973     -236.042
  0.00523829     -237.877
  0.00529752     -239.423
  0.00535741     -240.704
  0.00541799      -241.66
  0.00547925     -242.314
   0.0055412     -242.608
  0.00560385     -242.564
  0.00566721     -242.124
  0.00573129      -241.31
  0.00579609     -240.065
  0.00586162     -238.412
   0.0059279     -236.297
  0.00599492     -233.743
   0.0060627     -230.698
  0.00613125     -227.188
  0.00620057     -223.163
  0.00627068     -218.651
  0.00634158     -213.607
  0.00641328     -208.061
  0.00648579     -201.974
  0.00655912      -195.38
  0.00663329     -188.244
  0.00670829     -180.605
  0.00678413     -172.435
  0.00686084     -163.778
  0.00693841     -154.614
  0.00701686     -144.993
   0.0070962     -134.902
  0.00717643     -124.399
  0.00725757     -113.479
  0.00733963     -102.207
  0.00742261     -90.5882
  0.00750654     -78.6951
  0.00759141     -66.5412
  0.00767724     -54.2082
  0.00776405     -41.7183
  0.00785183     -29.1611
  0.00794061     -16.5676
  0.00803039     -4.03458
  0.00812118      8.39907
  0.00821301      20.6302
  0.00830587      32.6135
  0.00839978       44.241
  0.00849475      55.4628
   0.0085908      66.1683
  0.00868793      76.3055
  0.00878616      85.7639
   0.0088855      94.4921
  0.00898596      102.383
  0.00908756      109.391
  0.00919031      115.414
  0.00929422      120.416
  0.00939931      124.307
  0.00950558      127.063
  0.00961306      128.612
  0.00972175      128.945
  0.00983167      128.011
  0.00994283      125.825
   0.0100552       122.36
   0.0101689      117.657
   0.0102839      111.719
   0.0104002      104.616
   0.0105178      96.3822
   0.0106367      87.1196
    0.010757      76.8957
   0.0108786      65.8447
   0.0110016      54.0667
    0.011126      41.7262
   0.0112518      28.9527
    0.011379      15.9376
   0.0115076      2.83403
   0.0116378     -10.1473
   0.0117693     -22.8375
   0.0119024     -35.0165
    0.012037     -46.5112
   0.0121731     -57.1045
   0.0123107      -66.633
   0.0124499     -74.8976
   0.0125907     -81.7601
    0.012733     -87.0556
    0.012877     -90.6876
   0.0130226     -92.5418
   0.0131698     -92.5794
   0.0133187     -90.7513
   0.0134693     -87.0896
   0.0136216      -81.622
   0.0137756     -74.4606
   0.0139314     -65.7154
   0.0140889     -55.5807
   0.0142482     -44.2474
   0.0144093     -31.9858
   0.0145722     -19.0566
    0.014737     -5.79046
   0.0149036      7.50293
   0.0150721      20.4587
   0.0152425      32.7488
   0.0154149      44.0089
   0.0155892      53.9313
   0.0157654      62.1936
   0.0159437      68.5515
   0.0161239      72.7682
   0.0163062      74.7051
   0.0164906      74.2508
   0.0166771      71.4077
   0.0168656      66.2187
   0.0170563      58.8481
   0.0172492      49.5038
   0.0174442      38.5118
   0.0176414      26.2321
   0.0178409      13.1255
   0.0180426    -0.336221
   0.0182466     -13.6114
   0.0184529     -26.1838
   0.0186615      -37.509
   0.0188725     -47.1131
   0.0190859      -54.542
   0.0193017     -59.4587
     0.01952     -61.5917
   0.0197407     -60.8259
   0.0199639     -57.1441
   0.0201896     -50.7078
   0.0204178      -41.786
   0.0206487     -30.8217
   0.0208822      -18.345
   0.0211183     -5.02311
    0.021357       8.4417
   0.0215985      21.2778
   0.0218427      32.7568
   0.0220897      42.1688
   0.0223394      48.9379
    0.022592      52.5956
   0.0228475      52.8882
   0.0231058      49.7362
    0.023367        43.32
   0.0236312      34.0139
   0.0238984      22.4406
   0.0241686      9.37258
   0.0244419     -4.24697
   0.0247183     -17.4334
   0.0249977     -29.1655
   0.0252804     -38.5322
   0.0255662     -44.7444
   0.0258553      -47.275
   0.0261476      -45.852
   0.0264432     -40.5642
   0.0267422     -31.8082
   0.0270446     -20.3377
   0.0273504     -7.14881
   0.0276596      6.53354
   0.0279723      19.4259
   0.0282886      30.2443
   0.0286085      37.8992
   0.0289319      41.5548
    0.029259      40.7975
   0.0295899       35.641
   0.0299244      26.6147
   0.0302628        14.67
   0.0306049      1.15956
    0.030951     -12.3635
   0.0313009     -24.2575
   0.0316548     -33.0547
   0.0320127     -37.5937
   0.0323747     -37.2515
   0.0327407     -31.9951
   0.0331109      -22.484
   0.0334853     -9.95615
   0.0338639       3.8496
   0.0342467      16.9795
    0.034634      27.4788
   0.0350256      33.7513
   0.0354216      34.7647
   0.0358221      30.3109
   0.0362271      21.0252
   0.0366367      8.39303
   0.0370509     -5.51407
   0.0374698     -18.3015
   0.0378935     -27.7193
   0.0383219     -32.0167
   0.0387552     -30.3584
   0.0391934     -22.9742
   0.0396366     -11.2389
   0.0400847      2.59519
   0.0405379      15.7424
   0.0409963      25.4915
   0.0414598      29.7241
   0.0419286      27.4697
   0.0424026      19.1271
   0.0428821      6.51494
   0.0433669     -7.52772
   0.0438572     -19.6937
   0.0443531     -27.0425
   0.0448546     -27.6894
   0.0453617      -21.405
   0.0458746     -9.71011
   0.0463933      4.36376
   0.0469178      17.0681
   0.0474483      24.8715
   0.0479848      25.5327
   0.0485273      18.7619
    0.049076      6.48105
   0.0496309     -7.68997
   0.0501921     -19.3923
   0.0507596     -24.9235
   0.0513335     -22.4098
   0.0519139     -12.5923
   0.0525008      1.33282
   0.0530944      14.6125
   0.0536948      22.5835
   0.0543019      22.2962
   0.0549158      13.7617
   0.0555367    0.0570268
   0.0561647     -13.6191
   0.0567997     -21.9302
   0.0574419     -21.4763
   0.0580914     -12.3645
   0.0587482      1.69588
   0.0594124      14.7154
   0.0600842       20.982
   0.0607635      17.5749
   0.0614505      5.92737
   0.0621453     -8.65569
    0.062848     -19.2476
   0.0635586     -20.6549
   0.0642772      -12.048
   0.0650039      2.29893
   0.0657389      15.0054
   0.0664822      19.2723
   0.0672339      12.6802
    0.067994     -1.27693
   0.0687628     -14.7717
   0.0695403     -20.0028
   0.0703266     -13.7593
   0.0711217     0.302095
   0.0719258      13.5885
   0.0727391      17.6531
   0.0735615      9.72627
   0.0743932     -5.19409
   0.0752344     -17.1938
    0.076085     -18.0487
   0.0769453     -7.03707
   0.0778152      8.04127
   0.0786951      16.1609
   0.0795848       11.076
   0.0804847     -3.55502
   0.0813947     -16.5214
   0.0823149     -17.4964
   0.0832456     -5.57166
   0.0841869      9.50783
   0.0851387      14.9295
   0.0861014      5.81372
   0.0870749     -10.0776
   0.0880594     -18.5526
    0.089055     -11.7859
   0.0900619      4.00893
   0.0910802      13.6635
     0.09211      7.49723
   0.0931515      -8.7308
   0.0942047     -18.7303
   0.0952698     -12.1382
    0.096347      4.16939
   0.0974363      12.4656
    0.098538      3.27832
   0.0996521     -13.4734
    0.100779     -18.7138
    0.101918     -6.23079
    0.103071       9.1646
    0.104236      8.47373
    0.105415      -7.8878
    0.106606     -19.5437
    0.107812     -11.4132
    0.109031      5.86486
    0.110264       8.8849
     0.11151     -7.03807
    0.112771     -20.0424
    0.114046     -11.5831
    0.115336      6.30505
     0.11664      7.03573
    0.117958     -10.8585
    0.119292     -19.9961
    0.120641     -5.59395
    0.122005      9.83096
    0.123384      1.24285
    0.124779     -17.2216
     0.12619       -13.81
    0.127617      6.66979
     0.12906      9.16865
    0.130519     -10.3256
    0.131995     -15.2747
    0.133487      5.52469
    0.134996      15.0191
    0.136523     -3.36216
    0.138066     -11.4161
    0.139627      10.4489
    0.141206      21.8581
    0.142803        2.632
    0.144417     -2.68504
     0.14605       23.275
    0.147702      30.6353
    0.149372      9.24449
     0.15106      15.0695
    0.152768      45.1405
    0.154496      40.1947
    0.156242       22.877
    0.158009      49.3274
    0.159796      72.2071
    0.161602      52.2042
    0.163429      60.4713
    0.165277      102.691
    0.167146       97.999
    0.169036      90.8236
    0.170947      141.657
     0.17288      159.441
    0.174835      145.555
    0.176811      202.023
     0.17881      242.224
    0.180832      227.646
    0.182877      294.069
    0.184944       352.58
    0.187035      334.331
     0.18915      419.091
    0.191289      480.462
    0.193452      441.569
    0.195639      559.709
    0.197851      532.103
    0.200088      244.738
     0.20235      240.688
    0.204638      49.7839
    0.206952     -501.903
    0.209292     -282.656
    0.211658      253.876
    0.214051      266.024
    0.216471      449.796
    0.218919      608.667
    0.221394      462.665
    0.223897      463.468
    0.226429      382.628
    0.228989      309.494
    0.231578      291.071
    0.234196      199.752
    0.236844      196.771
    0.239522      133.077
     0.24223      117.622
    0.244969      91.5125
    0.247739      62.2068
     0.25054       62.123
    0.253373      28.5253
    0.256238      39.6249
    0.259135      9.76838
    0.262065       22.377
    0.265028    -0.333119
    0.268024      9.94619
    0.271055     -5.53701
    0.274119      1.78043
    0.277219     -8.02807
    0.280353     -3.07916
    0.283523     -8.83272
    0.286729     -5.33025
     0.28997      -8.4036
    0.293249     -5.87287
    0.296565     -7.40745
    0.299918     -5.50336
    0.303309     -6.09228
    0.306738     -4.60559
    0.310206      -4.7674
    0.313714     -3.67957
    0.317261     -3.64645
    0.320848     -2.77753
    0.324475     -2.65109
    0.328144     -2.04165
    0.331854     -1.94634
    0.335606     -1.47081
    0.339401     -1.33839
    0.343238    -0.993118
    0.347119    -0.935682
    0.351044    -0.697888
    0.355013    -0.626379
    0.359027    -0.434092
    0.363086    -0.414658
    0.367192    -0.305078
    0.371343    -0.272633
    0.375542    -0.158175
    0.379788    -0.163719
    0.384082    -0.122683
    0.388425    -0.108391
    0.392816   -0.0453796
    0.397258   -0.0689279
    0.401749   -0.0533366
    0.406292   -0.0351051
    0.410886   0.00152363
    0.415531   -0.0354445
    0.420229   -0.0206276
    0.424981  0.000491242
    0.429786  0.000880965
    0.434645   -0.0298343
     0.43956   0.00474462
     0.44453   0.00813848
    0.449556   -0.0110882
    0.454639   -0.0116645
    0.459779    0.0186669
    0.464977  -0.00685705
    0.470235   -0.0111963
    0.475551   0.00787984
    0.480928   0.00259378
    0.486366    -0.013373
    0.491865    0.0121829
    0.497426   0.00116486
     0.50305   -0.0100189
    0.508738   0.00795287
     0.51449   0.00518388
    0.520307   -0.0155025
     0.52619   0.00934139
     0.53214  0.000849661
    0.538156  -0.00910304
    0.544241      0.01238
    0.550394  -0.00421548
    0.556617  -0.00674028
    0.562911    0.0120689
    0.569275    -0.014843
    0.575712   0.00956528
    0.582221   0.00206926
    0.588804  -0.00853068
    0.595462    0.0110451
    0.602194   -0.0111902
    0.609003   0.00506697
    0.615889   0.00331139
    0.622852  -0.00884137
    0.629894   0.00986131
    0.637016  -0.00838979
    0.644219    0.0081783
    0.651503  -0.00475811
    0.658869  -0.00107061
    0.666318   0.00373116
    0.673852  -0.00645039
    0.681471   0.00906356
    0.689176  -0.00913475
    0.696968   0.00897743
    0.704849   -0.0092245
    0.712818   0.00807127
    0.720878  -0.00640398
    0.729028   0.00502571
    0.737271   -0.0033506
    0.745607   0.00311445
    0.754037  -0.00351212
    0.762563   0.00240261
    0.771185 -0.000866012
    0.779904   0.00100014
    0.788722  -0.00215535
     0.79764   0.00235132
    0.806658  -0.00179145
    0.815779  0.000522542
    0.825003  0.000514892
     0.83433   0.00010111
    0.843764 -0.000514474
    0.853304  0.000299545
    0.862952 -0.000501113
    0.872709  0.000372343
    0.882576   0.00102927
    0.892555   -0.0013769
    0.902647   0.00017654
    0.912852 -0.000361177
    0.923174    0.0012309
    0.933612 -0.000857693
    0.944167 -9.86411e-05
    0.954843  0.000154948
    0.965639   0.00026524
    0.976557  0.000316511
    0.987598  -0.00110902
    0.998764  0.000667095
     1.01006 -0.000344325
     1.02148  0.000339136
     1.03303  9.01777e-07
     1.04471 -0.000291082
     1.05652  0.000190788
     1.06846  0.000243351
     1.08054 -0.000372938
     1.09276   7.0934e-05
     1.10512  0.000413845
     1.11761 -0.000742698
     1.13025  0.000430424
     1.14303 -2.58975e-05
     1.15595  0.000202219
     1.16902 -0.000359615
     1.18224  5.77893e-05
     1.19561  0.000266334
     1.20912 -0.000148128
      1.2228 -1.99284e-05
     1.23662  0.000121495
      1.2506 -0.000165786
     1.26474  0.000196041
     1.27904 -7.16676e-05
      1.2935 -0.000181089
     1.30813  1.63235e-05
     1.32292  0.000199681
     1.33788 -3.02653e-05
       1.353   -9.882e-05
      1.3683 -5.34753e-05
     1.38377  0.000232164
     1.39942 -0.000336151
     1.41524  0.000181783
     1.43124 -4.44173e-05
     1.44742  0.000190373
     1.46379 -0.000296503
     1.48034  0.000227949
     1.49708 -0.000101024
       1.514  0.000100863
     1.53112 -0.000137139
     1.54843   9.9919e-05
     1.56594  1.74428e-05
     1.58365 -0.000243078
     1.60155  0.000278149
     1.61966 -0.000143886
     1.63797  0.000131801
     1.65649 -8.92253e-05
     1.67522 -2.60605e-05
     1.69416  8.96711e-05
     1.71332 -8.98376e-05
     1.73269  7.74559e-05
     1.75228  8.50008e-06
     1.77209 -0.000139098
     1.79213  9.69671e-05
     1.81239  2.47295e-05
     1.83288 -2.27345e-05
     1.85361 -2.51877e-05
     1.87457  4.06247e-05
     1.89576 -0.000147006
     1.91719  0.000203412
     1.93887 -0.000149812
     1.96079  0.000124434
     1.98296 -9.77503e-05
     2.00538  9.59006e-05
     2.02806 -4.28326e-05
     2.05099 -3.43848e-05
     2.07418  7.33046e-05
     2.09763  -9.8088e-05
     2.12135  0.000126261
     2.14533 -0.000165465
     2.16959  0.000125837
     2.19412 -6.65745e-05
     2.21893  5.82911e-05
     2.24401 -5.49887e-05
     2.26939  8.22476e-06
     2.29505  2.29235e-05
     2.32099 -3.05859e-06
     2.34724 -1.67274e-05
     2.37378  1.57288e-05
     2.40061   8.7463e-07
     2.42776  1.65763e-05
     2.45521 -3.50056e-05
     2.48297  4.21598e-05
     2.51104 -3.82668e-05
     2.53943   1.8263e-05
     2.56814 -3.07166e-05
     2.59718   4.3916e-05
     2.62655   -3.734e-05
     2.65624  2.04164e-05
     2.68628 -7.45016e-06
     2.71665  1.10662e-05
     2.74736 -1.79718e-05
     2.77843  3.50155e-05
     2.80984 -2.69688e-05
     2.84161 -6.31491e-06
     2.87374  2.90283e-06
     2.90623   3.9441e-06
     2.93909 -6.82966e-06
     2.97232  2.54761e-05
     3.00593 -2.07933e-05
     3.03992  5.83568e-06
     3.07429  1.04985e-05
     3.10905 -1.65034e-05
      3.1442  1.13568e-05
     3.17975  -2.2714e-06
      3.2157 -2.65454e-05
     3.25206  1.71541e-05
     3.28883  7.47642e-06
     3.32601  4.55304e-06
     3.36362 -5.62948e-07
     3.40165 -1.56074e-05
     3.44011  1.60536e-05
     3.47901 -2.39573e-06
     3.51834  -7.4809e-06
     3.55812  9.85168e-07
     3.59835 -8.33029e-06
     3.63904  2.41619e-05
     3.68018 -1.74744e-05
     3.72179 -5.72242e-07
     3.76387  6.50464e-06
     3.80643 -6.19814e-06
     3.84947  5.68537e-06
     3.89299 -6.93475e-07
     3.93701  4.61307e-06
     3.98152 -7.96848e-06
     4.02654  4.37134e-06
     4.07206   -6.651e-06
     4.11811  2.66606e-06
     4.16467 -1.89804e-06
     4.21175  7.54959e-06
     4.25938 -1.49589e-06
     4.30753  4.12374e-06
     4.35624  -1.2603e-05
     4.40549  3.30071e-06
      4.4553  1.53927e-06
     4.50568  4.01748e-06
     4.55662  2.89573e-07
     4.60814 -3.33088e-06
     4.66024  3.72163e-07
     4.71293 -6.35684e-06
     4.76622  1.14689e-05
     4.82011 -4.39728e-06
     4.87461  1.54876e-06
     4.92972 -6.46971e-06
     4.98546  7.65216e-07
     5.04183  4.52443e-06
     5.09883  4.11526e-06
     5.15648 -6.41832e-06
     5.21479  2.91717e-06
     5.27375 -3.37185e-06
     5.33338  6.21941e-07
     5.39368 -1.02918e-06
     5.45466  1.00864e-06
     5.51633  3.13739e-06
     5.57871 -1.07278e-07
     5.64178  5.27204e-07
     5.70557 -4.33546e-06
     5.77008 -1.69165e-06
     5.83532  4.79441e-06
      5.9013 -7.69627e-07
     5.96802 -1.12633e-06
      6.0355  2.10313e-06
     6.10374 -3.05653e-06
     6.17275  3.24895e-06
     6.24254 -1.57249e-06
     6.31312  -5.9806e-07
      6.3845  7.03393e-07
     6.45669 -3.07357e-06
     6.52969  5.98309e-06
     6.60352 -4.50497e-06
     6.67818  3.13267e-06
     6.75369 -3.46399e-06
     6.83005  4.07995e-06
     6.90728 -4.92266e-06
     6.98537  2.17377e-06
     7.06435  2.05591e-06
     7.14423 -1.16355e-06
       7.225 -2.19259e-06
     7.30669  3.27857e-06
     7.38931  -2.6203e-06
     7.47285  1.09888e-06
     7.55735 -6.67089e-08
     7.64279  1.13779e-06
     7.72921 -2.34922e-06
      7.8166  1.02668e-06
     7.90498  2.03142e-08
     7.99435  2.56719e-06
     8.08474 -4.15136e-06
     8.17615  7.76929e-07
      8.2686  1.91312e-06
     8.36209 -1.78913e-07
     8.45663 -1.32191e-06
     8.55225  6.12073e-08
     8.64894  9.58645e-07
     8.74673  2.26844e-07
     8.84563 -2.36033e-06
     8.94564  2.99663e-06
     9.04679  -1.4242e-06
     9.14907 -2.54848e-07
     9.25252  7.11106e-07
     9.35713 -9.01922e-07
     9.46293  1.09006e-06
     9.56992 -8.89862e-07
     9.67812  7.74805e-07
     9.78755 -5.87954e-07
     9.89821 -3.22214e-07
     10.0101  1.16403e-06
     10.1233  -9.6124e-07
     10.2378  3.82337e-07
     10.3535 -3.38512e-07
     10.4706  5.40548e-07
      10.589 -4.13021e-07
     10.7087  1.70883e-08
     10.8298  3.70053e-07
     10.9522 -7.46999e-07
     11.0761  1.15379e-06
     11.2013 -1.30895e-06
     11.3279  9.78923e-07
      11.456 -5.58102e-07
     11.5855  4.78834e-07
     11.7165 -3.62581e-07
      11.849 -2.80764e-07
      11.983  1.01267e-06
     12.1185 -1.08821e-06
     12.2555  6.30796e-07
      12.394   -3.197e-07
     12.5342  3.30543e-07
     12.6759 -3.00733e-07
     12.8192  4.66991e-08
     12.9642  2.29455e-07
     13.1107 -3.46772e-07
      13.259  3.59782e-07
     13.4089  -3.6182e-07
     13.5605  3.30148e-07
     13.7138 -1.88639e-07
     13.8689 -7.37514e-08
     14.0257  3.30299e-07
     14.1843 -3.90248e-07
     14.3446  2.14422e-07
     14.5068  1.20578e-08
     14.6709 -8.97592e-08
     14.8367  8.08346e-09
     15.0045  9.88798e-08
     15.1741 -1.35893e-07
     15.3457  1.23236e-07
     15.5192 -1.17637e-07
     15.6947   1.2956e-07
     15.8721 -1.29803e-07
     16.0516  9.93593e-08
     16.2331 -5.34191e-08
     16.4166  1.02508e-08
     16.6022   2.6145e-08
     16.7899 -5.05226e-08
     16.9798  5.57508e-08
     17.1718 -4.59758e-08
     17.3659  3.74503e-08
     17.5623 -5.24564e-08
     17.7608  9.84161e-08
     17.9616 -1.53726e-07
     18.1647   1.7791e-07
     18.3701 -1.41521e-07
     18.5778  4.94016e-08
     18.7879  5.45073e-08
     19.0003 -1.18041e-07
     19.2151  1.16409e-07
     19.4324 -6.43748e-08
     19.6521 -1.09836e-09
     19.8743  4.46977e-08
      20.099 -5.35986e-08
     20.3262  3.42222e-08
      20.556 -2.47904e-09
     20.7885 -2.61889e-08
     21.0235  4.03941e-08
     21.2612 -3.91368e-08
     21.5016  2.62667e-08
     21.7447 -8.05062e-09
     21.9906 -1.14546e-08
     22.2392  2.68077e-08
     22.4907   -3.357e-08
     22.7449   2.9336e-08
     23.0021 -2.02453e-08
     23.2622  1.11809e-08
     23.5252  -3.5746e-09
     23.7912 -4.11947e-09
     24.0602  9.25415e-09
     24.3322 -1.21374e-08
     24.6073  1.32391e-08
     24.8856 -1.52402e-08
     25.1669  1.61534e-08
     25.4515 -1.54419e-08
     25.7393   1.2195e-08
     26.0303 -1.02818e-08
     26.3246  9.39728e-09
     26.6222 -1.01125e-08
     26.9232  9.90654e-09
     27.2276 -1.02632e-08
     27.5355  9.50226e-09
     27.8468  -9.6825e-09
     28.1617  9.18423e-09
     28.4801 -1.00176e-08
     28.8021  9.83946e-09
     29.1277 -1.04584e-08
     29.4571  9.45357e-09
     29.7901 -9.37026e-09
      30.127  8.07196e-09
     30.4676 -8.32863e-09
     30.8121  7.33819e-09
     31.1604 -7.93005e-09
     31.5128  7.26386e-09
     31.8691 -8.34058e-09
     32.2294  7.65693e-09
     32.5938 -8.52818e-09
     32.9623  7.44744e-09
      33.335 -8.14814e-09
     33.7119  6.78841e-09
     34.0931 -7.47353e-09
     34.4786  6.06296e-09
     34.8684 -7.03218e-09
     35.2626  5.64181e-09
     35.6613 -6.72001e-09
     36.0645  5.31458e-09
     36.4723 -6.77034e-09
     36.8847  5.43047e-09
     37.3017 -6.95085e-09
     37.7235  5.22606e-09
       38.15 -6.69081e-09
     38.5813  4.79309e-09
     39.0175 -6.45879e-09
     39.4587  4.40284e-09
     39.9048 -6.22725e-09
      40.356  4.02855e-09
     40.8123 -6.09763e-09
     41.2738  3.71687e-09
     41.7404 -5.97233e-09
     42.2124  3.42269e-09
     42.6896  -5.9799e-09
     43.1723  3.20517e-09
     43.6604 -5.92385e-09
     44.1541  2.79798e-09
     44.6533 -5.74121e-09
     45.1582  2.39116e-09
     45.6688 -5.72336e-09
     46.1851  2.12694e-09
     46.7073 -5.78662e-09
     47.2354  1.85771e-09
     47.7695 -5.84935e-09
     48.3096  1.53852e-09
     48.8558  -5.9075e-09
     49.4082  1.18943e-09
     49.9668 -5.93622e-09
     50.5318  7.66928e-10
     51.1031 -6.00087e-09
     51.6809  4.08836e-10
     52.2653 -6.16368e-09
     52.8562  5.14793e-11
     53.4538 -6.33466e-09
     54.0582 -3.56125e-10
     54.6694 -6.51337e-09
     55.2875  -7.9716e-10
     55.9126 -6.71918e-09
     56.5448 -1.26575e-09
     57.1841 -6.97169e-09
     57.8307 -1.72981e-09
     58.4846 -7.28978e-09
     59.1458 -2.23221e-09
     59.8146 -7.61718e-09
     60.4908 -2.79075e-09
     61.1748 -7.99278e-09
     61.8665 -3.36457e-09
      62.566 -8.43301e-09
     63.2734 -3.98855e-09
     63.9888 -8.90468e-09
     64.7123 -4.66364e-09
     65.4439 -9.44387e-09
     66.1839 -5.38057e-09
     66.9322 -1.00446e-08
      67.689 -6.15423e-09
     68.4543 -1.07098e-08
     69.2283 -6.99461e-09
      70.011 -1.14389e-08
     70.8026 -7.90829e-09
     71.6031  -1.2245e-08
     72.4127  -8.8932e-09
     73.2314 -1.31366e-08
     74.0594 -9.96183e-09
     74.8968 -1.41191e-08
     75.7436 -1.11157e-08
        76.6  -1.5206e-08
     77.4661 -1.23672e-08
     78.3419 -1.63958e-08
     79.2277 -1.37331e-08
     80.1235 -1.76987e-08
     81.0294 -1.52166e-08
     81.9456 -1.91325e-08
     82.8721 -1.68246e-08
     83.8091 -2.07078e-08
     84.7567 -1.85736e-08
      85.715 -2.24322e-08
     86.6841 -2.04783e-08
     87.6642 -2.43203e-08
     88.6554 -2.25504e-08
     89.6578 -2.63884e-08
     90.6715 -2.48058e-08
     91.6967 -2.86507e-08
     92.7335 -2.72612e-08
      93.782 -3.11264e-08
     94.8423 -2.99336e-08
     95.9147 -3.38334e-08
     96.9991 -3.28448e-08
     98.0958  -3.6791e-08
      99.205 -3.60153e-08
