 0.000992139      751.464
  0.00100336      767.016
   0.0010147      783.072
  0.00102617      799.216
  0.00103778      815.864
  0.00104951      832.616
  0.00106138      849.873
  0.00107338      867.247
  0.00108551      885.127
  0.00109779      903.138
   0.0011102      921.657
  0.00112275      940.318
  0.00113544      959.489
  0.00114828      978.814
  0.00116127       998.65
   0.0011744      1018.65
  0.00118767      1039.17
   0.0012011      1059.86
  0.00121468      1081.06
  0.00122842      1102.45
  0.00124231      1124.35
  0.00125635      1146.45
  0.00127056      1169.06
  0.00128492      1191.88
  0.00129945       1215.2
  0.00131414      1238.74
    0.001329      1262.79
  0.00134403      1287.06
  0.00135922      1311.83
  0.00137459      1336.83
  0.00139013      1362.33
  0.00140585      1388.06
  0.00142175      1414.28
  0.00143782      1440.74
  0.00145408      1467.68
  0.00147052      1494.86
  0.00148715      1522.52
  0.00150396      1550.41
  0.00152096      1578.78
  0.00153816      1607.37
  0.00155555      1636.43
  0.00157314      1665.71
  0.00159093      1695.44
  0.00160892      1725.38
  0.00162711      1755.75
   0.0016455      1786.34
  0.00166411      1817.33
  0.00168292      1848.52
  0.00170195      1880.11
   0.0017212      1911.87
  0.00174066         1944
  0.00176034      1976.29
  0.00178024      2008.92
  0.00180037      2041.69
  0.00182072      2074.78
  0.00184131      2107.97
  0.00186213      2141.44
  0.00188318      2174.98
  0.00190448      2208.77
  0.00192601       2242.6
  0.00194779      2276.63
  0.00196981      2310.67
  0.00199208      2344.85
   0.0020146      2378.99
  0.00203738      2413.24
  0.00206042      2447.39
  0.00208371      2481.58
  0.00210727      2515.62
   0.0021311      2549.64
  0.00215519      2583.46
  0.00217956      2617.18
  0.00220421      2650.62
  0.00222913       2683.9
  0.00225433      2716.83
  0.00227982      2749.51
   0.0023056      2781.76
  0.00233166      2813.67
  0.00235803      2845.07
  0.00238469      2876.03
  0.00241165      2906.37
  0.00243892      2936.19
  0.00246649      2965.28
  0.00249438      2993.74
  0.00252258      3021.36
  0.00255111      3048.23
  0.00257995      3074.15
  0.00260912      3099.18
  0.00263862      3123.15
  0.00266845       3146.1
  0.00269863      3167.85
  0.00272914      3188.45
  0.00275999      3207.71
   0.0027912      3225.67
  0.00282276      3242.15
  0.00285468      3257.17
  0.00288695      3270.56
  0.00291959      3282.35
   0.0029526      3292.34
  0.00298599      3300.57
  0.00301975      3306.84
  0.00305389      3311.18
  0.00308842       3313.4
  0.00312334      3313.52
  0.00315865      3311.36
  0.00319437      3306.92
  0.00323048      3300.04
  0.00326701      3290.72
  0.00330395      3278.77
   0.0033413      3264.23
  0.00337908      3246.91
  0.00341729      3226.82
  0.00345593      3203.79
    0.003495      3177.84
  0.00353452      3148.81
  0.00357448      3116.72
   0.0036149       3081.4
  0.00365577      3042.89
   0.0036971      3001.04
   0.0037389      2955.88
  0.00378118      2907.28
  0.00382393      2855.28
  0.00386716      2799.75
  0.00391089      2740.76
  0.00395511      2678.19
  0.00399983      2612.11
  0.00404505      2542.45
  0.00409079      2469.27
  0.00413704      2392.52
  0.00418381      2312.29
  0.00423112      2228.55
  0.00427896      2141.42
  0.00432734      2050.89
  0.00437626      1957.09
  0.00442575      1860.05
  0.00447578      1759.94
  0.00452639       1656.8
  0.00457757      1550.84
  0.00462932      1442.14
  0.00468167      1330.93
   0.0047346      1217.32
  0.00478813      1101.58
  0.00484227      983.871
  0.00489702      864.489
  0.00495239      743.627
  0.00500838      621.624
  0.00506501      498.708
  0.00512228      375.259
  0.00518019      251.542
  0.00523876      127.971
  0.00529799      4.85063
   0.0053579     -117.371
  0.00541847     -238.354
  0.00547974      -357.62
   0.0055417     -474.796
  0.00560435     -589.377
  0.00566772     -700.965
   0.0057318     -809.032
  0.00579661     -913.162
  0.00586215     -1012.81
  0.00592843     -1107.56
  0.00599546     -1196.85
  0.00606325     -1280.27
   0.0061318     -1357.26
  0.00620113     -1427.43
  0.00627124     -1490.25
  0.00634215     -1545.33
  0.00641386     -1592.19
  0.00648637     -1630.49
  0.00655971      -1659.8
  0.00663388     -1679.84
  0.00670889     -1690.25
  0.00678474     -1690.84
  0.00686145     -1681.33
  0.00693903     -1661.62
  0.00701749     -1631.57
  0.00709683     -1591.19
  0.00717707     -1540.46
  0.00725822     -1479.54
  0.00734029     -1408.56
  0.00742328     -1327.84
  0.00750721     -1237.68
  0.00759209     -1138.55
  0.00767793     -1030.95
  0.00776474     -915.524
  0.00785253     -792.949
  0.00794132     -664.072
  0.00803111     -529.742
  0.00812191     -390.991
  0.00821374     -248.845
  0.00830661     -104.503
  0.00840053      40.8506
  0.00849551      185.874
  0.00859157      329.255
  0.00868871      469.544
  0.00878695      605.344
   0.0088863      735.149
  0.00898677       857.53
  0.00908838      970.986
  0.00919114      1074.13
  0.00929506      1165.53
  0.00940015      1243.93
  0.00950643      1308.06
  0.00961392      1356.86
  0.00972262      1389.32
  0.00983255      1404.69
  0.00994372       1402.3
   0.0100561      1381.78
   0.0101698      1342.91
   0.0102848      1285.81
   0.0104011      1210.77
   0.0105187      1118.44
   0.0106377      1009.71
   0.0107579      885.804
   0.0108796      748.214
   0.0110026      598.781
    0.011127      439.567
   0.0112528      272.983
     0.01138      101.618
   0.0115087     -71.6458
   0.0116388     -243.811
   0.0117704     -411.671
   0.0119035         -572
   0.0120381     -721.474
   0.0121742     -856.877
   0.0123118      -975.03
    0.012451     -1073.01
   0.0125918     -1148.09
   0.0127342     -1197.95
   0.0128782     -1220.65
   0.0130238     -1214.79
    0.013171     -1179.53
   0.0133199     -1114.71
   0.0134705     -1020.81
   0.0136228     -899.142
   0.0137769      -751.72
   0.0139326     -581.405
   0.0140902      -391.77
   0.0142495     -187.185
   0.0144106      27.3706
   0.0145735      246.272
   0.0147383       463.49
   0.0149049      672.616
   0.0150735      867.151
   0.0152439      1040.58
   0.0154162      1186.71
   0.0155905      1299.78
   0.0157668      1374.79
   0.0159451      1407.68
   0.0161254      1395.59
   0.0163077      1337.05
   0.0164921      1232.18
   0.0166785      1082.78
   0.0168671      892.515
   0.0170578      666.803
   0.0172507        412.9
   0.0174457       139.65
    0.017643     -142.618
   0.0178425     -422.509
   0.0180442     -687.836
   0.0182482     -926.204
   0.0184546     -1125.44
   0.0186632      -1274.3
   0.0188742     -1362.97
   0.0190876     -1383.81
   0.0193034     -1331.84
   0.0195217     -1205.38
   0.0197424     -1006.38
   0.0199656     -740.808
   0.0201914      -418.65
   0.0204197     -53.9292
   0.0206506      335.747
    0.020884      729.668
   0.0211202      1104.98
    0.021359      1437.66
   0.0216005      1703.97
   0.0218447      1881.78
   0.0220917       1952.3
   0.0223415      1901.56
   0.0225941      1722.04
   0.0228495      1413.88
   0.0231079      985.968
   0.0233691      456.471
   0.0236334     -147.079
   0.0239006     -788.446
   0.0241708     -1423.86
   0.0244441      -2004.1
   0.0247205     -2476.95
       0.025     -2790.56
   0.0252826     -2896.91
   0.0255685     -2755.76
   0.0258576     -2338.31
   0.0261499     -1630.73
   0.0264456     -636.872
   0.0267446      619.822
    0.027047      2095.86
   0.0273528       3728.5
   0.0276621      5438.34
   0.0279748      7133.32
   0.0282911      8714.39
    0.028611      10082.1
   0.0289345      11144.4
   0.0292617      11823.8
   0.0295925        12065
   0.0299271      11840.6
   0.0302655      11155.1
   0.0306077      10046.8
   0.0309537      8585.94
   0.0313037      6870.93
   0.0316576      5020.54
   0.0320156      3164.33
   0.0323776      1431.26
   0.0327436     -62.4206
   0.0331139     -1224.39
   0.0334883     -1995.65
   0.0338669     -2356.54
   0.0342498     -2328.79
   0.0346371     -1972.63
   0.0350287     -1379.59
   0.0354247     -661.027
   0.0358253      65.8183
   0.0362303      692.923
     0.03664      1135.35
   0.0370542      1342.19
   0.0374732      1302.49
   0.0378969      1045.47
   0.0383254      634.239
   0.0387587      154.408
   0.0391969     -301.324
   0.0396401     -649.587
   0.0400883     -831.311
   0.0405416      -822.11
   0.0409999     -636.311
   0.0414635     -323.274
   0.0419323      43.1795
   0.0424064      380.676
   0.0428859      616.013
   0.0433708      701.275
   0.0438612      624.334
   0.0443571      411.447
   0.0448586      120.662
   0.0453658     -172.411
   0.0458787     -393.634
   0.0463975     -489.205
   0.0469221     -439.792
   0.0474526     -265.594
   0.0479891     -20.8843
   0.0485317      221.309
   0.0490804      390.104
   0.0496354      437.752
   0.0501966      354.039
   0.0507641      169.705
   0.0513381     -53.1335
   0.0519185     -240.774
   0.0525055     -332.306
   0.0530992     -300.227
   0.0536996     -160.324
   0.0543067      33.6141
   0.0549207      208.814
   0.0555417      300.356
   0.0561697      275.747
   0.0568048      147.954
    0.057447      -29.283
   0.0580966      -182.62
   0.0587534       -249.3
   0.0594177     -203.761
   0.0600895     -69.2859
   0.0607689      91.6981
    0.061456      205.186
   0.0621509       219.71
   0.0628536      130.898
   0.0635643     -15.6021
   0.0642829     -145.946
   0.0650098     -194.789
   0.0657448     -139.191
   0.0664881      -11.309
   0.0672399      117.882
   0.0680001      177.055
    0.068769      134.504
   0.0695465      17.1469
   0.0703329     -104.328
   0.0711281     -156.947
   0.0719323     -110.191
   0.0727456      4.22401
   0.0735681      111.375
   0.0743999      141.338
   0.0752411      75.8145
   0.0760918     -38.3271
   0.0769522     -120.526
   0.0778222     -113.041
   0.0787021     -23.3998
    0.079592      80.0196
   0.0804919      118.479
    0.081402      63.6508
   0.0823223     -39.1323
   0.0832531     -105.887
   0.0841944     -82.4534
   0.0851464      9.49913
   0.0861091      89.4785
   0.0870827      87.6352
   0.0880673       7.3387
    0.089063     -76.3573
     0.09007     -85.3673
   0.0910884     -12.6942
   0.0921183      69.2802
   0.0931598      79.0924
   0.0942131      8.30956
   0.0952783     -68.2421
   0.0963556     -69.8021
   0.0974451      3.74073
   0.0985468      70.0727
   0.0996611      55.1136
    0.100788     -22.3643
    0.101927     -70.7421
     0.10308     -33.1694
    0.104245      43.0059
    0.105424      62.7395
    0.106616       2.3767
    0.107821     -58.7633
    0.109041     -40.4412
    0.110273      31.1043
     0.11152      57.1949
    0.112781      2.51148
    0.114056     -53.6485
    0.115346     -30.1336
     0.11665      36.7162
    0.117969      45.5704
    0.119303      -15.796
    0.120652     -50.1743
    0.122016     -3.51284
    0.123395      46.8093
    0.124791      17.7623
    0.126202     -40.0784
    0.127628     -27.0337
    0.129071      32.5004
    0.130531      31.8201
    0.132007     -26.4612
    0.133499     -33.6861
    0.135009      22.4317
    0.136535      33.3815
    0.138079     -21.0295
     0.13964     -31.6562
    0.141219      21.7472
    0.142816      28.3782
     0.14443     -24.4132
    0.146063     -23.2984
    0.147715      27.8889
    0.149385      15.7967
    0.151074     -31.0063
    0.152782     -5.59185
    0.154509       31.543
    0.156256     -6.73243
    0.158023     -27.3745
     0.15981      19.0139
    0.161617      16.6461
    0.163444     -27.0946
    0.165292    -0.327648
    0.167161      26.0819
    0.169051      -16.798
    0.170962     -13.2077
    0.172895      25.6665
     0.17485     -7.24611
    0.176827     -18.5986
    0.178826      22.7781
    0.180848     -2.66036
    0.182893     -19.1527
    0.184961      21.1038
    0.187052     -3.11525
    0.189167        -16.8
    0.191306      21.2786
    0.193469     -8.11206
    0.195656     -10.6513
    0.197869      20.4643
    0.200106     -15.3141
    0.202368     0.230967
    0.204656      14.1756
     0.20697     -19.4274
    0.209311      13.6594
    0.211677     -1.22915
     0.21407     -10.9709
    0.216491      17.4417
    0.218939     -16.2347
    0.221414      8.90018
    0.223917      1.06233
    0.226449     -10.0264
     0.22901      15.5064
    0.231599     -16.6433
    0.234217      13.9574
    0.236866     -8.76122
    0.239544      2.57319
    0.242252      3.32262
    0.244991     -8.09164
    0.247761      11.3543
    0.250563     -13.1021
    0.253396      13.5668
    0.256261     -13.0712
    0.259158      11.9514
    0.262088     -10.5064
    0.265051      8.95878
    0.268048     -7.45659
    0.271079      6.09164
    0.274144     -4.90758
    0.277244      3.90884
    0.280378     -3.08815
    0.283548       2.4301
    0.286754     -1.90709
    0.289996       1.4951
    0.293275     -1.17439
    0.296591     0.923657
    0.299945    -0.728757
    0.303336     0.579414
    0.306766    -0.463167
    0.310234     0.371761
    0.313742    -0.301256
    0.317289     0.245146
    0.320877    -0.198951
    0.324505     0.164111
    0.328174    -0.137496
    0.331884     0.115016
    0.335637   -0.0963155
    0.339431    0.0815497
    0.343269   -0.0705582
     0.34715    0.0601814
    0.351075   -0.0504132
    0.355045    0.0441562
    0.359059   -0.0392776
    0.363119    0.0336528
    0.367225   -0.0286827
    0.371377    0.0257859
    0.375576   -0.0239811
    0.379822    0.0207771
    0.384117   -0.0174747
     0.38846     0.016042
    0.392852   -0.0147615
    0.397293    0.0131659
    0.401785   -0.0115961
    0.406328    0.0102849
    0.410922   -0.0100067
    0.415569   0.00898806
    0.420267   -0.0072213
    0.425019   0.00675046
    0.429824  -0.00675253
    0.434684   0.00620963
    0.439599  -0.00529021
    0.444569   0.00465115
    0.449596  -0.00481722
    0.454679   0.00483818
     0.45982  -0.00402042
    0.465019   0.00326689
    0.470277  -0.00284147
    0.475594   0.00242839
    0.480971  -0.00276254
    0.486409   0.00323014
    0.491909  -0.00281174
    0.497471   0.00217436
    0.503096  -0.00167941
    0.508784   0.00171866
    0.514536  -0.00207933
    0.520354   0.00216374
    0.526237  -0.00213485
    0.532187   0.00175138
    0.538205  -0.00132995
     0.54429   0.00125883
    0.550444  -0.00113238
    0.556667   0.00119705
    0.562961  -0.00166329
    0.569327    0.0016937
    0.575764  -0.00101424
    0.582274  0.000581258
    0.588857 -0.000571487
    0.595515  0.000387544
    0.602248 -0.000439989
    0.609057  0.000854895
    0.615944 -0.000933819
    0.622908  0.000930393
    0.629951  -0.00101526
    0.637073  0.000855064
    0.644277 -0.000793129
    0.651561  0.000766212
    0.658928 -0.000464065
    0.666378  0.000173588
    0.673913 -6.88489e-05
    0.681532  3.70753e-05
    0.689238  2.26496e-05
    0.697031 -1.63124e-05
    0.704912 -3.66348e-05
    0.712882  3.52093e-05
    0.720942 -5.13254e-05
    0.729094  6.83201e-05
    0.737337 -3.99227e-05
    0.745674  8.29997e-05
    0.754105 -0.000221976
    0.762631  0.000239815
    0.771254 -0.000171798
    0.779974  0.000238002
    0.788793 -0.000329321
    0.797711   0.00024464
    0.806731 -3.64264e-05
    0.815852 -3.69557e-05
    0.825076 -5.44895e-05
    0.834405  8.66822e-05
    0.843839 -1.69365e-05
     0.85338 -7.76569e-05
    0.863029  9.63429e-05
    0.872787  4.82218e-06
    0.882655 -0.000116485
    0.892635  0.000128427
    0.902728 -8.77477e-05
    0.912934  9.91998e-05
    0.923256 -0.000145137
    0.933695  0.000171607
    0.944252  -0.00012809
    0.954928  4.66638e-05
    0.965725 -3.61493e-05
    0.976644  6.65497e-05
    0.987687 -8.04046e-05
    0.998854  8.85671e-05
     1.01015 -8.61849e-05
     1.02157  9.60118e-05
     1.03312 -0.000136635
      1.0448  0.000149329
     1.05661 -8.62913e-05
     1.06856  1.00675e-05
     1.08064  1.85125e-05
     1.09286 -1.39542e-05
     1.10522 -9.75307e-06
     1.11771  4.25105e-05
     1.13035 -5.99742e-05
     1.14313  5.79956e-05
     1.15606 -6.30425e-05
     1.16913  8.10637e-05
     1.18234 -8.45176e-05
     1.19571   7.5658e-05
     1.20923 -6.94782e-05
      1.2229  4.52201e-05
     1.23673 -8.05075e-06
     1.25071 -7.50231e-06
     1.26486  1.42448e-05
     1.27916 -3.92004e-05
     1.29362  6.09073e-05
     1.30825 -4.59632e-05
     1.32304  1.69011e-06
       1.338  2.57878e-05
     1.35313 -2.16832e-05
     1.36842  2.59652e-05
      1.3839 -4.43497e-05
     1.39954  3.63576e-05
     1.41537  -4.9708e-06
     1.43137 -2.52595e-06
     1.44755 -1.61524e-05
     1.46392  2.13577e-05
     1.48047 -3.99754e-06
     1.49721 -5.77845e-06
     1.51414 -1.15719e-05
     1.53126  3.28041e-05
     1.54857 -2.87178e-05
     1.56608  9.51583e-06
     1.58379 -2.08082e-06
      1.6017  1.26296e-05
     1.61981 -3.03561e-05
     1.63812  3.53785e-05
     1.65664 -1.91801e-05
     1.67537  4.73584e-06
     1.69432 -5.78721e-06
     1.71347  1.28507e-05
     1.73285 -1.83756e-05
     1.75244  1.67826e-05
     1.77225 -1.13104e-05
     1.79229  8.05131e-06
     1.81255 -6.08916e-06
     1.83305  5.63429e-06
     1.85377 -5.26729e-06
     1.87473  5.43354e-06
     1.89593 -8.39205e-06
     1.91737   1.3359e-05
     1.93905  -1.6581e-05
     1.96097  1.67619e-05
     1.98314 -1.54347e-05
     2.00556  1.04648e-05
     2.02824  -2.3663e-06
     2.05117 -3.03722e-06
     2.07436  3.61882e-06
     2.09782  -9.7247e-07
     2.12154 -3.22149e-06
     2.14552  7.04736e-06
     2.16978 -7.80946e-06
     2.19431  6.16573e-06
     2.21912  -4.7051e-06
     2.24422  3.64064e-06
     2.26959 -1.54565e-06
     2.29525  3.24128e-07
      2.3212 -1.45221e-06
     2.34745    3.199e-06
     2.37399 -3.90393e-06
     2.40083  4.44397e-06
     2.42798 -5.61277e-06
     2.45543  6.72687e-06
     2.48319 -7.14004e-06
     2.51127   7.0192e-06
     2.53966 -6.51381e-06
     2.56837  6.44838e-06
     2.59741 -6.80246e-06
     2.62678  7.03445e-06
     2.65648 -6.11895e-06
     2.68652  4.75411e-06
     2.71689 -3.79093e-06
     2.74761  3.05887e-06
     2.77868   -2.518e-06
     2.81009  2.88695e-06
     2.84187  -3.3668e-06
       2.874  3.21284e-06
     2.90649 -2.55061e-06
     2.93935  2.36156e-06
     2.97259 -2.28345e-06
      3.0062  2.37136e-06
     3.04019 -2.90498e-06
     3.07456  3.42233e-06
     3.10932 -3.28354e-06
     3.14448  2.94285e-06
     3.18003 -2.30882e-06
     3.21599  2.01479e-06
     3.25235 -1.88796e-06
     3.28912   1.7406e-06
     3.32631  -1.3353e-06
     3.36392  1.46267e-06
     3.40196 -1.91487e-06
     3.44042  1.75684e-06
     3.47932  -8.5176e-07
     3.51866  7.43513e-07
     3.55844 -1.15869e-06
     3.59868  1.51931e-06
     3.63936  -1.3712e-06
     3.68051   1.2424e-06
     3.72213 -1.05331e-06
     3.76421  1.15316e-06
     3.80677 -1.17821e-06
     3.84981  1.29334e-06
     3.89334 -1.20851e-06
     3.93736  1.23281e-06
     3.98188 -1.11788e-06
      4.0269  1.11645e-06
     4.07243 -8.68254e-07
     4.11847   8.9575e-07
     4.16504 -7.86893e-07
     4.21213   7.9999e-07
     4.25976 -6.75148e-07
     4.30792  6.99266e-07
     4.35663 -5.39442e-07
     4.40589  6.36249e-07
      4.4557 -4.94091e-07
     4.50608  6.39069e-07
     4.55703  -7.6745e-07
     4.60855  9.91639e-07
     4.66066 -8.18564e-07
     4.71336  9.34456e-07
     4.76665 -8.63866e-07
     4.82054  9.09715e-07
     4.87504 -7.22012e-07
     4.93016  8.48383e-07
     4.98591 -6.74543e-07
     5.04228  7.17304e-07
     5.09929 -5.45527e-07
     5.15695  5.86402e-07
     5.21525  -3.8616e-07
     5.27422   5.8362e-07
     5.33385 -5.06803e-07
     5.39416  6.69806e-07
     5.45515 -4.87354e-07
     5.51683   6.1691e-07
     5.57921 -5.32852e-07
     5.64229  7.05441e-07
     5.70608 -4.64092e-07
      5.7706  5.76249e-07
     5.83584 -3.61004e-07
     5.90183  5.12572e-07
     5.96856 -3.68396e-07
     6.03604  5.77066e-07
     6.10429 -3.78829e-07
      6.1733  5.16504e-07
      6.2431 -2.73172e-07
     6.31369  4.48436e-07
     6.38508 -2.26395e-07
     6.45727  4.25971e-07
     6.53028 -1.90735e-07
     6.60411  3.50892e-07
     6.67878 -9.85925e-08
      6.7543  3.40145e-07
     6.83066 -1.41032e-07
      6.9079  4.04369e-07
       6.986 -1.44376e-07
     7.06499  3.59975e-07
     7.14487 -1.12299e-07
     7.22565  3.94767e-07
     7.30735 -1.28607e-07
     7.38997  3.75064e-07
     7.47352 -5.92844e-08
     7.55802  3.17041e-07
     7.64348 -2.76618e-08
      7.7299  3.40307e-07
      7.8173 -4.38114e-08
     7.90569   3.6101e-07
     7.99507 -6.17186e-08
     8.08547  3.88421e-07
     8.17689 -1.91415e-08
     8.26934  3.26488e-07
     8.36284  2.39625e-08
     8.45739  3.32411e-07
     8.55301  4.07134e-08
     8.64972  3.28788e-07
     8.74752  4.17728e-08
     8.84642  3.61188e-07
     8.94644  3.47451e-08
      9.0476  3.57629e-07
     9.14989  7.60266e-08
     9.25335  3.40642e-07
     9.35797  1.02141e-07
     9.46378  3.38265e-07
     9.57078  1.17232e-07
     9.67899  3.48964e-07
     9.78843  1.26968e-07
      9.8991  3.65899e-07
      10.011  1.28126e-07
     10.1242  3.78607e-07
     10.2387  1.48379e-07
     10.3544  3.82238e-07
     10.4715  1.64889e-07
     10.5899  3.88728e-07
     10.7097  1.87164e-07
     10.8307  3.91034e-07
     10.9532  2.10396e-07
      11.077   3.9493e-07
     11.2023  2.32423e-07
     11.3289  4.05939e-07
      11.457  2.45696e-07
     11.5866  4.20414e-07
     11.7176  2.63626e-07
     11.8501  4.36874e-07
      11.984  2.74219e-07
     12.1195   4.5449e-07
     12.2566  2.97332e-07
     12.3952  4.62928e-07
     12.5353  3.19672e-07
      12.677  4.77326e-07
     12.8204  3.43233e-07
     12.9653  4.88989e-07
     13.1119  3.67778e-07
     13.2602  5.04651e-07
     13.4101  3.90808e-07
     13.5617  5.21955e-07
      13.715  4.13654e-07
     13.8701  5.42626e-07
     14.0269  4.34922e-07
     14.1855  5.64207e-07
     14.3459  4.61098e-07
     14.5081  5.82065e-07
     14.6722  4.89333e-07
     14.8381  6.04124e-07
     15.0058  5.15179e-07
     15.1755  6.28027e-07
     15.3471  5.43492e-07
     15.5206  6.52141e-07
     15.6961  5.72744e-07
     15.8735  6.77966e-07
      16.053  6.03403e-07
     16.2345  7.04463e-07
     16.4181  6.35629e-07
     16.6037  7.32445e-07
     16.7914  6.68978e-07
     16.9813  7.62192e-07
     17.1733  7.03197e-07
     17.3675  7.93866e-07
     17.5638  7.38838e-07
     17.7624  8.26548e-07
     17.9632  7.76789e-07
     18.1663  8.60603e-07
     18.3717  8.15518e-07
     18.5795  8.98017e-07
     18.7895   8.5432e-07
      19.002  9.37639e-07
     19.2168  8.95909e-07
     19.4341  9.77333e-07
     19.6538  9.40741e-07
     19.8761   1.0186e-06
     20.1008  9.86827e-07
     20.3281  1.06294e-06
     20.5579  1.03405e-06
     20.7903   1.1098e-06
     21.0254  1.08343e-06
     21.2631  1.15846e-06
     21.5035  1.13547e-06
     21.7467  1.20908e-06
     21.9925  1.18996e-06
     22.2412  1.26208e-06
     22.4927  1.24672e-06
      22.747   1.3179e-06
     23.0042   1.3056e-06
     23.2643  1.37654e-06
     23.5273  1.36711e-06
     23.7933   1.4379e-06
     24.0623  1.43136e-06
     24.3344  1.50206e-06
     24.6095  1.49856e-06
     24.8878  1.56917e-06
     25.1692  1.56872e-06
     25.4538  1.63941e-06
     25.7416   1.6421e-06
     26.0326  1.71282e-06
     26.3269  1.71872e-06
     26.6246  1.78973e-06
     26.9256  1.79872e-06
     27.2301   1.8702e-06
      27.538  1.88232e-06
     27.8493  1.95436e-06
     28.1642  1.96965e-06
     28.4826  2.04242e-06
     28.8047  2.06087e-06
     29.1304  2.13454e-06
     29.4597  2.15619e-06
     29.7928  2.23086e-06
     30.1297   2.2558e-06
     30.4703   2.3316e-06
     30.8148  2.35987e-06
     31.1632  2.43696e-06
     31.5156  2.46859e-06
     31.8719  2.54715e-06
     32.2323  2.58217e-06
     32.5967  2.66236e-06
     32.9653  2.70087e-06
      33.338   2.7828e-06
     33.7149  2.82489e-06
     34.0961  2.90873e-06
     34.4816  2.95447e-06
     34.8715  3.04037e-06
     35.2658  3.08985e-06
     35.6645  3.17799e-06
     36.0678  3.23131e-06
     36.4756  3.32184e-06
      36.888  3.37908e-06
     37.3051  3.47221e-06
     37.7268  3.53347e-06
     38.1534  3.62935e-06
     38.5848  3.69478e-06
      39.021  3.79358e-06
     39.4622  3.86329e-06
     39.9084   3.9652e-06
     40.3596  4.03932e-06
      40.816  4.14453e-06
     41.2775  4.22321e-06
     41.7442  4.33192e-06
     42.2161   4.4153e-06
     42.6935   4.5277e-06
     43.1762  4.61593e-06
     43.6644  4.73224e-06
      44.158  4.82549e-06
     44.6573  4.94591e-06
     45.1622  5.04436e-06
     45.6729  5.16911e-06
     46.1893  5.27293e-06
     46.7115  5.40225e-06
     47.2397  5.51162e-06
     47.7738  5.64574e-06
     48.3139  5.76087e-06
     48.8602  5.90002e-06
     49.4126  6.02113e-06
     49.9713  6.16555e-06
     50.5363  6.29285e-06
     51.1077  6.44282e-06
     51.6856  6.57653e-06
     52.2699   6.7323e-06
     52.8609  6.87266e-06
     53.4586   7.0345e-06
      54.063  7.18176e-06
     54.6743  7.34996e-06
     55.2925  7.50438e-06
     55.9176  7.67923e-06
     56.5499  7.84107e-06
     57.1893  8.02286e-06
     57.8359   8.1924e-06
     58.4898  8.38146e-06
     59.1511  8.55899e-06
     59.8199  8.75561e-06
     60.4963  8.94144e-06
     61.1803  9.14597e-06
      61.872  9.34039e-06
     62.5716  9.55316e-06
      63.279  9.75651e-06
     63.9945  9.97787e-06
     64.7181  1.01905e-05
     65.4498  1.04208e-05
     66.1898   1.0643e-05
     66.9382  1.08826e-05
      67.695  1.11148e-05
     68.4604  1.13641e-05
     69.2345  1.16066e-05
     70.0173   1.1866e-05
     70.8089  1.21192e-05
     71.6095  1.23891e-05
     72.4192  1.26534e-05
      73.238  1.29341e-05
     74.0661  1.32099e-05
     74.9035   1.3502e-05
     75.7504  1.37897e-05
     76.6069  1.40935e-05
      77.473  1.43935e-05
      78.349  1.47096e-05
     79.2348  1.50223e-05
     80.1307   1.5351e-05
     81.0367  1.56769e-05
     81.9529  1.60187e-05
     82.8795  1.63582e-05
     83.8166  1.67136e-05
     84.7643  1.70672e-05
     85.7227  1.74366e-05
     86.6919  1.78048e-05
     87.6721  1.81887e-05
     88.6634  1.85719e-05
     89.6658  1.89708e-05
     90.6797  1.93696e-05
     91.7049   1.9784e-05
     92.7418  2.01987e-05
     93.7904  2.06291e-05
     94.8508  2.10603e-05
     95.9233  2.15071e-05
     97.0078  2.19553e-05
     98.1046  2.24191e-05
     99.2139  2.28847e-05
