 0.000992139    0.0685318
  0.00100336     0.069997
   0.0010147    0.0714928
  0.00102617    0.0730169
  0.00103778    0.0745724
  0.00104951    0.0761573
  0.00106138    0.0777746
  0.00107338    0.0794222
  0.00108551    0.0811032
  0.00109779    0.0828155
   0.0011102    0.0845622
  0.00112275    0.0863411
  0.00113544    0.0881554
  0.00114828    0.0900031
  0.00116127     0.091887
   0.0011744    0.0938053
  0.00118767    0.0957607
   0.0012011    0.0977516
  0.00121468    0.0997806
  0.00122842     0.101846
  0.00124231     0.103951
  0.00125635     0.106092
  0.00127056     0.108274
  0.00128492     0.110494
  0.00129945     0.112755
  0.00131414     0.115056
    0.001329     0.117398
  0.00134403      0.11978
  0.00135922     0.122205
  0.00137459      0.12467
  0.00139013     0.127179
  0.00140585      0.12973
  0.00142175     0.132325
  0.00143782     0.134962
  0.00145408     0.137644
  0.00147052     0.140369
  0.00148715      0.14314
  0.00150396     0.145954
  0.00152096     0.148814
  0.00153816     0.151718
  0.00155555     0.154668
  0.00157314     0.157663
  0.00159093     0.160704
  0.00160892      0.16379
  0.00162711     0.166922
   0.0016455       0.1701
  0.00166411     0.173324
  0.00168292     0.176592
  0.00170195     0.179907
   0.0017212     0.183267
  0.00174066     0.186673
  0.00176034     0.190123
  0.00178024     0.193618
  0.00180037     0.197157
  0.00182072      0.20074
  0.00184131     0.204367
  0.00186213     0.208036
  0.00188318     0.211748
  0.00190448     0.215502
  0.00192601     0.219295
  0.00194779      0.22313
  0.00196981     0.227003
  0.00199208     0.230915
   0.0020146     0.234863
  0.00203738     0.238848
  0.00206042     0.242866
  0.00208371     0.246919
  0.00210727     0.251002
   0.0021311     0.255117
  0.00215519     0.259259
  0.00217956     0.263429
  0.00220421     0.267622
  0.00222913     0.271839
  0.00225433     0.276076
  0.00227982     0.280331
   0.0023056     0.284602
  0.00233166     0.288886
  0.00235803     0.293181
  0.00238469     0.297483
  0.00241165     0.301789
  0.00243892     0.306097
  0.00246649     0.310402
  0.00249438     0.314702
  0.00252258     0.318993
  0.00255111      0.32327
  0.00257995      0.32753
  0.00260912     0.331768
  0.00263862     0.335981
  0.00266845     0.340162
  0.00269863     0.344308
  0.00272914     0.348414
  0.00275999     0.352474
   0.0027912     0.356483
  0.00282276     0.360435
  0.00285468     0.364325
  0.00288695     0.368145
  0.00291959     0.371891
   0.0029526     0.375555
  0.00298599     0.379132
  0.00301975     0.382613
  0.00305389     0.385992
  0.00308842     0.389262
  0.00312334     0.392415
  0.00315865     0.395442
  0.00319437     0.398338
  0.00323048     0.401092
  0.00326701     0.403698
  0.00330395     0.406146
   0.0033413     0.408428
  0.00337908     0.410534
  0.00341729     0.412457
  0.00345593     0.414186
    0.003495     0.415713
  0.00353452     0.417027
  0.00357448     0.418121
   0.0036149     0.418983
  0.00365577     0.419605
   0.0036971     0.419976
   0.0037389     0.420087
  0.00378118     0.419928
  0.00382393      0.41949
  0.00386716     0.418762
  0.00391089     0.417736
  0.00395511     0.416401
  0.00399983     0.414749
  0.00404505     0.412769
  0.00409079     0.410454
  0.00413704     0.407793
  0.00418381      0.40478
  0.00423112     0.401406
  0.00427896     0.397663
  0.00432734     0.393543
  0.00437626      0.38904
  0.00442575     0.384148
  0.00447578     0.378862
  0.00452639     0.373174
  0.00457757     0.367083
  0.00462932     0.360583
  0.00468167     0.353672
   0.0047346     0.346348
  0.00478813      0.33861
  0.00484227     0.330458
  0.00489702     0.321893
  0.00495239     0.312917
  0.00500838     0.303533
  0.00506501     0.293746
  0.00512228     0.283562
  0.00518019     0.272988
  0.00523876     0.262032
  0.00529799     0.250705
   0.0053579     0.239018
  0.00541847     0.226985
  0.00547974      0.21462
   0.0055417      0.20194
  0.00560435     0.188963
  0.00566772     0.175709
   0.0057318       0.1622
  0.00579661     0.148458
  0.00586215      0.13451
  0.00592843     0.120382
  0.00599546     0.106103
  0.00606325    0.0917028
   0.0061318    0.0772139
  0.00620113    0.0626697
  0.00627124    0.0481057
  0.00634215    0.0335582
  0.00641386    0.0190656
  0.00648637    0.0046668
  0.00655971  -0.00959745
  0.00663388   -0.0236861
  0.00670889   -0.0375567
  0.00678474   -0.0511667
  0.00686145   -0.0644726
  0.00693903   -0.0774313
  0.00701749   -0.0899991
  0.00709683    -0.102133
  0.00717707    -0.113791
  0.00725822    -0.124931
  0.00734029    -0.135513
  0.00742328    -0.145497
  0.00750721    -0.154847
  0.00759209    -0.163528
  0.00767793    -0.171507
  0.00776474    -0.178754
  0.00785253    -0.185244
  0.00794132    -0.190954
  0.00803111    -0.195865
  0.00812191    -0.199963
  0.00821374    -0.203237
  0.00830661    -0.205683
  0.00840053      -0.2073
  0.00849551    -0.208096
  0.00859157    -0.208081
  0.00868871    -0.207272
  0.00878695    -0.205693
   0.0088863    -0.203372
  0.00898677    -0.200345
  0.00908838    -0.196653
  0.00919114    -0.192343
  0.00929506    -0.187468
  0.00940015    -0.182085
  0.00950643    -0.176257
  0.00961392    -0.170051
  0.00972262    -0.163539
  0.00983255    -0.156795
  0.00994372    -0.149894
   0.0100561    -0.142916
   0.0101698    -0.135939
   0.0102848    -0.129042
   0.0104011    -0.122301
   0.0105187    -0.115791
   0.0106377    -0.109583
   0.0107579    -0.103741
   0.0108796   -0.0983239
   0.0110026   -0.0933839
    0.011127   -0.0889633
   0.0112528   -0.0850941
     0.01138    -0.081798
   0.0115087   -0.0790838
   0.0116388    -0.076948
   0.0117704   -0.0753729
   0.0119035   -0.0743271
   0.0120381   -0.0737643
   0.0121742   -0.0736243
   0.0123118   -0.0738323
    0.012451   -0.0743005
   0.0125918   -0.0749281
   0.0127342   -0.0756032
   0.0128782    -0.076204
   0.0130238   -0.0766014
    0.013171   -0.0766603
   0.0133199   -0.0762435
   0.0134705   -0.0752132
   0.0136228   -0.0734358
   0.0137769   -0.0707837
   0.0139326   -0.0671401
   0.0140902   -0.0624017
   0.0142495    -0.056483
   0.0144106   -0.0493189
   0.0145735    -0.040869
   0.0147383   -0.0311192
   0.0149049   -0.0200856
   0.0150735  -0.00781485
   0.0152439   0.00561327
   0.0154162    0.0200866
   0.0155905    0.0354599
   0.0157668    0.0515574
   0.0159451    0.0681744
   0.0161254    0.0850809
   0.0163077     0.102026
   0.0164921     0.118743
   0.0166785     0.134957
   0.0168671     0.150391
   0.0170578     0.164771
   0.0172507     0.177839
   0.0174457     0.189359
    0.017643     0.199122
   0.0178425      0.20696
   0.0180442     0.212746
   0.0182482     0.216405
   0.0184546     0.217915
   0.0186632     0.217312
   0.0188742     0.214689
   0.0190876     0.210196
   0.0193034     0.204035
   0.0195217     0.196456
   0.0197424     0.187745
   0.0199656     0.178219
   0.0201914     0.168211
   0.0204197     0.158056
   0.0206506     0.148082
    0.020884     0.138589
   0.0211202     0.129843
    0.021359     0.122059
   0.0216005     0.115391
   0.0218447      0.10993
   0.0220917     0.105694
   0.0223415      0.10263
   0.0225941     0.100619
   0.0228495     0.099483
   0.0231079     0.098996
   0.0233691    0.0988993
   0.0236334     0.098919
   0.0239006    0.0987846
   0.0241708    0.0982483
   0.0244441    0.0971027
   0.0247205    0.0951971
       0.025    0.0924482
   0.0252826    0.0888482
   0.0255685    0.0844652
   0.0258576     0.079439
   0.0261499    0.0739689
   0.0264456    0.0682986
   0.0267446    0.0626937
    0.027047    0.0574193
   0.0273528    0.0527139
   0.0276621     0.048768
   0.0279748    0.0457032
   0.0282911    0.0435605
    0.028611    0.0422934
   0.0289345    0.0417722
   0.0292617    0.0417957
   0.0295925    0.0421121
   0.0299271    0.0424454
   0.0302655    0.0425269
   0.0306077     0.042126
   0.0309537    0.0410787
   0.0313037    0.0393084
   0.0316576    0.0368374
   0.0320156    0.0337854
   0.0323776    0.0303568
   0.0327436    0.0268135
   0.0331139    0.0234421
   0.0334883    0.0205125
   0.0338669    0.0182401
   0.0342498    0.0167521
   0.0346371    0.0160672
   0.0350287    0.0160887
   0.0354247     0.016618
   0.0358253    0.0173828
   0.0362303    0.0180799
     0.03664    0.0184245
   0.0370542    0.0181997
   0.0374732    0.0172947
   0.0378969    0.0157281
   0.0383254    0.0136465
   0.0387587    0.0113011
   0.0391969    0.0090015
   0.0396401   0.00705707
   0.0400883   0.00571474
   0.0405416   0.00510729
   0.0409999   0.00522185
   0.0414635   0.00589917
   0.0419323    0.0068635
   0.0424064   0.00778116
   0.0428859   0.00833389
   0.0433708   0.00829364
   0.0438612   0.00757809
   0.0443571   0.00627498
   0.0448586   0.00462391
   0.0453658   0.00295994
   0.0458787   0.00162836
   0.0463975  0.000893722
   0.0469221  0.000865028
   0.0474526   0.00146164
   0.0479891   0.00243005
   0.0485317   0.00341292
   0.0490804   0.00405109
   0.0496354   0.00409261
   0.0501966   0.00347264
   0.0507641   0.00233963
   0.0513381   0.00101236
   0.0519185 -0.000120102
   0.0525055 -0.000728519
   0.0530992 -0.000658225
   0.0536996  1.07116e-05
   0.0543067  0.000986279
   0.0549207   0.00186527
   0.0555417   0.00228233
   0.0561697   0.00205061
   0.0568048   0.00124058
    0.057447  0.000158035
   0.0580966 -0.000774422
   0.0587534  -0.00119224
   0.0594177 -0.000946372
   0.0600895 -0.000175552
   0.0607689  0.000748068
    0.061456   0.00138151
   0.0621509   0.00141629
   0.0628536  0.000828458
   0.0635643 -0.000101235
   0.0642829 -0.000919538
   0.0650098  -0.00122598
   0.0657448 -0.000883361
   0.0664881  -9.7387e-05
   0.0672399  0.000684723
   0.0680001    0.0010162
    0.068769  0.000703251
   0.0695465 -7.48312e-05
   0.0703329  -0.00086167
   0.0711281  -0.00119069
   0.0719323 -0.000873142
   0.0727456  -0.00012407
   0.0735681  0.000563929
   0.0743999  0.000737105
   0.0752411  0.000285125
   0.0760918 -0.000473316
   0.0769522  -0.00100263
   0.0778222 -0.000926652
   0.0787021 -0.000308709
    0.079592  0.000383768
   0.0804919  0.000622602
    0.081402  0.000228013
   0.0823223 -0.000479972
   0.0832531 -0.000925937
   0.0841944 -0.000748041
   0.0851464 -0.000107827
   0.0861091   0.00043449
   0.0870827     0.000403
   0.0880673 -0.000165077
    0.089063 -0.000738823
     0.09007 -0.000777474
   0.0910884 -0.000245193
   0.0921183  0.000339859
   0.0931598  0.000406153
   0.0942131 -9.49996e-05
   0.0952783 -0.000626045
   0.0963556 -0.000617334
   0.0974451 -7.91028e-05
   0.0985468  0.000394771
   0.0996611  0.000279059
    0.100788  -0.00028158
    0.101927 -0.000624288
     0.10308 -0.000344201
    0.104245  0.000210917
    0.105424  0.000354368
    0.106616 -7.94555e-05
    0.107821 -0.000512323
    0.109041 -0.000364973
    0.110273  0.000166593
     0.11152  0.000363071
    0.112781 -3.04503e-05
    0.114056 -0.000434876
    0.115346 -0.000260132
     0.11665   0.00022728
    0.117969  0.000289494
    0.119303 -0.000159637
    0.120652 -0.000409308
    0.122016 -6.62243e-05
    0.123395  0.000303778
    0.124791  9.62681e-05
    0.126202  -0.00031779
    0.127628 -0.000213514
    0.129071  0.000225426
    0.130531  0.000219849
    0.132007  -0.00020513
    0.133499 -0.000254864
    0.135009  0.000152921
    0.136535  0.000224151
    0.138079 -0.000176835
     0.13964 -0.000246657
    0.141219  0.000149703
    0.142816  0.000194481
     0.14443 -0.000190147
    0.146063 -0.000168111
    0.147715   0.00021205
    0.149385  0.000111853
    0.151074 -0.000235757
    0.152782 -4.06905e-05
    0.154509  0.000227606
    0.156256 -6.78799e-05
    0.158023 -0.000213245
     0.15981  0.000143918
    0.161617  0.000122183
    0.163444 -0.000204413
    0.165292  7.10818e-06
    0.167161  0.000202208
    0.169051 -0.000132223
    0.170962 -0.000104819
    0.172895   0.00019001
     0.17485 -6.38778e-05
    0.176827 -0.000146167
    0.178826  0.000177378
    0.180848 -1.35659e-05
    0.182893 -0.000141453
    0.184961  0.000163539
    0.187052 -2.46315e-05
    0.189167 -0.000136218
    0.191306  0.000154031
    0.193469 -6.21221e-05
    0.195656 -7.92659e-05
    0.197869  0.000160724
    0.200106 -0.000107758
    0.202368  1.77998e-06
    0.204656   0.00010168
     0.20697  -0.00015176
    0.209311  9.74836e-05
    0.211677 -8.93083e-06
     0.21407 -7.44513e-05
    0.216491   0.00013572
    0.218939  -0.00012129
    0.221414  6.50774e-05
    0.223917 -1.56347e-06
    0.226449 -7.63975e-05
     0.22901  0.000119411
    0.231599   -0.0001218
    0.234217  0.000113022
    0.236866 -7.14647e-05
    0.239544  1.67745e-05
    0.242252  2.02303e-05
    0.244991 -6.15675e-05
    0.247761  9.34359e-05
    0.250563 -9.87283e-05
    0.253396  0.000105464
    0.256261 -0.000106243
    0.259158  8.88394e-05
    0.262088 -7.93517e-05
    0.265051  7.17966e-05
    0.268048 -5.26785e-05
    0.271079  4.31216e-05
    0.274144 -3.92943e-05
    0.277244  2.57613e-05
    0.280378  -1.9323e-05
    0.283548  2.04446e-05
    0.286754 -1.22604e-05
    0.289996  6.94657e-06
    0.293275 -1.08612e-05
    0.296591  7.07135e-06
    0.299945 -1.15276e-06
    0.303336   5.3879e-06
    0.306766 -5.91864e-06
    0.310234 -7.90232e-07
    0.313742 -8.74404e-07
    0.317289  5.59856e-06
    0.320877 -6.07467e-07
    0.324505 -2.56925e-06
    0.328174 -3.29891e-06
    0.331884  3.67716e-06
    0.335637   2.7252e-06
    0.339431 -1.34933e-06
    0.343269 -4.38896e-06
     0.34715  1.45324e-06
    0.351075   3.6975e-06
    0.355045 -1.00478e-08
    0.359059   -4.311e-06
    0.363119   1.6489e-07
    0.367225  3.67886e-06
    0.371377  3.40306e-07
    0.375576 -3.84488e-06
    0.379822  1.26809e-07
    0.384117  3.31882e-06
     0.38846 -1.46778e-07
    0.392852 -3.27594e-06
    0.397293  7.80527e-07
    0.401785  2.70074e-06
    0.406328 -1.08478e-06
    0.410922  -2.3946e-06
    0.415569  1.69847e-06
    0.420267  1.71149e-06
    0.425019 -2.02645e-06
    0.429824 -1.07633e-06
    0.434684   2.4791e-06
    0.439599 -5.93961e-08
    0.444569 -2.42904e-06
    0.449596  1.30542e-06
    0.454679  1.81352e-06
     0.45982 -2.57686e-06
    0.465019 -2.13179e-08
    0.470277  2.61929e-06
    0.475594 -2.06758e-06
    0.480971  -9.2679e-07
    0.486409  2.93524e-06
    0.491909 -1.83262e-06
    0.497471 -1.05474e-06
    0.503096  2.79863e-06
    0.508784 -1.89879e-06
    0.514536 -6.17421e-07
    0.520354  2.44771e-06
    0.526237 -2.17194e-06
    0.532187  2.79985e-07
    0.538205  1.60003e-06
     0.54429 -2.13459e-06
    0.550444  1.12812e-06
    0.556667   5.5384e-07
    0.562961 -1.73512e-06
    0.569327  1.76083e-06
    0.575764  -7.4733e-07
    0.582274 -6.70053e-07
    0.588857  1.73125e-06
    0.595515 -1.97385e-06
    0.602248  1.38773e-06
    0.609057 -2.72738e-07
    0.615944 -9.39322e-07
    0.622908  1.85451e-06
    0.629951 -2.26049e-06
    0.637073   2.1538e-06
    0.644277 -1.64863e-06
    0.651561  9.06459e-07
    0.658928 -1.17973e-07
    0.666378 -5.70233e-07
    0.673913  1.09749e-06
    0.681532 -1.43948e-06
    0.689238   1.5977e-06
    0.697031 -1.61275e-06
    0.704912  1.53167e-06
    0.712882 -1.38257e-06
    0.720942  1.19459e-06
    0.729094 -1.00567e-06
    0.737337  8.35056e-07
    0.745674 -6.80618e-07
    0.754105  5.42194e-07
    0.762631 -4.29572e-07
    0.771254  3.43029e-07
    0.779974 -2.68281e-07
    0.788793   2.0481e-07
    0.797711 -1.61488e-07
    0.806731  1.31823e-07
    0.815852 -1.03694e-07
    0.825076   7.6226e-08
    0.834405 -5.73007e-08
    0.843839  4.80935e-08
     0.85338 -4.03424e-08
    0.863029  3.07505e-08
    0.872787 -2.33382e-08
    0.882655  2.07267e-08
    0.892635 -2.05699e-08
    0.902728   1.7662e-08
    0.912934 -1.22874e-08
    0.923256  9.69257e-09
    0.933695 -1.04063e-08
    0.944252  1.08348e-08
    0.954928 -8.33451e-09
    0.965725  4.75853e-09
    0.976644 -3.21365e-09
    0.987687  3.24602e-09
    0.998854 -3.51234e-09
     1.01015  2.54862e-09
     1.02157 -1.51456e-10
     1.03312 -1.81358e-09
      1.0448   1.4644e-09
     1.05661  1.19069e-09
     1.06856 -2.78086e-09
     1.08064  2.24141e-09
     1.09286 -1.25583e-09
     1.10522  3.88286e-11
     1.11771  3.69344e-10
     1.13035  1.66345e-10
     1.14313 -7.19722e-10
     1.15606  1.42119e-09
     1.16913 -1.08635e-09
     1.18234 -1.58709e-10
     1.19571  7.35655e-10
     1.20923 -1.02349e-09
      1.2229  6.45051e-10
     1.23673  4.43432e-10
     1.25071 -7.33202e-10
     1.26486  1.01631e-09
     1.27916 -1.84198e-09
     1.29362  1.86037e-09
     1.30825 -1.10109e-09
     1.32304  1.03071e-10
       1.338   3.8967e-10
     1.35313  1.81802e-10
     1.36842 -1.95656e-10
      1.3839 -7.01462e-10
     1.39954  7.02287e-10
     1.41537 -1.27952e-10
     1.43137   1.1028e-10
     1.44755 -6.50284e-11
     1.46392 -1.75077e-10
     1.48047  3.60759e-10
     1.49721  -4.9687e-10
     1.51414 -2.00761e-12
     1.53126  6.80802e-10
     1.54857 -2.82659e-10
     1.56608 -4.62458e-10
     1.58379  4.80052e-10
      1.6017 -2.61775e-10
     1.61981  -1.7339e-11
     1.63812  3.81117e-10
     1.65664 -1.97437e-10
     1.67537 -1.57562e-10
     1.69432  1.94433e-11
     1.71347  1.54017e-10
     1.73285   -5.447e-11
     1.75244  4.23441e-11
     1.77225 -1.22173e-10
     1.79229 -4.53356e-11
     1.81255  2.52894e-10
     1.83305 -1.42178e-10
     1.85377  6.89082e-11
     1.87473 -1.56767e-10
     1.89593 -9.65109e-12
     1.91737  3.56024e-10
     1.93905 -4.02152e-10
     1.96097  2.62373e-10
     1.98314 -2.74933e-10
     2.00556  2.21975e-10
     2.02824  8.13039e-11
     2.05117 -2.63169e-10
     2.07436  1.55693e-10
     2.09782 -3.74902e-11
     2.12154  4.54739e-11
     2.14552  8.69067e-12
     2.16978 -1.27826e-10
     2.19431  1.19238e-10
     2.21912  3.73861e-11
     2.24422 -1.38887e-10
     2.26959  1.17287e-10
     2.29525 -6.15151e-11
      2.3212  6.54088e-11
     2.34745 -7.37341e-11
     2.37399  1.06895e-11
     2.40083  1.01325e-10
     2.42798 -1.38837e-10
     2.45543  9.50436e-11
     2.48319 -7.13692e-11
     2.51127   1.3261e-10
     2.53966 -1.83566e-10
     2.56837  1.58052e-10
     2.59741 -8.04837e-11
     2.62678  4.86132e-11
     2.65648 -6.77784e-11
     2.68652  1.01569e-10
     2.71689 -8.13673e-11
     2.74761  9.77813e-12
     2.77868  5.43992e-11
     2.81009 -2.55509e-11
     2.84187 -4.90643e-11
       2.874  9.39272e-11
     2.90649 -6.06393e-11
     2.93935  1.53197e-12
     2.97259   5.1304e-11
      3.0062 -4.47859e-11
     3.04019 -1.09138e-11
     3.07456   7.8958e-11
     3.10932 -9.21651e-11
     3.14448  6.31369e-11
     3.18003  6.00091e-13
     3.21599 -3.99002e-11
     3.25235  5.13622e-11
     3.28912 -2.71593e-11
     3.32631  2.02851e-12
     3.36392  4.05035e-11
     3.40196 -6.38833e-11
     3.44042  5.52691e-11
     3.47932 -3.73039e-12
     3.51866 -2.36866e-11
     3.55844  3.76646e-11
     3.59868 -3.31429e-11
     3.63936  3.91075e-11
     3.68051 -2.72771e-11
     3.72213  1.98929e-11
     3.76421  5.07279e-12
     3.80677 -1.68411e-11
     3.84981  3.61944e-11
     3.89334 -3.60369e-11
     3.93736  4.46097e-11
     3.98188   -3.643e-11
      4.0269  3.90204e-11
     4.07243 -2.44596e-11
     4.11847  2.67133e-11
     4.16504 -1.49366e-11
     4.21213  1.82276e-11
     4.25976 -6.44961e-12
     4.30792  1.09347e-11
     4.35663  5.21995e-13
     4.40589  6.53827e-12
      4.4557  3.82201e-12
     4.50608  6.60467e-12
     4.55703 -3.05112e-12
     4.60855  1.56917e-11
     4.66066 -5.13431e-12
     4.71336  1.50895e-11
     4.76665 -5.88063e-12
     4.82054  1.48605e-11
     4.87504 -2.87999e-12
     4.93016  1.35774e-11
     4.98591 -1.53864e-12
     5.04228  1.10441e-11
     5.09929  1.85491e-12
     5.15695  7.91299e-12
     5.21525  5.24647e-12
     5.27422  8.64698e-12
     5.33385   1.9112e-12
     5.39416  1.17905e-11
     5.45515  1.84863e-12
     5.51683  1.17219e-11
     5.57921  4.38968e-13
     5.64229  1.41886e-11
     5.70608  1.69553e-12
      5.7706  1.16884e-11
     5.83584  4.37148e-12
     5.90183  1.08771e-11
     5.96856  4.02853e-12
     6.03604   1.2962e-11
     6.10429  3.70958e-12
      6.1733    1.215e-11
      6.2431  6.17398e-12
     6.31369  1.09631e-11
     6.38508  7.40537e-12
     6.45727  1.09279e-11
     6.53028  8.51163e-12
     6.60411   9.7817e-12
     6.67878   1.0523e-11
      6.7543  1.01477e-11
     6.83066   9.6325e-12
      6.9079  1.21841e-11
       6.986  9.61626e-12
     7.06499  1.20874e-11
     7.14487  1.03441e-11
     7.22565  1.33216e-11
     7.30735  1.02588e-11
     7.38997   1.3506e-11
     7.47352  1.19531e-11
     7.55802  1.29303e-11
     7.64348  1.28819e-11
      7.7299  1.39949e-11
      7.8173  1.27852e-11
     7.90569  1.52287e-11
     7.99507  1.27142e-11
     8.08547  1.62997e-11
     8.17689  1.39215e-11
     8.26934  1.58504e-11
     8.36284  1.52403e-11
     8.45739  1.65066e-11
     8.55301  1.59851e-11
     8.64972  1.72313e-11
     8.74752  1.64389e-11
     8.84642  1.85514e-11
     8.94644  1.68462e-11
      9.0476  1.92478e-11
     9.14989  1.81254e-11
     9.25335   1.9679e-11
     9.35797  1.92344e-11
     9.46378  2.04305e-11
     9.57078  2.01362e-11
     9.67899   2.1451e-11
     9.78843  2.09438e-11
      9.8991  2.26276e-11
      10.011    2.169e-11
     10.1242  2.37448e-11
     10.2387  2.27696e-11
     10.3544  2.47355e-11
     10.4715  2.38777e-11
     10.5899  2.57895e-11
     10.7097  2.51115e-11
     10.8307  2.68192e-11
     10.9532  2.64124e-11
      11.077  2.79198e-11
     11.2023  2.77227e-11
     11.3289  2.91831e-11
      11.457  2.89564e-11
     11.5866   3.0551e-11
     11.7176  3.02853e-11
     11.8501      3.2e-11
      11.984  3.15902e-11
     12.1195  3.34996e-11
     12.2566  3.31193e-11
     12.3952  3.49282e-11
     12.5353   3.4715e-11
      12.677  3.64805e-11
     12.8204  3.63849e-11
     12.9653  3.80664e-11
     13.1119  3.81309e-11
     13.2602  3.97664e-11
     13.4101  3.99212e-11
     13.5617  4.15614e-11
      13.715  4.17747e-11
     13.8701  4.34705e-11
     14.0269  4.36854e-11
     14.1855  4.54604e-11
     14.3459  4.57356e-11
     14.5081   4.7483e-11
     14.6722  4.78928e-11
     14.8381  4.96352e-11
     15.0058  5.01071e-11
     15.1755  5.18968e-11
     15.3471  5.24371e-11
     15.5206  5.42504e-11
     15.6961  5.48728e-11
     15.8735  5.67165e-11
      16.053  5.74223e-11
     16.2345   5.9289e-11
     16.4181  6.00918e-11
     16.6037  6.19813e-11
     16.7914  6.28802e-11
     16.9813  6.48021e-11
     17.1733  6.57899e-11
     17.3675  6.77576e-11
     17.5638  6.88323e-11
     17.7624   7.0843e-11
     17.9632  7.20217e-11
     18.1663  7.40687e-11
     18.3717   7.5347e-11
     18.5795  7.74611e-11
     18.7895  7.88074e-11
      19.002  8.10129e-11
     19.2168   8.2438e-11
     19.4341  8.47083e-11
     19.6538  8.62498e-11
     19.8761  8.85696e-11
     20.1008  9.02286e-11
     20.3281  9.26195e-11
     20.5579  9.43798e-11
     20.7903  9.68597e-11
     21.0254  9.87214e-11
     21.2631   1.0129e-10
     21.5035  1.03266e-10
     21.7467   1.0592e-10
     21.9925   1.0802e-10
     22.2412  1.10762e-10
     22.4927   1.1299e-10
      22.747  1.15829e-10
     23.0042  1.18183e-10
     23.2643   1.2113e-10
     23.5273  1.23612e-10
     23.7933  1.26673e-10
     24.0623   1.2929e-10
     24.3344   1.3247e-10
     24.6095  1.35227e-10
     24.8878  1.38531e-10
     25.1692  1.41435e-10
     25.4538   1.4487e-10
     25.7416  1.47927e-10
     26.0326  1.51498e-10
     26.3269  1.54714e-10
     26.6246  1.58429e-10
     26.9256   1.6181e-10
     27.2301  1.65677e-10
      27.538   1.6923e-10
     27.8493  1.73255e-10
     28.1642  1.76987e-10
     28.4826   1.8118e-10
     28.8047  1.85098e-10
     29.1304  1.89466e-10
     29.4597  1.93578e-10
     29.7928  1.98129e-10
     30.1297  2.02444e-10
     30.4703  2.07187e-10
     30.8148  2.11712e-10
     31.1632  2.16658e-10
     31.5156  2.21403e-10
     31.8719   2.2656e-10
     32.2323  2.31533e-10
     32.5967  2.36912e-10
     32.9653  2.42123e-10
      33.338  2.47734e-10
     33.7149  2.53194e-10
     34.0961  2.59048e-10
     34.4816  2.64768e-10
     34.8715  2.70875e-10
     35.2658  2.76866e-10
     35.6645  2.83239e-10
     36.0678  2.89512e-10
     36.4756  2.96164e-10
      36.888   3.0273e-10
     37.3051  3.09674e-10
     37.7268  3.16547e-10
     38.1534  3.23796e-10
     38.5848  3.30989e-10
      39.021  3.38556e-10
     39.4622  3.46083e-10
     39.9084  3.53983e-10
     40.3596  3.61859e-10
      40.816  3.70107e-10
     41.2775  3.78346e-10
     41.7442  3.86958e-10
     42.2161  3.95576e-10
     42.6935  4.04568e-10
     43.1762  4.13582e-10
     43.6644  4.22971e-10
      44.158  4.32398e-10
     44.6573  4.42202e-10
     45.1622  4.52059e-10
     45.6729  4.62297e-10
     46.1893  4.72603e-10
     46.7115  4.83294e-10
     47.2397  4.94068e-10
     47.7738  5.05231e-10
     48.3139  5.16494e-10
     48.8602  5.28151e-10
     49.4126  5.39924e-10
     49.9713  5.52096e-10
     50.5363    5.644e-10
     51.1077  5.77109e-10
     51.6856  5.89968e-10
     52.2699  6.03238e-10
     52.8609  6.16674e-10
     53.4586   6.3053e-10
      54.063  6.44569e-10
     54.6743  6.59036e-10
     55.2925  6.73702e-10
     55.9176  6.88806e-10
     56.5499  7.04127e-10
     57.1893  7.19895e-10
     57.8359  7.35898e-10
     58.4898  7.52358e-10
     59.1511  7.69073e-10
     59.8199  7.86255e-10
     60.4963   8.0371e-10
     61.1803  8.21645e-10
      61.872  8.39871e-10
     62.5716   8.5859e-10
      63.279   8.7762e-10
     63.9945  8.97156e-10
     64.7181  9.17023e-10
     65.4498   9.3741e-10
     66.1898  9.58148e-10
     66.9382  9.79421e-10
      67.695  1.00107e-09
     68.4604  1.02326e-09
     69.2345  1.04585e-09
     70.0173  1.06901e-09
     70.8089  1.09258e-09
     71.6095  1.11673e-09
     72.4192  1.14132e-09
      73.238  1.16652e-09
     74.0661  1.19217e-09
     74.9035  1.21845e-09
     75.7504  1.24521e-09
     76.6069  1.27261e-09
      77.473  1.30052e-09
      78.349  1.32908e-09
     79.2348  1.35818e-09
     80.1307  1.38796e-09
     81.0367   1.4183e-09
     81.9529  1.44934e-09
     82.8795  1.48097e-09
     83.8166  1.51332e-09
     84.7643  1.54628e-09
     85.7227  1.57999e-09
     86.6919  1.61434e-09
     87.6721  1.64946e-09
     88.6634  1.68524e-09
     89.6658  1.72182e-09
     90.6797   1.7591e-09
     91.7049  1.79719e-09
     92.7418  1.83601e-09
     93.7904  1.87567e-09
     94.8508  1.91609e-09
     95.9233  1.95738e-09
     97.0078  1.99945e-09
     98.1046  2.04243e-09
     99.2139  2.08621e-09
