 0.000992177     -7024.07
  0.00100339     -6993.45
  0.00101474     -6961.71
  0.00102621     -6929.77
  0.00103782     -6896.78
  0.00104955     -6863.66
  0.00106142      -6829.2
  0.00107342     -6794.78
  0.00108555     -6758.98
  0.00109783     -6723.17
  0.00111024        -6686
  0.00112279     -6648.66
  0.00113549     -6610.16
  0.00114833     -6571.28
  0.00116131     -6531.26
  0.00117444     -6490.97
  0.00118772     -6449.34
  0.00120115     -6407.43
  0.00121473     -6364.29
  0.00122846     -6320.77
  0.00124235     -6276.02
   0.0012564     -6230.77
  0.00127061     -6184.36
  0.00128497     -6137.54
   0.0012995     -6089.27
  0.00131419     -6040.71
  0.00132905     -5990.77
  0.00134408     -5940.38
  0.00135928     -5888.62
  0.00137465     -5836.42
  0.00139019     -5782.83
  0.00140591     -5728.75
   0.0014218      -5673.3
  0.00143788     -5617.25
  0.00145413     -5559.94
  0.00147058     -5501.97
   0.0014872     -5442.63
  0.00150402     -5382.72
  0.00152102     -5321.41
  0.00153822     -5259.47
  0.00155561     -5196.15
   0.0015732     -5132.17
  0.00159099     -5066.83
  0.00160898     -5000.75
  0.00162717     -4933.37
  0.00164557     -4865.22
  0.00166417     -4795.74
  0.00168299      -4725.5
  0.00170202     -4653.95
  0.00172126     -4581.59
  0.00174072     -4507.92
   0.0017604     -4433.49
  0.00178031      -4357.7
  0.00180044     -4281.17
  0.00182079      -4203.3
  0.00184138     -4124.68
   0.0018622     -4044.72
  0.00188326     -3964.04
  0.00190455     -3882.03
  0.00192608     -3799.29
  0.00194786      -3715.3
  0.00196988     -3630.53
  0.00199216     -3544.57
  0.00201468     -3457.86
  0.00203746     -3369.97
   0.0020605     -3281.39
  0.00208379     -3191.63
  0.00210735     -3101.25
  0.00213118     -3009.73
  0.00215528     -2917.61
  0.00217965     -2824.43
  0.00220429     -2730.69
  0.00222921     -2635.95
  0.00225442     -2540.71
  0.00227991     -2444.54
  0.00230568     -2347.94
  0.00233175     -2250.49
  0.00235812     -2152.67
  0.00238478     -2054.11
  0.00241174     -1955.26
  0.00243901     -1855.76
  0.00246659     -1756.07
  0.00249448     -1655.85
  0.00252268     -1555.53
   0.0025512     -1454.81
  0.00258005     -1354.11
  0.00260922     -1253.13
  0.00263872     -1152.31
  0.00266856     -1051.35
  0.00269873     -950.689
  0.00272924     -850.045
   0.0027601     -749.853
  0.00279131     -649.846
  0.00282287     -550.456
  0.00285478     -451.427
  0.00288706     -353.196
  0.00291971     -255.519
  0.00295272     -158.827
   0.0029861     -62.8941
  0.00301986      31.8521
  0.00305401      125.626
  0.00308854      217.998
  0.00312346      309.171
  0.00315878       398.72
  0.00319449      486.832
  0.00323061      573.086
  0.00326714      657.658
  0.00330408      740.127
  0.00334143      820.662
  0.00337921      898.844
  0.00341742      974.831
  0.00345606      1048.21
  0.00349514      1119.13
  0.00353465      1187.17
  0.00357462       1252.5
  0.00361503      1314.69
  0.00365591      1373.89
  0.00369724       1429.7
  0.00373905      1482.26
  0.00378132      1531.17
  0.00382408      1576.57
  0.00386731      1618.09
  0.00391104      1655.85
  0.00395526      1689.49
  0.00399998      1719.14
  0.00404521      1744.46
  0.00409094      1765.59
   0.0041372      1782.19
  0.00418397      1794.41
  0.00423128      1801.94
  0.00427912      1804.94
   0.0043275      1803.13
  0.00437643      1796.66
  0.00442592      1785.29
  0.00447596       1769.2
  0.00452656      1748.15
  0.00457774      1722.37
   0.0046295      1691.64
  0.00468185       1656.2
  0.00473478      1615.89
  0.00478832      1570.97
  0.00484245      1521.31
  0.00489721       1467.2
  0.00495258      1408.56
  0.00500857      1345.71
   0.0050652      1278.61
  0.00512247      1207.62
  0.00518039      1132.74
  0.00523896      1054.37
   0.0052982      972.569
   0.0053581      887.765
  0.00541868      800.053
  0.00547995      709.918
  0.00554191      617.496
  0.00560457      523.311
  0.00566794      427.543
  0.00573202      330.753
  0.00579683      233.166
  0.00586237      135.374
  0.00592866      37.6414
  0.00599569     -59.4119
  0.00606348      -155.49
  0.00613204     -249.951
  0.00620137     -342.473
  0.00627148     -432.402
  0.00634239     -519.404
   0.0064141     -602.819
  0.00648662     -682.311
  0.00655997     -757.231
  0.00663414     -827.253
  0.00670914     -891.754
    0.006785     -950.433
  0.00686172     -1002.71
   0.0069393     -1048.32
  0.00701776     -1086.75
   0.0070971     -1117.79
  0.00717735     -1141.01
   0.0072585     -1156.28
  0.00734057     -1163.26
  0.00742356     -1161.93
   0.0075075     -1152.04
  0.00759238     -1133.72
  0.00767823     -1106.84
  0.00776504     -1071.64
  0.00785284     -1028.17
  0.00794162     -976.807
  0.00803142     -917.746
  0.00812222     -851.531
  0.00821406     -778.517
  0.00830693     -699.407
  0.00840085      -614.72
  0.00849584      -525.31
   0.0085919     -431.853
  0.00868904     -335.346
  0.00878728       -236.6
  0.00888664     -136.732
  0.00898711     -36.6619
  0.00908873      62.4036
  0.00919149      159.474
  0.00929541      253.299
  0.00940051      342.864
   0.0095068      426.927
  0.00961429      504.507
  0.00972299      574.434
  0.00983293      635.827
   0.0099441      687.653
   0.0100565      729.203
   0.0101702      759.653
   0.0102852      778.536
   0.0104015      785.307
   0.0105191      779.808
   0.0106381      761.838
   0.0107583      731.603
     0.01088      689.292
    0.011003      635.518
   0.0111274      570.887
   0.0112532      496.434
   0.0113804      413.183
   0.0115091      322.572
   0.0116392      226.014
   0.0117708      125.295
   0.0119039       22.142
   0.0120385      -81.398
   0.0121746     -183.399
   0.0123123     -281.685
   0.0124515     -374.281
   0.0125923     -459.051
   0.0127347      -534.15
   0.0128786     -597.676
   0.0130243     -648.115
   0.0131715     -684.002
   0.0133204     -704.357
   0.0134711     -708.342
   0.0136234     -695.691
   0.0137774     -666.356
   0.0139332     -620.911
   0.0140907     -560.192
     0.01425     -485.673
   0.0144111      -399.08
   0.0145741     -302.739
   0.0147389     -199.164
   0.0149055     -91.3706
    0.015074      17.5625
   0.0152445      124.214
   0.0154168      225.281
   0.0155911      317.327
   0.0157674      397.258
   0.0159457      462.088
    0.016126      509.409
   0.0163083      537.166
   0.0164927      544.102
   0.0166792      529.509
   0.0168678      493.643
   0.0170585      437.421
   0.0172514      362.781
   0.0174464      272.317
   0.0176437      169.559
   0.0178432      58.5356
   0.0180449     -56.0268
   0.0182489     -169.214
   0.0184553       -275.8
   0.0186639      -370.81
    0.018875      -449.44
   0.0190884     -507.643
   0.0193042     -542.044
   0.0195225     -550.496
   0.0197432     -531.941
   0.0199664     -486.866
   0.0201922      -417.06
   0.0204205     -325.914
   0.0206513     -218.023
   0.0208848      -99.308
    0.021121       23.565
   0.0213598      143.226
   0.0216013      252.334
   0.0218455      343.731
   0.0220925      411.242
   0.0223423      449.841
   0.0225949      456.384
   0.0228504       429.65
   0.0231088       370.87
     0.02337      283.498
   0.0236343      173.412
   0.0239015      48.3314
   0.0241717     -82.3556
    0.024445     -208.527
   0.0247214     -319.801
   0.0250009      -406.68
   0.0252836      -461.13
   0.0255695     -477.676
   0.0258586     -453.777
   0.0261509     -390.567
   0.0264466     -292.711
   0.0267456     -168.511
    0.027048     -29.0717
   0.0273539      112.314
   0.0276631      241.645
   0.0279759      345.323
   0.0282922      411.918
   0.0286121      433.277
   0.0289356       405.96
   0.0292628      331.691
   0.0295936      217.829
   0.0299282      76.6317
   0.0302666     -75.5756
   0.0306088     -220.399
   0.0309549     -339.263
   0.0313049     -416.079
   0.0316589     -439.284
   0.0320168     -404.024
   0.0323788     -313.066
   0.0327449     -177.273
   0.0331151     -14.3867
   0.0334896      152.772
   0.0338682      299.629
   0.0342511       403.22
   0.0346384      446.221
     0.03503      419.906
   0.0354261      326.551
   0.0358267      179.657
   0.0362317      2.82227
   0.0366414     -173.868
   0.0370557     -318.432
   0.0374746     -402.984
   0.0378983     -409.031
   0.0383268     -332.076
   0.0387602     -183.398
   0.0391984      10.6071
   0.0396416      212.828
   0.0400898      382.019
   0.0405431      481.552
   0.0410015      487.554
   0.0414651      395.637
   0.0419339      223.336
   0.0424081      8.22918
   0.0428875     -199.523
   0.0433725     -348.015
   0.0438628     -396.664
   0.0443588     -327.308
   0.0448603      -151.28
   0.0453675      91.1618
   0.0458805      338.814
   0.0463992      524.872
   0.0469239      595.132
   0.0474544      525.249
   0.0479909      330.603
   0.0485336      65.8062
   0.0490823     -188.636
   0.0496373     -349.005
   0.0501985     -355.477
   0.0507661     -194.133
     0.05134      93.2868
   0.0519205      418.281
   0.0525076      671.685
   0.0531012      761.249
   0.0537016      647.363
   0.0543088      364.164
   0.0549229      14.3869
   0.0555438     -263.099
   0.0561718     -345.463
    0.056807     -178.255
   0.0574492      193.085
   0.0580988      630.833
   0.0587557      953.869
     0.05942      1014.07
   0.0600919      768.614
   0.0607713      314.501
   0.0614584     -139.237
   0.0621533     -358.429
    0.062856     -198.282
   0.0635667      309.072
   0.0642854      943.932
   0.0650123      1387.52
   0.0657473       1380.3
   0.0664907      877.663
   0.0672425      112.706
   0.0680028     -489.812
   0.0687716     -532.565
   0.0695492      103.915
   0.0703356      1124.04
   0.0711308      1908.63
   0.0719351      1836.33
   0.0727484      695.191
   0.0735709     -1053.26
   0.0744028      -2362.6
    0.075244     -2081.73
   0.0760947      375.439
   0.0769551      4539.46
   0.0778252       8917.5
   0.0787051      11632.4
    0.079595        11389
    0.080495      8227.63
   0.0814051      3580.02
   0.0823255     -478.197
   0.0832563     -2373.16
   0.0841976     -1876.08
   0.0851496     -95.8592
   0.0861124      1370.76
    0.087086      1537.54
   0.0880707      594.578
   0.0890664     -438.963
   0.0900735     -652.699
   0.0910919      13.1491
   0.0921218      821.499
   0.0931634      990.108
   0.0942167      423.181
    0.095282     -256.257
   0.0963593     -375.439
   0.0974488      107.554
   0.0985506      604.242
   0.0996649      560.544
    0.100792      56.5131
    0.101931     -317.103
    0.103084     -158.002
    0.104249      288.003
    0.105428      448.001
     0.10662      133.879
    0.107826     -238.291
    0.109045     -198.932
    0.110278      162.154
    0.111524      332.502
    0.112785      83.7073
    0.114061     -219.652
     0.11535      -150.64
    0.116655      163.033
    0.117973      238.736
    0.119307     -28.7662
    0.120656     -213.963
     0.12202     -34.6839
      0.1234      200.444
    0.124795      103.204
    0.126206       -150.7
    0.127633     -126.061
    0.129076      119.231
    0.130536      142.528
    0.132012     -88.7515
    0.133504     -142.398
    0.135014      71.8587
     0.13654      136.217
    0.138084     -67.2894
    0.139645      -128.65
    0.141224      67.5745
    0.142821      111.582
    0.144436      -81.404
    0.146069     -95.7992
     0.14772      91.1846
    0.149391      64.2591
     0.15108     -108.235
    0.152788     -32.0858
    0.154515      107.978
    0.156262      -16.211
    0.158029      -100.16
    0.159816      56.3602
    0.161623       61.389
     0.16345     -90.8342
    0.165298      -10.266
    0.167167      87.7137
    0.169057     -51.9159
    0.170969     -50.5939
    0.172902      82.2638
    0.174857     -19.2476
    0.176834     -65.2814
    0.178833      70.8868
    0.180855     -4.38882
      0.1829     -65.0578
    0.184968      64.9585
    0.187059     -6.23221
    0.189174     -56.5676
    0.191313       65.817
    0.193476     -22.5301
    0.195664     -36.8582
    0.197876      64.2252
    0.200114     -45.9563
    0.202376     -2.53067
    0.204664      45.6926
    0.206978     -60.2166
    0.209319      40.1505
    0.211685     -1.51881
    0.214079     -35.5766
    0.216499      53.7839
    0.218947     -48.8714
    0.221423      25.4318
    0.223926      4.88516
    0.226458     -31.8063
    0.229018      47.5265
    0.231608     -50.1945
    0.234226      41.3718
    0.236875     -25.4004
    0.239553      6.61867
    0.242261       10.933
    0.245001     -25.0371
    0.247771      34.4942
    0.250572     -39.4622
    0.253405      40.6037
     0.25627     -38.9803
    0.259168      35.5025
    0.262098      -31.148
    0.265062      26.4958
    0.268059     -22.0125
    0.271089      17.9689
    0.274154      -14.464
    0.277254      11.4937
    0.280389     -9.08996
    0.283559      7.16349
    0.286765     -5.60775
    0.290008      4.38834
    0.293287     -3.46492
    0.296603      2.72056
    0.299956     -2.13477
    0.303348      1.71386
    0.306777     -1.38004
    0.310246      1.08992
    0.313754    -0.883276
    0.317301     0.731979
    0.320889    -0.596292
    0.324517     0.482605
    0.328186     -0.40579
    0.331897     0.343277
    0.335649    -0.284399
    0.339444     0.240834
    0.343282    -0.214136
    0.347164     0.180683
    0.351089    -0.144874
    0.355059      0.12748
    0.359073    -0.118269
    0.363133    0.0922695
    0.367239   -0.0777002
    0.371391     0.081754
     0.37559   -0.0755896
    0.379837    0.0581179
    0.384131   -0.0511628
    0.388474    0.0519551
    0.392867   -0.0483066
    0.397309    0.0376899
    0.401801   -0.0320187
    0.406344    0.0311906
    0.410938   -0.0344761
    0.415584    0.0278039
    0.420283   -0.0172827
    0.425035    0.0141847
    0.429841   -0.0220525
    0.434701    0.0254054
    0.439616   -0.0175507
    0.444586    0.0101894
    0.449613   -0.0119713
    0.454697    0.0125863
    0.459838   -0.0126029
    0.465037    0.0101207
    0.470295  -0.00570305
    0.475612   0.00441379
     0.48099   -0.0110088
    0.486428    0.0127527
    0.491928   -0.0104651
     0.49749   0.00699357
    0.503115  -0.00295888
    0.508803   0.00316137
    0.514556  -0.00933962
    0.520374   0.00840585
    0.526258  -0.00580083
    0.532208   0.00262178
    0.538225  0.000339312
    0.544311   -0.0017327
    0.550465 -0.000462306
    0.556689   0.00257159
    0.562983  -0.00660188
    0.569348   0.00710315
    0.575786  -0.00377884
    0.582296  5.96105e-05
     0.58888 -0.000724791
    0.595538  -0.00179636
    0.602271   0.00184675
    0.609081  0.000692352
    0.615967   -0.0031477
    0.622932   0.00511528
    0.629975  -0.00690749
    0.637098   0.00337324
    0.644301  -0.00328191
    0.651586   0.00327823
    0.658953 -0.000162069
    0.666404  -0.00241219
    0.673939   0.00126443
    0.681558  -0.00241761
    0.689264   0.00204704
    0.697058  -0.00185555
    0.704939    0.0012761
    0.712909  -0.00190816
     0.72097  0.000963727
    0.729122 -0.000445401
    0.737365  -7.1707e-05
    0.745702    -0.001896
    0.754134   0.00133275
     0.76266 -0.000276387
    0.771283 -0.000847174
    0.780004  0.000440325
    0.788823  -0.00112183
    0.797742  0.000244945
    0.806762  -0.00073683
    0.815883  0.000881833
    0.825108  -0.00121717
    0.834437 -7.76951e-05
    0.843872 -0.000661008
    0.853413    0.0006289
    0.863062 -0.000793244
    0.872821 -0.000417764
    0.882689 -0.000403506
    0.892669  0.000924216
    0.902762  -0.00171117
    0.912969   0.00107426
    0.923292   -0.0015848
    0.933731  0.000592246
    0.944288 -0.000402588
    0.954965 -0.000348398
    0.965762 -0.000422602
    0.976682  6.81077e-05
    0.987725 -0.000916585
    0.998892  0.000521822
     1.01019 -0.000824351
     1.02161  6.32809e-05
     1.03316 -0.000654371
     1.04484   0.00036328
     1.05665 -0.000803479
      1.0686 -7.35599e-05
     1.08068 -0.000449326
      1.0929  0.000194955
     1.10526 -0.000809332
     1.11776 -2.89853e-05
     1.13039 -0.000151006
     1.14317 -0.000446836
      1.1561 -8.95162e-05
     1.16917 -0.000537131
     1.18239   1.5821e-05
     1.19576 -0.000298913
     1.20928 -0.000336034
     1.22295 -0.000202963
     1.23678  -0.00045976
     1.25076  0.000255833
      1.2649  -0.00091647
     1.27921  0.000117171
     1.29367 -0.000330399
      1.3083 -0.000104693
     1.32309 -0.000656643
     1.33805  0.000131561
     1.35318 -0.000608257
     1.36848  0.000107408
     1.38395 -0.000548832
      1.3996   -0.0001556
     1.41542 -0.000241061
     1.43143 -0.000308508
     1.44761 -0.000264575
     1.46398 -0.000290881
     1.48053 -0.000162653
     1.49727 -0.000337693
      1.5142 -0.000349814
     1.53132 -1.52797e-05
     1.54863 -0.000480542
     1.56614 -0.000245002
     1.58385 -0.000190749
     1.60176 -0.000236853
     1.61987 -0.000439262
     1.63818 -8.85542e-06
     1.65671  -0.00043108
     1.67544 -0.000200276
     1.69438 -0.000240314
     1.71354 -0.000310381
     1.73291 -0.000335103
     1.75251 -0.000123814
     1.77232 -0.000377465
     1.79236 -0.000204271
     1.81262 -0.000224135
     1.83312 -0.000363757
     1.85384  -0.00018099
     1.87481 -0.000278048
       1.896 -0.000325479
     1.91744 -0.000131614
     1.93912 -0.000431736
     1.96104 -0.000115988
     1.98322  -0.00033039
     2.00564 -0.000275148
     2.02832 -0.000186135
     2.05125 -0.000356385
     2.07444 -0.000163612
      2.0979 -0.000369747
     2.12162 -0.000171952
     2.14561   -0.0003348
     2.16987 -0.000216861
      2.1944  -0.00030842
     2.21921 -0.000228267
      2.2443 -0.000290989
     2.26968 -0.000237615
     2.29534 -0.000285312
     2.32129  -0.00025235
     2.34754 -0.000260526
     2.37408 -0.000266649
     2.40092 -0.000244683
     2.42807 -0.000288287
     2.45552 -0.000234118
     2.48328 -0.000290312
     2.51136  -0.00023213
     2.53976 -0.000294155
     2.56847 -0.000242613
     2.59751 -0.000278402
     2.62688 -0.000251474
     2.65658 -0.000270576
     2.68662 -0.000256611
       2.717 -0.000283968
     2.74772 -0.000236313
     2.77878 -0.000281559
      2.8102 -0.000249665
     2.84198 -0.000277156
     2.87411 -0.000256186
      2.9066 -0.000265837
     2.93947 -0.000248094
      2.9727 -0.000275893
     3.00631 -0.000257256
      3.0403 -0.000262564
     3.07468 -0.000265648
     3.10944 -0.000258842
      3.1446 -0.000268266
     3.18016 -0.000264738
     3.21611 -0.000260767
     3.25248 -0.000275279
     3.28925 -0.000249244
     3.32644 -0.000262713
     3.36405 -0.000261146
     3.40209 -0.000277163
     3.44055 -0.000248074
     3.47945 -0.000263835
     3.51879 -0.000264156
     3.55858  -0.00027606
     3.59881 -0.000248818
      3.6395 -0.000272632
     3.68065 -0.000258337
     3.72227 -0.000266112
     3.76436 -0.000258713
     3.80692 -0.000266583
     3.84996 -0.000257754
     3.89349 -0.000265312
     3.93751 -0.000260633
     3.98203 -0.000267833
     4.02705 -0.000261106
     4.07259 -0.000266075
     4.11863 -0.000261141
      4.1652 -0.000265597
     4.21229 -0.000258354
     4.25992  -0.00026522
     4.30809  -0.00026079
      4.3568  -0.00026561
     4.40606 -0.000262344
     4.45587 -0.000261245
     4.50625  -0.00026278
      4.5572 -0.000266556
     4.60873 -0.000257523
     4.66084 -0.000267517
     4.71354 -0.000259854
     4.76683  -0.00026755
     4.82073 -0.000259296
     4.87523 -0.000266702
     4.93035 -0.000259956
      4.9861 -0.000265754
     5.04247 -0.000258671
     5.09949 -0.000263183
     5.15714 -0.000263942
     5.21545 -0.000263276
     5.27442 -0.000264801
     5.33406 -0.000266808
     5.39437 -0.000259202
     5.45536 -0.000263133
     5.51704 -0.000257784
     5.57942 -0.000266153
      5.6425 -0.000258772
      5.7063 -0.000269257
     5.77082 -0.000262583
     5.83607 -0.000264045
     5.90205 -0.000260728
     5.96878 -0.000264239
     6.03627 -0.000258279
     6.10452 -0.000266109
     6.17354 -0.000260504
     6.24334 -0.000265245
     6.31393 -0.000263423
     6.38532 -0.000264408
     6.45752  -0.00026194
     6.53053 -0.000261327
     6.60437 -0.000263216
     6.67904 -0.000260945
     6.75456 -0.000264821
     6.83093 -0.000263647
     6.90816 -0.000263068
     6.98627 -0.000262707
     7.06526 -0.000261457
     7.14514 -0.000263001
     7.22593 -0.000262498
     7.30763 -0.000264131
     7.39025 -0.000262817
     7.47381  -0.00026255
     7.55831 -0.000263363
     7.64377   -0.0002622
      7.7302 -0.000263535
      7.8176 -0.000262544
     7.90599 -0.000261069
     7.99538 -0.000263874
     8.08578  -0.00026351
      8.1772 -0.000263607
     8.26966 -0.000261477
     8.36316 -0.000261917
     8.45772 -0.000263768
     8.55334 -0.000262909
     8.65005 -0.000262592
     8.74785 -0.000263071
     8.84676 -0.000262511
     8.94679 -0.000262351
     9.04795 -0.000262361
     9.15025 -0.000263502
      9.2537 -0.000263033
     9.35833 -0.000262529
     9.46414 -0.000262293
     9.57115 -0.000262374
     9.67936 -0.000262772
      9.7888   -0.0002633
     9.89948 -0.000262385
     10.0114 -0.000262273
     10.1246 -0.000262356
     10.2391 -0.000263253
     10.3548 -0.000262243
     10.4719 -0.000262632
     10.5903 -0.000262386
     10.7101 -0.000262865
     10.8312  -0.00026232
     10.9536 -0.000262754
     11.0775 -0.000262286
     11.2027 -0.000263193
     11.3294 -0.000262106
     11.4575 -0.000262361
      11.587 -0.000262226
      11.718 -0.000263221
     11.8505 -0.000262046
     11.9845  -0.00026195
       12.12 -0.000262721
      12.257 -0.000262817
     12.3956  -0.00026192
     12.5358 -0.000262436
     12.6775 -0.000262454
     12.8209 -0.000262562
     12.9658 -0.000261859
     13.1124 -0.000262606
     13.2607 -0.000262007
     13.4106 -0.000262554
     13.5622 -0.000261842
     13.7156 -0.000262576
     13.8707 -0.000261957
     14.0275  -0.00026204
     14.1861 -0.000262438
     14.3465 -0.000262185
     14.5087 -0.000261723
     14.6727 -0.000262525
     14.8386 -0.000261895
     15.0064 -0.000262032
     15.1761 -0.000261986
     15.3477  -0.00026215
     15.5212 -0.000261865
     15.6967 -0.000262036
     15.8742 -0.000261947
     16.0536 -0.000261967
     16.2351 -0.000261724
     16.4187 -0.000261938
     16.6043 -0.000261617
     16.7921 -0.000261975
     16.9819 -0.000261538
      17.174 -0.000261884
     17.3681 -0.000261576
     17.5645 -0.000261726
     17.7631 -0.000261448
     17.9639 -0.000261935
      18.167 -0.000261097
     18.3725 -0.000261981
     18.5802 -0.000261257
     18.7903 -0.000261365
     19.0027 -0.000261656
     19.2176 -0.000261156
     19.4349 -0.000261372
     19.6546 -0.000261493
     19.8768 -0.000260947
     20.1016 -0.000261501
     20.3288 -0.000260948
     20.5587 -0.000261229
     20.7911 -0.000261095
     21.0262 -0.000260989
     21.2639 -0.000261013
     21.5044 -0.000260946
     21.7475 -0.000260811
     21.9934 -0.000260965
     22.2421 -0.000260583
     22.4935    -0.000261
     22.7479  -0.00026047
     23.0051 -0.000260746
     23.2652 -0.000260437
     23.5282 -0.000260638
     23.7942 -0.000260398
     24.0633 -0.000260439
     24.3353 -0.000260291
     24.6105  -0.00026033
     24.8888  -0.00026016
     25.1702 -0.000260142
     25.4547 -0.000260069
     25.7425 -0.000260064
     26.0336 -0.000259851
      26.328 -0.000259917
     26.6256 -0.000259745
     26.9267 -0.000259767
     27.2311 -0.000259603
      27.539 -0.000259611
     27.8504 -0.000259431
     28.1653 -0.000259447
     28.4837  -0.00025927
     28.8058 -0.000259254
     29.1315 -0.000259114
     29.4609 -0.000259075
      29.794 -0.000258922
     30.1308 -0.000258913
     30.4715 -0.000258731
      30.816 -0.000258713
     31.1644 -0.000258525
     31.5168 -0.000258517
     31.8731 -0.000258344
     32.2335 -0.000258285
      32.598 -0.000258125
     32.9665 -0.000258053
     33.3393 -0.000257895
     33.7162 -0.000257827
     34.0974 -0.000257657
      34.483 -0.000257605
     34.8729 -0.000257412
     35.2671 -0.000257338
     35.6659 -0.000257142
     36.0691 -0.000257084
      36.477 -0.000256881
     36.8894 -0.000256788
     37.3065 -0.000256619
     37.7283 -0.000256498
     38.1549 -0.000256308
     38.5863 -0.000256198
     39.0225 -0.000256005
     39.4638 -0.000255884
       39.91 -0.000255678
     40.3612  -0.00025556
     40.8175 -0.000255346
      41.279 -0.000255206
     41.7458 -0.000254982
     42.2178 -0.000254852
     42.6951  -0.00025463
     43.1778 -0.000254465
      43.666 -0.000254245
     44.1597 -0.000254074
      44.659 -0.000253827
      45.164 -0.000253677
     45.6746 -0.000253418
      46.191 -0.000253238
     46.7133 -0.000252973
     47.2415 -0.000252778
     47.7756 -0.000252521
     48.3158 -0.000252318
     48.8621 -0.000252046
     49.4145 -0.000251818
     49.9732 -0.000251539
     50.5383 -0.000251323
     51.1097 -0.000251011
     51.6875 -0.000250778
      52.272 -0.000250468
      52.863 -0.000250214
     53.4607 -0.000249899
     54.0651 -0.000249633
     54.6764 -0.000249303
     55.2946 -0.000249025
     55.9198  -0.00024868
     56.5521  -0.00024839
     57.1915 -0.000248019
     57.8381 -0.000247717
      58.492 -0.000247353
     59.1534 -0.000247025
     59.8222  -0.00024664
     60.4986 -0.000246303
     61.1826 -0.000245892
     61.8744 -0.000245539
      62.574  -0.00024513
     63.2815  -0.00024475
      63.997 -0.000244311
     64.7205 -0.000243924
     65.4523 -0.000243475
     66.1923 -0.000243063
     66.9408 -0.000242594
     67.6976 -0.000242158
      68.463 -0.000241677
     69.2371 -0.000241219
       70.02 -0.000240718
     70.8116 -0.000240243
     71.6123 -0.000239715
      72.422 -0.000239216
     73.2408 -0.000238672
     74.0689 -0.000238154
     74.9064 -0.000237581
     75.7533 -0.000237038
     76.6098 -0.000236449
      77.476 -0.000235873
      78.352 -0.000235264
     79.2379 -0.000234666
     80.1338 -0.000234026
     81.0398 -0.000233405
     81.9561 -0.000232736
     82.8827 -0.000232087
     83.8198 -0.000231396
     84.7676 -0.000230714
      85.726 -0.000229995
     86.6952 -0.000229284
     87.6755 -0.000228533
     88.6668 -0.000227794
     89.6693 -0.000227015
     90.6831 -0.000226241
     91.7084 -0.000225427
     92.7454 -0.000224624
      93.794 -0.000223778
     94.8545 -0.000222937
     95.9269  -0.00022206
     97.0115 -0.000221183
     98.1084 -0.000220267
     99.2177 -0.000219356
