 0.000992177       -13634
  0.00100339     -13601.8
  0.00101474     -13568.9
  0.00102621     -13535.2
  0.00103782     -13500.8
  0.00104955     -13465.7
  0.00106142     -13429.7
  0.00107342       -13393
  0.00108555     -13355.5
  0.00109783     -13317.2
  0.00111024       -13278
  0.00112279     -13237.9
  0.00113549       -13197
  0.00114833     -13155.2
  0.00116131     -13112.5
  0.00117444     -13068.8
  0.00118772     -13024.2
  0.00120115     -12978.6
  0.00121473     -12932.1
  0.00122846     -12884.5
  0.00124235     -12835.9
   0.0012564     -12786.2
  0.00127061     -12735.4
  0.00128497     -12683.6
   0.0012995     -12630.6
  0.00131419     -12576.5
  0.00132905     -12521.2
  0.00134408     -12464.8
  0.00135928     -12407.1
  0.00137465     -12348.2
  0.00139019       -12288
  0.00140591     -12226.5
   0.0014218     -12163.8
  0.00143788     -12099.6
  0.00145413     -12034.2
  0.00147058     -11967.3
   0.0014872       -11899
  0.00150402     -11829.3
  0.00152102     -11758.1
  0.00153822     -11685.3
  0.00155561     -11611.1
   0.0015732     -11535.3
  0.00159099     -11457.9
  0.00160898     -11378.9
  0.00162717     -11298.2
  0.00164557     -11215.9
  0.00166417     -11131.9
  0.00168299     -11046.1
  0.00170202     -10958.5
  0.00172126     -10869.1
  0.00174072     -10777.9
   0.0017604     -10684.8
  0.00178031     -10589.9
  0.00180044     -10492.9
  0.00182079     -10394.1
  0.00184138     -10293.2
   0.0018622     -10190.2
  0.00188326     -10085.2
  0.00190455     -9978.11
  0.00192608     -9868.85
  0.00194786     -9757.43
  0.00196988     -9643.78
  0.00199216      -9527.9
  0.00201468     -9409.73
  0.00203746     -9289.25
   0.0020605      -9166.4
  0.00208379     -9041.18
  0.00210735     -8913.53
  0.00213118     -8783.43
  0.00215528     -8650.82
  0.00217965      -8515.7
  0.00220429        -8378
  0.00222921     -8237.72
  0.00225442      -8094.8
  0.00227991     -7949.22
  0.00230568     -7800.94
  0.00233175     -7649.94
  0.00235812     -7496.16
  0.00238478      -7339.6
  0.00241174     -7180.21
  0.00243901     -7017.97
  0.00246659     -6852.84
  0.00249448     -6684.81
  0.00252268     -6513.84
   0.0025512     -6339.91
  0.00258005     -6162.98
  0.00260922     -5983.06
  0.00263872     -5800.09
  0.00266856     -5614.09
  0.00269873        -5425
  0.00272924     -5232.84
   0.0027601     -5037.58
  0.00279131     -4839.21
  0.00282287     -4637.71
  0.00285478      -4433.1
  0.00288706     -4225.35
  0.00291971     -4014.47
  0.00295272     -3800.46
   0.0029861     -3583.33
  0.00301986     -3363.08
  0.00305401     -3139.73
  0.00308854     -2913.28
  0.00312346     -2683.78
  0.00315878     -2451.22
  0.00319449     -2215.66
  0.00323061      -1977.1
  0.00326714     -1735.61
  0.00330408     -1491.22
  0.00334143     -1243.98
  0.00337921     -993.943
  0.00341742      -741.18
  0.00345606     -485.745
  0.00349514     -227.728
  0.00353465      32.8046
  0.00357462      295.749
  0.00361503      561.023
  0.00365591      828.508
  0.00369724       1098.1
  0.00373905      1369.68
  0.00378132      1643.11
  0.00382408      1918.25
  0.00386731      2194.96
  0.00391104      2473.06
  0.00395526      2752.41
  0.00399998       3032.8
  0.00404521      3314.06
  0.00409094      3595.98
   0.0041372      3878.34
  0.00418397      4160.92
  0.00423128      4443.48
  0.00427912      4725.77
   0.0043275      5007.52
  0.00437643      5288.46
  0.00442592       5568.3
  0.00447596      5846.73
  0.00452656      6123.44
  0.00457774      6398.09
   0.0046295      6670.35
  0.00468185      6939.84
  0.00473478      7206.21
  0.00478832      7469.06
  0.00484245         7728
  0.00489721       7982.6
  0.00495258      8232.46
  0.00500857      8477.11
   0.0050652      8716.12
  0.00512247      8949.02
  0.00518039      9175.33
  0.00523896      9394.56
   0.0052982      9606.23
   0.0053581      9809.81
  0.00541868      10004.8
  0.00547995      10190.7
  0.00554191      10366.9
  0.00560457        10533
  0.00566794      10688.4
  0.00573202      10832.5
  0.00579683      10964.9
  0.00586237      11084.9
  0.00592866      11192.1
  0.00599569      11285.9
  0.00606348      11365.9
  0.00613204      11431.5
  0.00620137      11482.2
  0.00627148      11517.6
  0.00634239      11537.2
   0.0064141      11540.6
  0.00648662      11527.4
  0.00655997      11497.3
  0.00663414      11449.9
  0.00670914      11384.9
    0.006785        11302
  0.00686172      11201.1
   0.0069393      11082.1
  0.00701776      10944.8
   0.0070971      10789.1
  0.00717735      10615.2
   0.0072585      10423.1
  0.00734057      10212.9
  0.00742356      9985.02
   0.0075075      9739.62
  0.00759238      9477.16
  0.00767823      9198.13
  0.00776504       8903.1
  0.00785284      8592.73
  0.00794162      8267.81
  0.00803142      7929.16
  0.00812222      7577.76
  0.00821406      7214.65
  0.00830693      6840.96
  0.00840085      6457.94
  0.00849584      6066.92
   0.0085919       5669.3
  0.00868904       5266.6
  0.00878728      4860.39
  0.00888664      4452.33
  0.00898711      4044.14
  0.00908873      3637.59
  0.00919149       3234.5
  0.00929541      2836.75
  0.00940051      2446.19
   0.0095068      2064.73
  0.00961429      1694.26
  0.00972299      1336.63
  0.00983293      993.668
   0.0099441      667.151
   0.0100565      358.767
   0.0101702      70.1194
   0.0102852     -197.312
   0.0104015      -442.17
   0.0105191     -663.265
   0.0106381     -859.567
   0.0107583     -1030.25
     0.01088      -1174.7
    0.011003     -1292.52
   0.0111274     -1383.56
   0.0112532     -1447.93
   0.0113804     -1485.99
   0.0115091      -1498.4
   0.0116392     -1486.07
   0.0117708      -1450.2
   0.0119039     -1392.25
   0.0120385     -1313.96
   0.0121746     -1217.31
   0.0123123     -1104.52
   0.0124515     -978.008
   0.0125923     -840.392
   0.0127347     -694.421
   0.0128786     -542.969
   0.0130243     -388.968
   0.0131715     -235.383
   0.0133204     -85.1413
   0.0134711      58.8958
   0.0136234      194.013
   0.0137774      317.669
   0.0139332      427.576
   0.0140907      521.729
     0.01425      598.474
   0.0144111      656.535
   0.0145741      695.068
   0.0147389      713.676
   0.0149055      712.443
    0.015074      691.933
   0.0152445      653.199
   0.0154168      597.756
   0.0155911      527.572
   0.0157674      445.003
   0.0159457      352.762
    0.016126      253.829
   0.0163083      151.391
   0.0164927      48.7327
   0.0166792     -50.8437
   0.0168678     -144.142
   0.0170585     -228.158
   0.0172514     -300.208
   0.0174464     -358.007
   0.0176437     -399.781
   0.0178432     -424.325
   0.0180449     -431.082
   0.0182489     -420.165
   0.0184553     -392.388
   0.0186639     -349.236
    0.018875     -292.838
   0.0190884     -225.882
   0.0193042     -151.528
   0.0195225     -73.2678
   0.0197432       5.2087
   0.0199664      80.1963
   0.0201922      148.132
   0.0204205      205.793
   0.0206513      250.445
   0.0208848      280.021
    0.021121      293.223
   0.0213598       289.64
   0.0216013      269.773
   0.0218455      235.055
   0.0220925      187.773
   0.0223423      130.982
   0.0225949      68.3172
   0.0228504      3.81071
   0.0231088     -58.3762
     0.02337       -114.2
   0.0236343     -160.026
   0.0239015      -192.87
   0.0241717     -210.647
    0.024445     -212.325
   0.0247214     -198.054
   0.0250009     -169.171
   0.0252836     -128.149
   0.0255695     -78.4245
   0.0258586     -24.1622
   0.0261509      30.0791
   0.0264466      79.7033
   0.0267456      120.488
    0.027048      148.954
   0.0273539      162.716
   0.0276631       160.72
   0.0279759      143.406
   0.0282922      112.686
   0.0286121      71.8244
   0.0289356      25.1269
   0.0292628     -22.4549
   0.0295936     -65.8467
   0.0299282     -100.382
   0.0302666      -122.35
   0.0306088      -129.43
   0.0309549     -121.023
   0.0313049     -98.3578
   0.0316589     -64.4156
   0.0320168      -23.597
   0.0323788      18.7792
   0.0327449      57.1565
   0.0331151       86.459
   0.0334896      102.815
   0.0338682      104.118
   0.0342511      90.4027
   0.0346384       63.885
     0.03503      28.7198
   0.0354261     -9.59153
   0.0358267     -45.0027
   0.0362317     -71.8883
   0.0366414      -85.962
   0.0370557     -85.0506
   0.0374746     -69.5172
   0.0378983     -42.2924
   0.0383268     -8.41496
   0.0387602      25.8096
   0.0391984      53.9653
   0.0396416      70.7351
   0.0400898      72.9929
   0.0405431      60.4823
   0.0410015      35.9748
   0.0414651      4.76862
   0.0419339     -26.3516
   0.0424081       -50.57
   0.0428875     -62.5494
   0.0433725     -59.7162
   0.0438628     -42.9334
   0.0443588     -16.4171
   0.0448603      13.2063
   0.0453675      38.4694
   0.0458805       52.964
   0.0463992      53.0368
   0.0469239       38.868
   0.0474544      14.5261
   0.0479909     -13.0341
   0.0485336     -35.8864
   0.0490823     -47.4062
   0.0496373      -44.306
   0.0501985     -27.7287
   0.0507661     -3.04308
     0.05134      21.7567
   0.0519205      38.5644
   0.0525076      41.8803
   0.0531012      30.7521
   0.0537016       9.2626
   0.0543088     -14.7871
   0.0549229     -32.5914
   0.0555438     -37.6055
   0.0561718     -28.0907
    0.056807     -7.95324
   0.0574492      14.6535
   0.0580988      30.4993
   0.0587557      33.0953
     0.05942      21.5171
   0.0600919     0.989029
   0.0607713     -19.2633
   0.0614584     -30.0589
   0.0621533     -26.5314
    0.062856     -10.5452
   0.0635667      9.98937
   0.0642854      24.8626
   0.0650123       26.637
   0.0657473      14.5838
   0.0664907     -4.75146
   0.0672425     -20.8451
   0.0680028     -24.8877
   0.0687716     -14.7719
   0.0695492      3.48548
   0.0703356       19.056
   0.0711308      22.6369
   0.0719351      12.2099
   0.0727484     -5.50335
   0.0735709     -19.0716
   0.0744028     -19.6998
    0.075244     -7.15241
   0.0760947      9.82773
   0.0769551      19.3668
   0.0778252      14.7917
   0.0787051    -0.365581
    0.079595       -14.72
    0.080495      -17.416
   0.0814051     -6.54813
   0.0823255      9.10846
   0.0832563      16.8617
   0.0841976      10.4567
   0.0851496     -4.51535
   0.0861124      -15.079
    0.087086     -12.0576
   0.0880707      1.64284
   0.0890664      13.3513
   0.0900735      12.1983
   0.0910919    -0.522186
   0.0921218     -12.2794
   0.0931634     -11.4494
   0.0942167     0.932081
    0.095282      11.9031
   0.0963593      9.94322
   0.0974488       -2.636
   0.0985506     -11.8691
   0.0996649     -7.49207
    0.100792      5.27956
    0.101931      11.4357
    0.103084       3.7846
    0.104249     -8.17719
    0.105428      -9.5944
     0.10662      1.13063
    0.107826      10.0103
    0.109045      5.43691
    0.110278     -6.23448
    0.111524     -8.98086
    0.112785     0.856468
    0.114061      9.11165
     0.11535      3.90221
    0.116655     -6.86095
    0.117973     -6.92501
    0.119307      3.59915
    0.120656       8.1202
     0.12202    -0.427602
      0.1234     -7.95786
    0.124795     -2.08865
    0.126206      7.06576
    0.127633      3.78044
    0.129076     -5.96221
    0.130536     -4.75527
    0.132012      4.99789
    0.133504      5.17405
    0.135014     -4.34422
     0.13654     -5.21165
    0.138084      4.07012
    0.139645      4.94184
    0.141224     -4.15044
    0.142821      -4.3967
    0.144436      4.51614
    0.146069      3.50722
     0.14772     -5.00706
    0.149391     -2.21794
     0.15108      5.39555
    0.152788     0.479402
    0.154515     -5.33207
    0.156262       1.5615
    0.158029      4.45691
    0.159816      -3.5351
    0.161623     -2.51169
     0.16345      4.71868
    0.165298    -0.300281
    0.167167     -4.33282
    0.169057      3.11533
    0.170969      1.97845
    0.172902     -4.41767
    0.174857       1.5116
    0.176834      2.99167
    0.178833     -3.99147
    0.180855     0.706275
      0.1829      3.13726
    0.184968     -3.70919
    0.187059     0.751729
    0.189174      2.74088
    0.191313     -3.70044
    0.193476      1.57031
    0.195664      1.67142
    0.197876     -3.49186
    0.200114      2.74146
    0.202376    -0.197226
    0.204664     -2.33655
    0.206978      3.34645
    0.209319     -2.44724
    0.211685     0.337466
    0.214079      1.79573
    0.216499     -2.98081
    0.218947      2.84232
    0.221423     -1.62161
    0.223926   -0.0913758
    0.226458      1.65991
    0.229018     -2.64605
    0.231608      2.88197
    0.234226     -2.44957
    0.236875      1.56763
    0.239553    -0.502525
    0.242261    -0.524568
    0.245001      1.36061
    0.247771     -1.94022
    0.250572      2.25522
    0.253405     -2.34671
     0.25627      2.26742
    0.259168     -2.07966
    0.262098      1.83096
    0.265062     -1.56446
    0.268059      1.30308
    0.271089     -1.06643
    0.274154     0.858533
    0.277254    -0.685125
    0.280389     0.540885
    0.283559    -0.426329
    0.286765     0.333695
    0.290008    -0.262481
    0.293287     0.205146
    0.296603     -0.16228
    0.299956     0.127361
    0.303348    -0.101907
    0.306777    0.0805125
    0.310246   -0.0655502
    0.313754    0.0521445
    0.317301   -0.0432441
    0.320889     0.034572
    0.324517   -0.0293866
    0.328186    0.0235399
    0.331897   -0.0205507
    0.335649    0.0164153
    0.339444   -0.0147976
    0.343282    0.0117383
    0.347164    -0.010872
    0.351089   0.00846757
    0.355059  -0.00818699
    0.359073   0.00629788
    0.363133  -0.00639115
    0.367239   0.00468719
    0.371391  -0.00499509
     0.37559   0.00351777
    0.379837  -0.00403562
    0.384131   0.00269454
    0.388474  -0.00326106
    0.392867   0.00204259
    0.397309   -0.0027328
    0.401801   0.00158425
    0.406344  -0.00230601
    0.410938   0.00118372
    0.415584  -0.00197462
    0.420283  0.000913341
    0.425035  -0.00172017
    0.429841  0.000649428
    0.434701  -0.00149986
    0.439616  0.000466811
    0.444586  -0.00132412
    0.449613  0.000317083
    0.454697  -0.00117267
    0.459838  0.000191932
    0.465037  -0.00106718
    0.470295  8.04686e-05
    0.475612  -0.00100776
     0.48099   4.0502e-05
    0.486428 -0.000950917
    0.491928 -2.62002e-05
     0.49749 -0.000853985
    0.503115 -0.000124353
    0.508803 -0.000786187
    0.514556 -0.000181117
    0.520374 -0.000737606
    0.526258 -0.000219464
    0.532208  -0.00069072
    0.538225 -0.000247221
    0.544311  -0.00067556
    0.550465 -0.000274247
    0.556689 -0.000670986
    0.562983 -0.000297081
    0.569348 -0.000619955
    0.575786 -0.000308156
    0.582296 -0.000610491
     0.58888 -0.000336908
    0.595538 -0.000604135
    0.602271 -0.000343064
    0.609081 -0.000588509
    0.615967 -0.000352729
    0.622932 -0.000583059
    0.629975 -0.000360593
    0.637098 -0.000565132
    0.644301 -0.000370969
    0.651586 -0.000550267
    0.658953 -0.000398075
    0.666404 -0.000550052
    0.673939 -0.000403535
    0.681558 -0.000522628
    0.689264   -0.0004047
    0.697058 -0.000522166
    0.704939 -0.000425316
    0.712909 -0.000521756
     0.72097 -0.000422159
    0.729122 -0.000503915
    0.737365 -0.000422202
    0.745702 -0.000512683
    0.754134 -0.000437359
     0.76266 -0.000504575
    0.771283 -0.000428604
    0.780004 -0.000499849
    0.788823 -0.000440679
    0.797742 -0.000502327
    0.806762 -0.000434866
    0.815883 -0.000500807
    0.825108 -0.000435938
    0.834437 -0.000494347
    0.843872 -0.000443715
    0.853413 -0.000498892
    0.863062 -0.000439267
    0.872821 -0.000491478
    0.882689 -0.000447579
    0.892669 -0.000490538
    0.902762 -0.000448786
    0.912969 -0.000488519
    0.923292 -0.000449687
    0.933731 -0.000484389
    0.944288  -0.00045427
    0.954965 -0.000485872
    0.965762 -0.000448275
    0.976682 -0.000483364
    0.987725 -0.000459212
    0.998892 -0.000482452
     1.01019  -0.00045287
     1.02161 -0.000479034
     1.03316 -0.000461592
     1.04484 -0.000478283
     1.05665 -0.000457957
      1.0686  -0.00047885
     1.08068 -0.000456854
      1.0929 -0.000481439
     1.10526 -0.000457836
     1.11776 -0.000475922
     1.13039 -0.000462106
     1.14317 -0.000477063
      1.1561 -0.000459231
     1.16917 -0.000475624
     1.18239 -0.000464957
     1.19576 -0.000472467
     1.20928 -0.000461023
     1.22295 -0.000476616
     1.23678 -0.000463264
     1.25076 -0.000473919
      1.2649 -0.000460883
     1.27921  -0.00047692
     1.29367 -0.000460699
      1.3083 -0.000476863
     1.32309 -0.000460251
     1.33805 -0.000473949
     1.35318 -0.000467979
     1.36848 -0.000469249
     1.38395 -0.000464066
      1.3996 -0.000474757
     1.41542 -0.000464325
     1.43143 -0.000472576
     1.44761 -0.000463313
     1.46398 -0.000473199
     1.48053 -0.000466588
     1.49727  -0.00046978
      1.5142 -0.000464749
     1.53132 -0.000475035
     1.54863 -0.000463461
     1.56614 -0.000470186
     1.58385 -0.000468929
     1.60176 -0.000468996
     1.61987 -0.000466213
     1.63818 -0.000472112
     1.65671 -0.000466585
     1.67544 -0.000469387
     1.69438 -0.000467271
     1.71354 -0.000470814
     1.73291 -0.000465301
     1.75251 -0.000471955
     1.77232 -0.000465886
     1.79236 -0.000470831
     1.81262 -0.000467169
     1.83312 -0.000469714
     1.85384 -0.000467769
     1.87481 -0.000469485
       1.896 -0.000467226
     1.91744  -0.00047063
     1.93912 -0.000466124
     1.96104 -0.000470814
     1.98322 -0.000466684
     2.00564 -0.000469688
     2.02832 -0.000468618
     2.05125 -0.000467929
     2.07444 -0.000469318
      2.0979 -0.000468235
     2.12162 -0.000468468
     2.14561 -0.000469285
     2.16987 -0.000467806
      2.1944 -0.000469242
     2.21921 -0.000468134
      2.2443 -0.000469028
     2.26968  -0.00046841
     2.29534 -0.000468672
     2.32129 -0.000468285
     2.34754 -0.000469136
     2.37408 -0.000467906
     2.40092 -0.000469324
     2.42807 -0.000467644
     2.45552 -0.000469643
     2.48328 -0.000467484
     2.51136 -0.000469693
     2.53976 -0.000467583
     2.56847  -0.00046959
     2.59751 -0.000467593
     2.62688  -0.00046963
     2.65658 -0.000467676
     2.68662 -0.000469299
       2.717 -0.000467945
     2.74772 -0.000469132
     2.77878 -0.000468141
      2.8102 -0.000469086
     2.84198 -0.000468011
     2.87411 -0.000469124
      2.9066 -0.000468152
     2.93947 -0.000468988
      2.9727 -0.000468147
     3.00631 -0.000468935
      3.0403 -0.000468101
     3.07468 -0.000469113
     3.10944 -0.000468094
      3.1446 -0.000469056
     3.18016 -0.000468219
     3.21611 -0.000468907
     3.25248 -0.000468239
     3.28925 -0.000468883
     3.32644 -0.000468316
     3.36405 -0.000468783
     3.40209 -0.000468192
     3.44055 -0.000468909
     3.47945 -0.000468431
     3.51879 -0.000468706
     3.55858 -0.000468326
     3.59881 -0.000468839
      3.6395 -0.000468317
     3.68065 -0.000468775
     3.72227 -0.000468366
     3.76436 -0.000468751
     3.80692 -0.000468331
     3.84996 -0.000468765
     3.89349 -0.000468329
     3.93751 -0.000468753
     3.98203 -0.000468352
     4.02705 -0.000468756
     4.07259 -0.000468403
     4.11863   -0.0004687
      4.1652 -0.000468378
     4.21229 -0.000468663
     4.25992 -0.000468394
     4.30809  -0.00046866
      4.3568 -0.000468439
     4.40606 -0.000468655
     4.45587 -0.000468433
     4.50625 -0.000468603
      4.5572 -0.000468367
     4.60873  -0.00046871
     4.66084 -0.000468392
     4.71354 -0.000468666
     4.76683 -0.000468342
     4.82073 -0.000468661
     4.87523 -0.000468396
     4.93035 -0.000468659
      4.9861 -0.000468372
     5.04247   -0.0004686
     5.09949 -0.000468381
     5.15714 -0.000468589
     5.21545  -0.00046845
     5.27442 -0.000468594
     5.33406 -0.000468392
     5.39437 -0.000468599
     5.45536 -0.000468378
     5.51704 -0.000468546
     5.57942 -0.000468353
      5.6425 -0.000468612
      5.7063 -0.000468395
     5.77082 -0.000468566
     5.83607 -0.000468393
     5.90205 -0.000468521
     5.96878  -0.00046837
     6.03627 -0.000468547
     6.10452 -0.000468355
     6.17354 -0.000468525
     6.24334  -0.00046839
     6.31393 -0.000468507
     6.38532 -0.000468387
     6.45752 -0.000468488
     6.53053 -0.000468364
     6.60437 -0.000468448
     6.67904 -0.000468401
     6.75456 -0.000468445
     6.83093 -0.000468372
     6.90816 -0.000468469
     6.98627 -0.000468348
     7.06526 -0.000468417
     7.14514 -0.000468353
     7.22593  -0.00046844
     7.30763 -0.000468327
     7.39025 -0.000468421
     7.47381 -0.000468343
     7.55831 -0.000468376
     7.64377 -0.000468339
      7.7302 -0.000468383
      7.8176 -0.000468311
     7.90599 -0.000468367
     7.99538 -0.000468285
     8.08578 -0.000468389
      8.1772  -0.00046829
     8.26966 -0.000468319
     8.36316 -0.000468284
     8.45772 -0.000468324
     8.55334 -0.000468277
     8.65005 -0.000468297
     8.74785 -0.000468254
     8.84676 -0.000468302
     8.94679 -0.000468219
     9.04795  -0.00046828
     9.15025 -0.000468228
      9.2537 -0.000468252
     9.35833 -0.000468213
     9.46414 -0.000468225
     9.57115 -0.000468194
     9.67936 -0.000468213
      9.7888 -0.000468177
     9.89948 -0.000468199
     10.0114 -0.000468141
     10.1246 -0.000468182
     10.2391  -0.00046813
     10.3548 -0.000468158
     10.4719 -0.000468105
     10.5903 -0.000468135
     10.7101 -0.000468088
     10.8312 -0.000468107
     10.9536 -0.000468068
     11.0775 -0.000468078
     11.2027 -0.000468049
     11.3294 -0.000468052
     11.4575 -0.000468015
      11.587 -0.000468028
      11.718 -0.000467993
     11.8505 -0.000468002
     11.9845 -0.000467951
       12.12 -0.000467981
      12.257  -0.00046793
     12.3956 -0.000467941
     12.5358 -0.000467898
     12.6775 -0.000467913
     12.8209 -0.000467869
     12.9658 -0.000467873
     13.1124 -0.000467838
     13.2607 -0.000467838
     13.4106 -0.000467802
     13.5622   -0.0004678
     13.7156 -0.000467766
     13.8707 -0.000467765
     14.0275 -0.000467722
     14.1861 -0.000467729
     14.3465 -0.000467683
     14.5087 -0.000467681
     14.6727 -0.000467645
     14.8386 -0.000467638
     15.0064 -0.000467597
     15.1761 -0.000467594
     15.3477 -0.000467552
     15.5212 -0.000467545
     15.6967 -0.000467503
     15.8742 -0.000467496
     16.0536 -0.000467453
     16.2351 -0.000467442
     16.4187   -0.0004674
     16.6043 -0.000467386
     16.7921 -0.000467346
     16.9819 -0.000467329
      17.174 -0.000467288
     17.3681 -0.000467269
     17.5645 -0.000467226
     17.7631 -0.000467206
     17.9639 -0.000467165
      18.167 -0.000467138
     18.3725 -0.000467099
     18.5802 -0.000467072
     18.7903 -0.000467025
     19.0027 -0.000467004
     19.2176 -0.000466951
     19.4349 -0.000466927
     19.6546 -0.000466879
     19.8768 -0.000466846
     20.1016   -0.0004668
     20.3288 -0.000466765
     20.5587 -0.000466715
     20.7911 -0.000466681
     21.0262 -0.000466627
     21.2639 -0.000466592
     21.5044 -0.000466536
     21.7475 -0.000466497
     21.9934 -0.000466441
     22.2421 -0.000466398
     22.4935 -0.000466343
     22.7479 -0.000466296
     23.0051 -0.000466237
     23.2652 -0.000466189
     23.5282 -0.000466128
     23.7942 -0.000466078
     24.0633 -0.000466013
     24.3353 -0.000465961
     24.6105 -0.000465894
     24.8888 -0.000465838
     25.1702 -0.000465768
     25.4547  -0.00046571
     25.7425 -0.000465638
     26.0336 -0.000465576
      26.328 -0.000465501
     26.6256 -0.000465436
     26.9267 -0.000465358
     27.2311 -0.000465289
      27.539 -0.000465208
     27.8504 -0.000465136
     28.1653 -0.000465052
     28.4837 -0.000464976
     28.8058 -0.000464888
     29.1315 -0.000464808
     29.4609 -0.000464717
      29.794 -0.000464633
     30.1308 -0.000464538
     30.4715 -0.000464449
      30.816  -0.00046435
     31.1644 -0.000464257
     31.5168 -0.000464154
     31.8731 -0.000464057
     32.2335 -0.000463949
      32.598 -0.000463847
     32.9665 -0.000463735
     33.3393 -0.000463628
     33.7162 -0.000463511
     34.0974 -0.000463398
      34.483 -0.000463276
     34.8729 -0.000463158
     35.2671 -0.000463031
     35.6659 -0.000462907
     36.0691 -0.000462775
      36.477 -0.000462645
     36.8894 -0.000462506
     37.3065 -0.000462371
     37.7283 -0.000462226
     38.1549 -0.000462083
     38.5863 -0.000461932
     39.0225 -0.000461783
     39.4638 -0.000461625
       39.91 -0.000461469
     40.3612 -0.000461305
     40.8175 -0.000461141
      41.279 -0.000460969
     41.7458 -0.000460798
     42.2178 -0.000460618
     42.6951 -0.000460439
     43.1778 -0.000460251
      43.666 -0.000460063
     44.1597 -0.000459867
      44.659 -0.000459671
      45.164 -0.000459466
     45.6746  -0.00045926
      46.191 -0.000459046
     46.7133 -0.000458831
     47.2415 -0.000458607
     47.7756 -0.000458382
     48.3158 -0.000458148
     48.8621 -0.000457912
     49.4145 -0.000457668
     49.9732 -0.000457421
     50.5383 -0.000457166
     51.1097 -0.000456908
     51.6875 -0.000456641
      52.272 -0.000456371
      52.863 -0.000456092
     53.4607  -0.00045581
     54.0651 -0.000455518
     54.6764 -0.000455223
     55.2946 -0.000454918
     55.9198 -0.000454609
     56.5521  -0.00045429
     57.1915 -0.000453967
     57.8381 -0.000453634
      58.492 -0.000453296
     59.1534 -0.000452948
     59.8222 -0.000452595
     60.4986 -0.000452231
     61.1826 -0.000451861
     61.8744 -0.000451481
      62.574 -0.000451095
     63.2815 -0.000450697
      63.997 -0.000450293
     64.7205 -0.000449877
     65.4523 -0.000449455
     66.1923  -0.00044902
     66.9408 -0.000448578
     67.6976 -0.000448124
      68.463 -0.000447662
     69.2371 -0.000447188
       70.02 -0.000446705
     70.8116 -0.000446209
     71.6123 -0.000445704
      72.422 -0.000445185
     73.2408 -0.000444657
     74.0689 -0.000444116
     74.9064 -0.000443564
     75.7533 -0.000442997
     76.6098  -0.00044242
      77.476 -0.000441828
      78.352 -0.000441225
     79.2379 -0.000440607
     80.1338 -0.000439976
     81.0398  -0.00043933
     81.9561 -0.000438671
     82.8827 -0.000437995
     83.8198 -0.000437306
     84.7676   -0.0004366
      85.726  -0.00043588
     86.6952 -0.000435143
     87.6755  -0.00043439
     88.6668  -0.00043362
     89.6693 -0.000432833
     90.6831 -0.000432028
     91.7084 -0.000431206
     92.7454 -0.000430365
      93.794 -0.000429506
     94.8545 -0.000428627
     95.9269  -0.00042773
     97.0115 -0.000426811
     98.1084 -0.000425874
     99.2177 -0.000424914
