  0.00099205     -1.76315
  0.00100327     -1.91118
  0.00101461     -1.93054
  0.00102608     -2.08439
  0.00103768     -2.11269
  0.00104942     -2.27405
  0.00106128      -2.3114
  0.00107328     -2.48084
  0.00108542     -2.52867
  0.00109769     -2.70631
   0.0011101     -2.76599
  0.00112265     -2.95234
  0.00113534     -3.02485
  0.00114818      -3.2212
  0.00116116     -3.30693
  0.00117429     -3.51482
  0.00118757     -3.61473
    0.001201     -3.83505
  0.00121457     -3.95058
  0.00122831     -4.18447
  0.00124219     -4.31684
  0.00125624     -4.56576
  0.00127044     -4.71607
  0.00128481     -4.98184
  0.00129933     -5.15141
  0.00131403     -5.43541
  0.00132888     -5.62622
  0.00134391     -5.92995
   0.0013591     -6.14375
  0.00137447     -6.46916
  0.00139001     -6.70781
  0.00140573     -7.05689
  0.00142162     -7.32252
  0.00143769     -7.69742
  0.00145395     -7.99222
  0.00147039     -8.39543
  0.00148701      -8.7217
  0.00150383     -9.15584
  0.00152083     -9.51625
  0.00153802     -9.98401
  0.00155541     -10.3815
    0.001573     -10.8858
  0.00159079     -11.3234
  0.00160877     -11.8676
  0.00162696     -12.3487
  0.00164536     -12.9362
  0.00166396     -13.4643
  0.00168277      -14.099
   0.0017018      -14.678
  0.00172104      -15.364
   0.0017405     -15.9981
  0.00176018     -16.7398
  0.00178008     -17.4334
  0.00180021     -18.2356
  0.00182056     -18.9937
  0.00184115     -19.8614
  0.00186196     -20.6893
  0.00188301      -21.628
  0.00190431     -22.5314
  0.00192584     -23.5469
  0.00194761     -24.5318
  0.00196963     -25.6306
   0.0019919     -26.7035
  0.00201442     -27.8924
   0.0020372     -29.0604
  0.00206023     -30.3466
  0.00208353     -31.6172
  0.00210708     -33.0085
  0.00213091     -34.3897
    0.002155     -35.8945
  0.00217937      -37.395
  0.00220401     -39.0222
  0.00222893     -40.6511
  0.00225413     -42.4102
  0.00227962     -44.1773
  0.00230539     -46.0786
  0.00233146     -47.9943
  0.00235782     -50.0484
  0.00238448     -52.1238
  0.00241144     -54.3423
   0.0024387     -56.5892
  0.00246627     -58.9841
  0.00249416      -61.415
  0.00252236     -63.9992
  0.00255088     -66.6273
  0.00257972     -69.4145
  0.00260889     -72.2536
  0.00263838      -75.258
  0.00266822     -78.3229
  0.00269838     -81.5596
  0.00272889     -84.8655
  0.00275975     -88.3503
  0.00279095     -91.9136
  0.00282251      -95.663
  0.00285442     -99.5004
  0.00288669     -103.532
  0.00291933     -107.661
  0.00295234     -111.992
  0.00298572     -116.431
  0.00301948      -121.08
  0.00305362     -125.848
  0.00308814     -130.834
  0.00312306      -135.95
  0.00315837     -141.294
  0.00319408     -146.778
  0.00323019     -152.499
  0.00326672     -158.372
  0.00330365     -164.491
  0.00334101     -170.772
  0.00337878     -177.309
  0.00341698      -184.02
  0.00345562     -190.996
  0.00349469     -198.157
   0.0035342     -205.593
  0.00357416     -213.225
  0.00361457     -221.141
  0.00365544     -229.264
  0.00369677      -237.68
  0.00373857     -246.313
  0.00378084     -255.247
  0.00382359     -264.408
  0.00386682      -273.88
  0.00391054     -283.587
  0.00395475     -293.611
  0.00399947     -303.879
  0.00404469     -314.471
  0.00409042     -325.314
  0.00413667     -336.485
  0.00418344     -347.914
  0.00423074     -359.675
  0.00427857     -371.697
  0.00432695     -384.054
  0.00437587     -396.674
  0.00442535      -409.63
  0.00447538      -422.85
  0.00452598     -436.402
  0.00457716     -450.217
  0.00462891      -464.36
  0.00468125      -478.76
  0.00473418     -493.482
   0.0047877     -508.454
  0.00484183     -523.736
  0.00489658     -539.256
  0.00495194     -555.074
  0.00500793     -571.115
  0.00506455     -587.435
  0.00512182     -603.959
  0.00517973     -620.741
  0.00523829     -637.704
  0.00529752     -654.898
  0.00535741     -672.245
  0.00541799      -689.79
  0.00547925     -707.457
   0.0055412     -725.285
  0.00560385     -743.196
  0.00566721     -761.226
  0.00573129     -779.295
  0.00579609     -797.436
  0.00586162     -815.566
   0.0059279     -833.714
  0.00599492     -851.795
   0.0060627     -869.835
  0.00613125     -887.746
  0.00620057     -905.551
  0.00627068     -923.159
  0.00634158     -940.589
  0.00641328     -957.749
  0.00648579     -974.653
  0.00655912     -991.207
  0.00663329     -1007.42
  0.00670829      -1023.2
  0.00678413     -1038.56
  0.00686084     -1053.39
  0.00693841      -1067.7
  0.00701686     -1081.39
   0.0070962     -1094.46
  0.00717643     -1106.81
  0.00725757     -1118.44
  0.00733963     -1129.25
  0.00742261     -1139.24
  0.00750654      -1148.3
  0.00759141     -1156.44
  0.00767724     -1163.53
  0.00776405     -1169.59
  0.00785183     -1174.51
  0.00794061     -1178.28
  0.00803039     -1180.81
  0.00812118     -1182.08
  0.00821301     -1181.99
  0.00830587     -1180.54
  0.00839978     -1177.64
  0.00849475     -1173.27
   0.0085908     -1167.34
  0.00868793     -1159.85
  0.00878616      -1150.7
   0.0088855      -1139.9
  0.00898596     -1127.35
  0.00908756     -1113.06
  0.00919031     -1096.94
  0.00929422     -1079.01
  0.00939931     -1059.18
  0.00950558     -1037.46
  0.00961306     -1013.78
  0.00972175      -988.17
  0.00983167     -960.556
  0.00994283     -930.967
   0.0100552     -899.351
   0.0101689     -865.746
   0.0102839     -830.113
   0.0104002       -792.5
   0.0105178     -752.884
   0.0106367     -711.332
    0.010757     -667.839
   0.0108786     -622.491
   0.0110016     -575.306
    0.011126     -526.394
   0.0112518     -475.803
    0.011379     -423.671
   0.0115076     -370.078
   0.0116378     -315.197
   0.0117693     -259.145
   0.0119024     -202.137
    0.012037     -144.332
   0.0121731      -85.988
   0.0123107     -27.3136
   0.0124499       31.386
   0.0125907      89.8523
    0.012733       147.73
    0.012877      204.709
   0.0130226      260.387
   0.0131698      314.405
   0.0133187      366.316
   0.0134693      415.723
   0.0136216      462.145
   0.0137756      505.156
   0.0139314      544.257
   0.0140889      579.017
   0.0142482      608.942
   0.0144093      633.617
   0.0145722      652.584
    0.014737      665.481
   0.0149036      671.919
   0.0150721      671.627
   0.0152425      664.326
   0.0154149      649.879
   0.0155892      628.163
   0.0157654      599.212
   0.0159437        563.1
   0.0161239      520.075
   0.0163062      470.437
   0.0164906      414.677
   0.0166771      353.346
   0.0168656      287.187
   0.0170563      217.002
   0.0172492      143.777
   0.0174442      68.5429
   0.0176414     -7.50866
   0.0178409     -83.1701
   0.0180426     -157.113
   0.0182466     -228.035
   0.0184529     -294.568
   0.0186615     -355.425
   0.0188725     -409.318
   0.0190859     -455.106
   0.0193017     -491.717
     0.01952     -518.294
   0.0197407     -534.113
   0.0199639      -538.73
   0.0201896     -531.885
   0.0204178     -513.643
   0.0206487     -484.284
   0.0208822     -444.432
   0.0211183     -394.927
    0.021357     -336.936
   0.0215985     -271.812
   0.0218427     -201.178
   0.0220897     -126.777
   0.0223394     -50.5399
    0.022592      25.5833
   0.0228475      99.5605
   0.0231058      169.452
    0.023367      233.356
   0.0236312      289.573
   0.0238984      336.552
   0.0241686      373.042
   0.0244419      398.024
   0.0247183       410.85
   0.0249977      411.155
   0.0252804      398.975
   0.0255662      374.646
   0.0258553      338.906
   0.0261476       292.77
   0.0264432      237.625
   0.0267422      175.096
   0.0270446      107.123
   0.0273504      35.8219
   0.0276596     -36.4493
   0.0279723     -107.247
   0.0282886     -173.989
   0.0286085      -234.13
   0.0289319     -285.141
    0.029259     -324.705
   0.0295899      -350.73
   0.0299244     -361.571
   0.0302628     -356.062
   0.0306049      -333.75
    0.030951     -294.908
   0.0313009     -240.736
   0.0316548     -173.316
   0.0320127      -95.712
   0.0323747     -11.7989
   0.0327407      73.7775
   0.0331109      155.938
   0.0334853       229.37
   0.0338639      289.006
   0.0342467      330.325
    0.034634      349.882
   0.0350256      345.573
   0.0354216      317.051
   0.0358221      265.787
   0.0362271      195.206
   0.0366367      110.409
   0.0370509      17.9391
   0.0374698     -74.8389
   0.0378935     -160.269
   0.0383219     -231.216
   0.0387552     -281.646
   0.0391934     -307.344
   0.0396366     -306.248
   0.0400847     -278.782
   0.0405379     -227.726
   0.0409963     -158.052
   0.0414598     -76.3332
   0.0419286      9.79324
   0.0424026      92.4534
   0.0428821      164.148
   0.0433669      218.511
   0.0438572      250.724
   0.0443531      258.007
   0.0448546      239.732
   0.0453617      197.614
   0.0458746       135.55
   0.0463933      59.5414
   0.0469178      -22.768
   0.0474483     -102.523
   0.0479848     -170.538
   0.0485273      -218.18
    0.049076     -238.648
   0.0496309     -228.052
   0.0501921     -186.544
   0.0507596     -118.763
   0.0513335     -33.8208
   0.0519139       55.794
   0.0525008      135.926
   0.0530944      193.297
   0.0536948      217.983
   0.0543019       205.71
   0.0549158       158.93
   0.0555367      86.7308
   0.0561647      3.03565
   0.0567997     -76.1471
   0.0574419     -136.233
   0.0580914     -167.021
   0.0587482     -164.794
   0.0594124     -132.604
   0.0600842     -79.1897
   0.0607635     -16.4982
   0.0614505      42.9752
   0.0621453      88.7603
    0.062848      113.891
   0.0635586      115.673
   0.0642772      95.4545
   0.0650039       58.242
   0.0657389      11.8502
   0.0664822     -33.9844
   0.0672339     -69.2835
    0.067994     -85.8896
   0.0687628     -80.0651
   0.0695403     -54.1862
   0.0703266     -16.9193
   0.0711217      19.3459
   0.0719258      42.8466
   0.0727391       47.412
   0.0735615      35.1108
   0.0743932      15.3229
   0.0752344    -0.283706
    0.076085      -4.0313
   0.0769453       3.2423
   0.0778152       12.828
   0.0786951      13.5468
   0.0795848    -0.548821
   0.0804847     -25.4513
   0.0813947     -48.2732
   0.0823149     -54.4418
   0.0832456     -36.3078
   0.0841869      1.59174
   0.0851387       44.313
   0.0861014      73.4912
   0.0870749      75.8183
   0.0880594      48.1827
    0.089055     -1.24761
   0.0900619     -55.4953
   0.0910802     -92.9514
     0.09211     -94.3467
   0.0931515     -52.0507
   0.0942047      21.1136
   0.0952698      91.8779
    0.096347       120.53
   0.0974363      85.4592
    0.098538      1.63102
   0.0996521     -83.3641
    0.100779     -118.569
    0.101918     -84.3314
    0.103071     -6.03076
    0.104236      65.4258
    0.105415      89.7752
    0.106606      61.8603
    0.107812      7.50608
    0.109031     -39.0036
    0.110264     -55.7829
     0.11151       -40.58
    0.112771     -8.15481
    0.114046      18.9291
    0.115336      24.8259
     0.11664      14.0665
    0.117958      6.81831
    0.119292      13.6609
    0.120641      17.3205
    0.122005     -6.41627
    0.123384     -47.3841
    0.124779     -57.7929
     0.12619     -8.51388
    0.127617      62.1529
     0.12906      80.4868
    0.130519      22.6727
    0.131995     -54.6404
    0.133487     -77.4996
    0.134996     -31.6785
    0.136523      33.7928
    0.138066      61.1299
    0.139627      32.9838
    0.141206     -17.2844
    0.142803     -37.8216
    0.144417     -17.0088
     0.14605      3.18618
    0.147702     -3.34179
    0.149372   -0.0650006
     0.15106      34.1504
    0.152768      39.4966
    0.154496     -22.6364
    0.156242     -69.6931
    0.158009     -21.9854
    0.159796      53.0967
    0.161602      50.0811
    0.163429     -8.58374
    0.165277     -36.6525
    0.167146     -18.8327
    0.169036      3.07323
    0.170947      8.34354
     0.17288      13.8785
    0.174835      24.7907
    0.176811     -1.11849
     0.17881     -51.0333
    0.180832     -23.1438
    0.182877      53.5198
    0.184944      31.3152
    0.187035     -32.4652
     0.18915     -13.5504
    0.191289    -0.227417
    0.193452     -15.7398
    0.195639      27.9541
    0.197851       33.297
    0.200088     -34.6551
     0.20235     -32.6061
    0.204638      19.3981
    0.206952      21.4796
    0.209292      2.24335
    0.211658     -4.09471
    0.214051     -21.0525
    0.216471     -14.4877
    0.218919      41.5367
    0.221394      8.10287
    0.223897     -35.0264
    0.226429      7.52863
    0.228989     -12.0906
    0.231578      26.4871
    0.234196      15.8006
    0.236844     -49.6124
    0.239522      22.4126
     0.24223     -6.57163
    0.244969      26.0212
    0.247739     -11.1924
     0.25054     -30.4611
    0.253373      28.8746
    0.256238     -5.50732
    0.259135      19.9464
    0.262065     -40.5997
    0.265028      19.7619
    0.268024      3.11657
    0.271055      12.5025
    0.274119      -26.415
    0.277219      5.03842
    0.280353      11.9108
    0.283523      5.18486
    0.286729     -18.9171
     0.28997       1.3704
    0.293249      14.1584
    0.296565     0.097934
    0.299918     -15.8159
    0.303309      4.07543
    0.306738      13.1178
    0.310206     -5.68547
    0.313714     -12.0194
    0.317261      9.28808
    0.320848      8.24403
    0.324475     -11.1048
    0.328144     -4.37024
    0.331854      12.5306
    0.335606      -1.1224
    0.339401     -11.2868
    0.343238      6.03364
    0.347119      7.94463
    0.351044     -9.94702
    0.355013     -2.10813
    0.359027      10.5513
    0.363086     -4.19384
    0.367192     -7.47953
    0.371343      8.84344
    0.375542      1.01979
    0.379788     -9.09018
    0.384082      5.55206
    0.388425      4.32952
    0.392816     -8.74702
    0.397258      2.92264
    0.401749      5.65772
    0.406292     -7.72407
    0.410886      1.41007
    0.415531      5.81332
    0.420229     -6.97866
    0.424981      1.10856
    0.429786      5.15427
    0.434645     -6.56662
     0.43956      1.67672
     0.44453      3.90758
    0.449556     -6.30096
    0.454639      2.87937
    0.459779       1.9226
    0.464977     -5.60427
    0.470235      4.05172
    0.475551    -0.692853
    0.480928     -3.95585
    0.486366      4.35797
    0.491865     -3.39279
    0.497426     -1.21214
     0.50305      2.79859
    0.508738     -4.79944
     0.51449      1.57424
    0.520307    -0.572971
     0.52619      -3.6845
     0.53214       2.3128
    0.538156     -3.86843
    0.544241     -0.69072
    0.550394     -0.27032
    0.556617     -4.17264
    0.562911     0.866218
    0.569275     -3.76464
    0.575712     -1.51266
    0.582221     -1.31372
    0.588804     -3.88732
    0.595462    -0.234552
    0.602194     -3.89878
    0.609003     -1.10313
    0.615889     -2.21849
    0.622852     -2.24708
    0.629894    -0.469946
    0.637016     -2.12247
    0.644219     0.747002
    0.651503    -0.439124
    0.658869      1.97219
    0.666318      2.44662
    0.673852       4.1601
    0.681471      6.31317
    0.689176      8.08276
    0.696968      11.4922
    0.704849      14.1885
    0.712818      18.3991
    0.720878      22.2582
    0.729028      26.5819
    0.737271      30.3765
    0.745607      32.6563
    0.754037       32.463
    0.762563       27.602
    0.771185      16.3149
    0.779904     -2.56988
    0.788722     -30.1387
     0.79764     -60.4315
    0.806658     -87.9117
    0.815779     -88.3924
    0.825003       -49.93
     0.83433      79.4671
    0.843764      116.917
    0.853304     -9.94465
    0.862952     -69.3247
    0.872709     -73.1434
    0.882576     -49.4501
    0.892555     -19.7623
    0.902647      5.21438
    0.912852      20.2369
    0.923174      26.9382
    0.933612       26.868
    0.944167      23.5709
    0.954843      18.5235
    0.965639      13.6626
    0.976557      9.21596
    0.987598      5.83031
    0.998764      3.14982
     1.01006       1.3276
     1.02148   -0.0190208
     1.03303    -0.820295
     1.04471     -1.36883
     1.05652     -1.59819
     1.06846     -1.70142
     1.08054     -1.62752
     1.09276     -1.50635
     1.10512     -1.30349
     1.11761     -1.11426
     1.13025    -0.898088
     1.14303    -0.717441
     1.15595    -0.542223
     1.16902     -0.41697
     1.18224    -0.296733
     1.19561    -0.213892
     1.20912    -0.145314
      1.2228    -0.103418
     1.23662   -0.0665324
      1.2506    -0.044414
     1.26474   -0.0247995
     1.27904   -0.0215252
      1.2935  -0.00803212
     1.30813  -0.00759194
     1.32292   -0.0027333
     1.33788  -0.00380303
       1.353  0.000147998
      1.3683 -0.000870977
     1.38377 -0.000449752
     1.39942  -0.00120654
     1.41524   0.00189214
     1.43124  -0.00227813
     1.44742  0.000861445
     1.46379  0.000355015
     1.48034  0.000126069
     1.49708 -0.000816791
       1.514  0.000200633
     1.53112  0.000744358
     1.54843  -0.00127355
     1.56594  0.000842112
     1.58365  0.000765476
     1.60155  -0.00174266
     1.61966   0.00147504
     1.63797  -0.00116469
     1.65649  0.000764951
     1.67522 -5.08483e-05
     1.69416 -0.000786516
     1.71332   0.00145715
     1.73269  -0.00145926
     1.75228  0.000723384
     1.77209  0.000329715
     1.79213  -0.00118763
     1.81239   0.00145747
     1.83288  -0.00102364
     1.85361  0.000431504
     1.87457 -0.000310207
     1.89576  0.000444339
     1.91719 -0.000431625
     1.93887  0.000464013
     1.96079 -0.000488316
     1.98296  0.000368796
     2.00538  -0.00012192
     2.02806 -8.88431e-05
     2.05099  0.000269351
     2.07418 -0.000423784
     2.09763  0.000433279
     2.12135 -0.000421053
     2.14533  0.000335114
     2.16959 -0.000389894
     2.19412  0.000333742
     2.21893    -0.000114
     2.24401 -1.30782e-05
     2.26939  7.96483e-05
     2.29505  0.000139681
     2.32099 -0.000300735
     2.34724  0.000315408
     2.37378 -0.000320252
     2.40061  0.000188246
     2.42776 -0.000122367
     2.45521  0.000286452
     2.48297 -0.000381037
     2.51104  0.000299732
     2.53943 -0.000296614
     2.56814  0.000208264
     2.59718 -0.000143876
     2.62655  0.000120912
     2.65624 -5.23472e-05
     2.68628  0.000156534
     2.71665 -0.000117303
     2.74736 -8.48837e-06
     2.77843 -3.23403e-05
     2.80984  7.96593e-05
     2.84161 -9.85418e-05
     2.87374  7.50522e-05
     2.90623 -7.74767e-05
     2.93909  0.000120792
     2.97232 -0.000123483
     3.00593  6.81692e-05
     3.03992  -1.7074e-05
     3.07429  1.25742e-05
     3.10905 -3.31973e-05
      3.1442  4.29817e-05
     3.17975  8.61884e-06
      3.2157 -4.43637e-05
     3.25206  6.72524e-05
     3.28883 -6.81295e-05
     3.32601  1.17421e-05
     3.36362 -2.96307e-06
     3.40165 -1.35885e-05
     3.44011  3.09816e-05
     3.47901 -6.06883e-06
     3.51834  5.66496e-06
     3.55812  1.13791e-06
     3.59835  3.27804e-05
     3.63904 -8.91107e-05
     3.68018  6.74215e-05
     3.72179 -6.53615e-05
     3.76387  7.94094e-05
     3.80643 -1.20835e-05
     3.84947 -2.78265e-06
     3.89299 -4.91565e-05
     3.93701  1.53281e-05
     3.98152  3.97414e-06
     4.02654  1.93578e-05
     4.07206  1.46177e-05
     4.11811 -7.42302e-06
     4.16467  6.05859e-06
     4.21175 -5.28207e-05
     4.25938  1.63761e-05
     4.30753 -1.73171e-06
     4.35624  3.84549e-05
     4.40549 -7.61399e-06
      4.4553 -2.53334e-05
     4.50568  2.38897e-05
     4.55662  -1.6898e-05
     4.60814  3.07536e-05
     4.66024 -4.25466e-05
     4.71293  6.10397e-06
     4.76622 -3.57413e-06
     4.82011    1.876e-05
     4.87461  2.32025e-06
     4.92972  2.00965e-06
     4.98546  4.22664e-06
     5.04183 -1.81328e-05
     5.09883 -8.91181e-06
     5.15648  1.11302e-05
     5.21479  8.80415e-06
     5.27375  1.23331e-06
     5.33338 -8.99168e-06
     5.39368 -7.49002e-06
     5.45466  7.57982e-06
     5.51633  1.35203e-05
     5.57871 -6.96968e-06
     5.64178 -9.22796e-06
     5.70557 -4.48747e-06
     5.77008  7.70992e-06
     5.83532  1.70393e-05
      5.9013 -1.82113e-05
     5.96802 -1.21385e-05
      6.0355   1.8741e-05
     6.10374  6.86551e-06
     6.17275 -1.73584e-05
     6.24254  2.95515e-06
     6.31312  1.36802e-05
      6.3845 -1.26284e-05
     6.45669  -7.1184e-06
     6.52969   9.4877e-06
     6.60352  9.28412e-06
     6.67818 -8.84295e-06
     6.75369 -8.63432e-06
     6.83005  1.43719e-05
     6.90728 -6.15068e-06
     6.98537  3.07179e-07
     7.06435 -1.20042e-06
     7.14423  -6.7593e-06
       7.225  1.07557e-05
     7.30669  1.09765e-05
     7.38931 -2.42423e-05
     7.47285  6.59328e-06
     7.55735   9.1537e-06
     7.64279 -1.20829e-05
     7.72921  1.45501e-05
      7.8166 -1.07095e-05
     7.90498  6.73208e-07
     7.99435   3.9609e-06
     8.08474  4.60194e-07
     8.17615 -1.09665e-05
      8.2686  1.78441e-05
     8.36209  -1.3243e-05
     8.45663  2.95332e-06
     8.55225  4.54406e-06
     8.64894 -7.89877e-06
     8.74673  1.20394e-05
     8.84563 -1.99961e-05
     8.94564  2.17495e-05
     9.04679 -9.79828e-06
     9.14907 -2.25876e-06
     9.25252   1.9245e-06
     9.35713  2.50957e-06
     9.46293 -9.30321e-07
     9.56992 -4.03632e-06
     9.67812  6.47589e-06
     9.78755  -4.7651e-06
     9.89821  1.25518e-06
     10.0101  2.20899e-07
     10.1233  1.00309e-06
     10.2378 -2.57002e-06
     10.3535  3.16445e-06
     10.4706 -2.13227e-06
      10.589 -6.92467e-07
     10.7087  3.37369e-06
     10.8298 -4.50097e-06
     10.9522  5.02871e-06
     11.0761 -5.14017e-06
     11.2013  3.73856e-06
     11.3279 -1.62358e-06
      11.456  6.21997e-07
     11.5855 -5.37724e-07
     11.7165  1.43294e-07
      11.849  5.56438e-07
      11.983 -9.17602e-07
     12.1185  7.96765e-07
     12.2555 -2.57637e-07
      12.394 -2.47165e-07
     12.5342 -2.32713e-07
     12.6759   1.7911e-06
     12.8192 -3.17275e-06
     12.9642  3.35551e-06
     13.1107 -2.62565e-06
      13.259  1.71289e-06
     13.4089 -9.75482e-07
     13.5605  5.60835e-07
     13.7138 -4.81912e-07
     13.8689  5.11096e-07
     14.0257 -3.43869e-07
     14.1843 -7.06358e-08
     14.3446  5.42077e-07
     14.5068 -9.55988e-07
     14.6709  1.27836e-06
     14.8367 -1.34088e-06
     15.0045  9.46804e-07
     15.1741 -2.35875e-07
     15.3457 -3.34143e-07
     15.5192  4.84371e-07
     15.6947 -3.41198e-07
     15.8721  1.60618e-07
     16.0516 -6.13995e-08
     16.2331  2.86838e-09
     16.4166  6.13493e-08
     16.6022 -1.14817e-07
     16.7899  1.58518e-07
     16.9798 -2.54664e-07
     17.1718  4.63778e-07
     17.3659 -7.25021e-07
     17.5623  8.57709e-07
     17.7608 -7.34428e-07
     17.9616  4.18172e-07
     18.1647 -1.24533e-07
     18.3701  4.44287e-08
     18.5778 -1.99801e-07
     18.7879  4.34016e-07
     19.0003 -5.46786e-07
     19.2151  4.40948e-07
     19.4324 -1.66338e-07
     19.6521  -1.3402e-07
     19.8743  3.15133e-07
      20.099 -3.17092e-07
     20.3262  1.77018e-07
      20.556  1.46274e-08
     20.7885 -1.72095e-07
     21.0235  2.47558e-07
     21.2612 -2.35248e-07
     21.5016  1.48956e-07
     21.7447 -2.76282e-08
     21.9906 -7.82887e-08
     22.2392   1.4372e-07
     22.4907 -1.75437e-07
     22.7449  1.76831e-07
     23.0021 -1.51451e-07
     23.2622  1.08075e-07
     23.5252 -6.24983e-08
     23.7912  2.69524e-08
     24.0602 -4.00752e-09
     24.3322 -1.46984e-08
     24.6073  2.40895e-08
     24.8856 -2.15995e-08
     25.1669  1.37304e-08
     25.4515 -1.07148e-08
     25.7393  1.08349e-08
     26.0303 -1.20539e-08
     26.3246  8.09034e-09
     26.6222  -1.3892e-09
     26.9232 -4.13361e-09
     27.2276  3.28732e-09
     27.5355 -1.68594e-09
     27.8468 -6.10576e-10
     28.1617 -1.48385e-10
     28.4801   1.2694e-09
     28.8021 -4.25433e-09
     29.1277  4.47469e-09
     29.4571 -4.58915e-09
     29.7901  2.12662e-09
      30.127 -1.23588e-09
     30.4676 -1.43255e-09
     30.8121  8.40336e-10
     31.1604 -7.04993e-10
     31.5128 -1.75328e-09
     31.8691  1.88547e-09
     32.2294 -4.69882e-09
     32.5938  4.46373e-09
     32.9623 -5.67964e-09
      33.335  3.57323e-09
     33.7119 -3.97287e-09
     34.0931  1.76882e-09
     34.4786 -2.73762e-09
     34.8684  1.73934e-10
     35.2626 -1.55185e-09
     35.6613  4.22124e-10
     36.0645 -3.06879e-09
     36.4723  1.53261e-09
     36.8847 -3.79138e-09
     37.3017  1.95937e-09
     37.7235  -4.6918e-09
       38.15  2.51509e-09
     38.5813 -4.56368e-09
     39.0175  1.52918e-09
     39.4587 -4.04568e-09
     39.9048  1.24403e-09
      40.356 -4.00571e-09
     40.8123  6.32536e-10
     41.2738 -3.87917e-09
     41.7404  8.36085e-10
     42.2124 -4.29841e-09
     42.6896  2.36257e-10
     43.1723 -3.80014e-09
     43.6604 -2.26016e-10
     44.1541 -4.21873e-09
     44.6533  1.37984e-10
     45.1582 -4.70638e-09
     45.6688 -3.51914e-10
     46.1851 -4.56409e-09
     46.7073 -7.36522e-10
     47.2354 -4.66462e-09
     47.7695 -1.05427e-09
     48.3096 -4.97527e-09
     48.8558 -1.45331e-09
     49.4082 -5.08411e-09
     49.9668 -1.53196e-09
     50.5318 -5.91405e-09
     51.1031 -1.62417e-09
     51.6809 -6.05307e-09
     52.2653 -2.32736e-09
     52.8562 -6.19474e-09
     53.4538 -2.80211e-09
     54.0582 -6.63685e-09
     54.6694 -3.16651e-09
     55.2875 -7.15601e-09
     55.9126 -3.53192e-09
     56.5448 -7.80367e-09
     57.1841 -3.99245e-09
     57.8307 -8.14196e-09
     58.4846 -4.84851e-09
     59.1458 -8.62717e-09
     59.8146 -5.35402e-09
     60.4908 -9.43226e-09
     61.1748 -5.98673e-09
     61.8665 -9.98391e-09
      62.566 -6.91838e-09
     63.2734 -1.07224e-08
     63.9888 -7.62914e-09
     64.7123 -1.15881e-08
     65.4439 -8.59498e-09
     66.1839 -1.24054e-08
     66.9322 -9.64694e-09
      67.689 -1.33102e-08
     68.4543 -1.07895e-08
     69.2283 -1.43597e-08
      70.011 -1.19422e-08
     70.8026 -1.55781e-08
     71.6031 -1.32051e-08
     72.4127 -1.68517e-08
     73.2314 -1.46082e-08
     74.0594 -1.82818e-08
     74.8968 -1.61311e-08
     75.7436 -1.97776e-08
        76.6 -1.78749e-08
     77.4661 -2.14057e-08
     78.3419 -1.97006e-08
     79.2277 -2.32931e-08
     80.1235 -2.16323e-08
     81.0294 -2.53493e-08
     81.9456 -2.37956e-08
     82.8721 -2.75337e-08
     83.8091 -2.61955e-08
     84.7567 -2.99303e-08
      85.715 -2.87787e-08
     86.6841 -3.25843e-08
     87.6642 -3.15864e-08
     88.6554 -3.54771e-08
     89.6578 -3.46656e-08
     90.6715 -3.86413e-08
     91.6967 -3.80122e-08
     92.7335 -4.21025e-08
      93.782 -4.16834e-08
     94.8423 -4.58661e-08
     95.9147 -4.56916e-08
     96.9991 -4.99959e-08
     98.0958 -5.00511e-08
      99.205 -5.45064e-08
