  0.00099205      1.97254
  0.00100327       6.4804
  0.00101461      2.43119
  0.00102608      6.80257
  0.00103768      2.92233
  0.00104942      7.16286
  0.00106128       3.4483
  0.00107328      7.56598
  0.00108542      4.01146
  0.00109769      8.01528
   0.0011101       4.6159
  0.00112265      8.51405
  0.00113534      5.26626
  0.00114818      9.06538
  0.00116116      5.96747
  0.00117429      9.67376
  0.00118757       6.7234
    0.001201      10.3446
  0.00121457      7.53904
  0.00122831      11.0826
  0.00124219       8.4202
  0.00125624      11.8931
  0.00127044      9.37309
  0.00128481      12.7818
  0.00129933      10.4037
  0.00131403      13.7561
  0.00132888      11.5185
  0.00134391      14.8224
   0.0013591      12.7255
  0.00137447      15.9884
  0.00139001      14.0326
  0.00140573      17.2621
  0.00142162      15.4483
  0.00143769      18.6525
  0.00145395       16.982
  0.00147039      20.1687
  0.00148701      18.6438
  0.00150383      21.8213
  0.00152083      20.4442
  0.00153802      23.6212
  0.00155541      22.3948
    0.001573      25.5802
  0.00159079       24.508
  0.00160877       27.711
  0.00162696      26.7971
  0.00164536      30.0271
  0.00166396      29.2762
  0.00168277      32.5432
   0.0017018      31.9605
  0.00172104      35.2748
   0.0017405      34.8663
  0.00176018      38.2386
  0.00178008      38.0107
  0.00180021      41.4524
  0.00182056      41.4124
  0.00184115      44.9351
  0.00186196      45.0908
  0.00188301      48.7069
  0.00190431      49.0667
  0.00192584       52.789
  0.00194761      53.3623
  0.00196963       57.204
   0.0019919      58.0008
  0.00201442       61.976
   0.0020372       63.007
  0.00206023        67.13
  0.00208353      68.4066
  0.00210708      72.6926
  0.00213091       74.227
    0.002155      78.6917
  0.00217937      80.4967
  0.00220401      85.1563
  0.00222893      87.2455
  0.00225413      92.1167
  0.00227962      94.5044
  0.00230539      99.6046
  0.00233146      102.305
  0.00235782      107.652
  0.00238448      110.682
  0.00241144      116.294
   0.0024387      119.668
  0.00246627      125.563
  0.00249416      129.298
  0.00252236      135.496
  0.00255088      139.608
  0.00257972      146.127
  0.00260889      150.633
  0.00263838      157.492
  0.00266822      162.408
  0.00269838      169.626
  0.00272889       174.97
  0.00275975      182.565
  0.00279095      188.352
  0.00282251      196.342
  0.00285442      202.587
  0.00288669      210.989
  0.00291933      217.706
  0.00295234      226.536
  0.00298572      233.739
  0.00301948       243.01
  0.00305362       250.71
  0.00308814      260.434
  0.00312306      268.641
  0.00315837      278.828
  0.00319408      287.548
  0.00323019      298.204
  0.00326672       307.44
  0.00330365      318.568
  0.00334101       328.32
  0.00337878      339.919
  0.00341698      350.183
  0.00345562      362.247
  0.00349469      373.011
   0.0035342      385.529
  0.00357416      396.778
  0.00361457      409.731
  0.00365544      421.442
  0.00369677      434.806
  0.00373857      446.948
  0.00378084      460.688
  0.00382359      473.222
  0.00386682      487.296
  0.00391054      500.173
  0.00395475      514.528
  0.00399947      527.689
  0.00404469       542.26
  0.00409042      555.634
  0.00413667      570.346
  0.00418344      583.848
  0.00423074      598.611
  0.00427857      612.145
  0.00432695      626.856
  0.00437587       640.31
  0.00442535       654.85
  0.00447538      668.097
  0.00452598      682.332
  0.00457716      695.229
  0.00462891      709.009
  0.00468125      721.397
  0.00473418      734.557
   0.0047877       746.26
  0.00484183      758.616
  0.00489658      769.444
  0.00495194      780.798
  0.00500793      790.543
  0.00506455      800.681
  0.00512182      809.122
  0.00517973      817.817
  0.00523829      824.719
  0.00529752      831.731
  0.00535741      836.851
  0.00541799      841.932
  0.00547925      845.017
   0.0055412      847.914
  0.00560385      848.708
  0.00566721      849.166
  0.00573129      847.415
  0.00579609      845.183
  0.00586162       840.64
   0.0059279      835.478
  0.00599492       827.91
   0.0060627      819.595
  0.00613125       808.79
  0.00620057      797.125
  0.00627068      782.903
  0.00634158      767.727
  0.00641328      749.946
  0.00648579      731.143
  0.00655912      709.715
  0.00663329      687.226
  0.00670829      662.123
  0.00678413      635.955
  0.00686084      607.223
  0.00693841      577.464
  0.00701686      545.235
   0.0070962      512.065
  0.00717643      476.566
  0.00725757      440.264
  0.00733963      401.828
  0.00742261      362.785
  0.00750654      321.861
  0.00759141      280.582
  0.00767724      237.737
  0.00776405      194.853
  0.00785183      150.774
  0.00794061      107.033
  0.00803039      62.5302
  0.00812118      18.7974
  0.00821301     -25.2119
  0.00830587     -67.9665
  0.00839978     -110.466
  0.00849475     -151.186
   0.0085908     -191.085
  0.00868793     -228.652
  0.00878616     -264.814
   0.0088855     -298.082
  0.00898596     -329.362
  0.00908756     -357.199
  0.00919031     -382.492
  0.00929422     -403.829
  0.00939931      -422.12
  0.00950558     -436.011
  0.00961306     -446.437
  0.00972175     -452.118
  0.00983167     -454.032
  0.00994283     -450.989
   0.0100552     -444.024
   0.0101689     -432.055
   0.0102839     -416.189
   0.0104002     -395.464
   0.0105178     -371.073
   0.0106367     -342.183
    0.010757     -310.082
   0.0108786     -274.071
   0.0110016     -235.534
    0.011126     -193.907
   0.0112518     -150.665
    0.011379     -105.367
   0.0115076     -59.5684
   0.0116378      -12.929
   0.0117693      32.9379
   0.0119024      78.2997
    0.012037      121.521
   0.0121731      162.834
   0.0123107      200.625
   0.0124499      235.143
   0.0125907      264.845
    0.012733      290.051
    0.012877      309.351
   0.0130226      323.191
   0.0131698      330.351
   0.0133187      331.465
   0.0134693      325.553
   0.0136216      313.487
   0.0137756      294.572
   0.0139314      269.948
   0.0140889      239.227
   0.0142482      203.832
   0.0144093      163.676
   0.0145722      120.446
    0.014737       74.324
   0.0149036      27.2056
   0.0150721     -20.5333
   0.0152425     -66.8742
   0.0154149     -111.354
   0.0155892     -151.956
   0.0157654     -188.265
   0.0159437     -218.412
   0.0161239     -242.188
   0.0163062     -258.029
   0.0164906     -266.082
   0.0166771     -265.235
   0.0168656     -256.124
   0.0170563     -238.195
   0.0172492     -212.657
   0.0174442     -179.563
   0.0176414     -140.697
   0.0178409     -96.6811
   0.0180426     -49.7907
   0.0182466     -1.07648
   0.0184529      46.8817
   0.0186615      92.8389
   0.0188725      134.189
   0.0190859      169.804
   0.0193017      197.386
     0.01952      216.271
   0.0197407       224.81
   0.0199639      223.116
   0.0201896      210.462
   0.0204178      187.954
   0.0206487      155.918
   0.0208822       116.49
   0.0211183      70.9769
    0.021357      22.3565
   0.0215985     -27.3907
   0.0218427     -74.8672
   0.0220897     -117.941
   0.0223394     -153.399
    0.022592     -179.611
   0.0228475     -194.214
   0.0231058     -196.721
    0.023367     -186.184
   0.0236312     -163.699
   0.0238984     -130.008
   0.0241686      -87.862
   0.0244419     -39.5238
   0.0247183      11.0142
   0.0249977      60.6221
   0.0252804      104.943
   0.0255662      141.028
   0.0258553      165.311
   0.0261476      176.201
   0.0264432      172.019
   0.0267422      153.445
   0.0270446      121.316
   0.0273504      78.8406
   0.0276596      29.1822
   0.0279723     -22.5829
   0.0282886     -72.0827
   0.0286085     -113.893
   0.0289319     -144.241
    0.029259     -159.293
   0.0295899     -157.755
   0.0299244     -138.988
   0.0302628     -105.296
   0.0306049     -59.6929
    0.030951     -7.74437
   0.0313009      45.0646
   0.0316548      91.8745
   0.0320127      127.333
   0.0323747      146.263
   0.0327407      146.449
   0.0331109       127.03
   0.0334853      90.7865
   0.0338639      41.9194
   0.0342467     -12.3978
    0.034634     -64.9151
   0.0350256     -107.346
   0.0354216     -133.588
   0.0358221     -138.796
   0.0362271     -122.248
   0.0366367     -85.7303
   0.0370509     -35.3969
   0.0374698      20.9733
   0.0378935       73.256
   0.0383219       112.59
   0.0387552      131.128
   0.0391934      125.504
   0.0396366      95.8443
   0.0400847      47.8958
   0.0405379     -9.66012
   0.0409963     -64.8752
   0.0414598     -106.708
   0.0419286     -125.546
   0.0424026     -117.288
   0.0428821     -82.7462
   0.0433669     -29.6681
   0.0438572      30.4661
   0.0443531      83.0741
   0.0448546      115.664
   0.0453617      119.254
   0.0458746      92.7367
   0.0463933      41.8816
   0.0469178       -19.91
   0.0474483     -76.5447
   0.0479848     -111.733
   0.0485273     -115.419
    0.049076     -85.3516
   0.0496309      -30.089
   0.0501921      34.6314
   0.0507596      88.5181
   0.0513335      114.634
   0.0519139      103.387
   0.0525008      58.0038
   0.0530944     -7.40972
   0.0536948     -70.2521
   0.0543019     -108.596
   0.0549158     -107.479
   0.0555367     -66.6962
   0.0561647     -0.22602
   0.0567997      66.4534
   0.0574419      107.353
   0.0580914      104.782
   0.0587482       59.002
   0.0594124     -12.2556
   0.0600842     -78.4888
   0.0607635     -110.678
   0.0614505     -92.8644
   0.0621453     -32.1939
    0.062848      44.3888
   0.0635586      100.007
   0.0642772      106.985
   0.0650039      59.8769
   0.0657389     -18.3626
   0.0664822     -87.9416
   0.0672339     -110.739
    0.067994      -73.075
   0.0687628      6.30335
   0.0695403      82.8288
   0.0703266      111.895
   0.0711217      74.0272
   0.0719258     -9.53847
   0.0727391     -88.5133
   0.0735615     -111.819
   0.0743932     -62.5654
   0.0752344      29.4628
    0.076085      102.717
   0.0769453      105.806
   0.0778152      33.3916
   0.0786951     -64.4817
   0.0795848     -116.528
   0.0804847     -80.9955
   0.0813947      17.8403
   0.0823149       104.82
   0.0832456      108.762
   0.0841869      23.1989
   0.0851387     -84.0629
   0.0861014     -121.285
   0.0870749      -52.952
   0.0880594      64.8472
    0.089055      126.093
   0.0900619      71.1477
   0.0910802     -53.5311
     0.09211     -129.441
   0.0931515     -78.9437
   0.0942047      53.5081
   0.0952698      134.495
    0.096347      76.0076
   0.0974363      -66.646
    0.098538     -140.546
   0.0996521     -59.2523
    0.100779      93.0292
    0.101918      141.818
    0.103071      23.3329
    0.104236     -128.304
    0.105415     -126.423
    0.106606      35.4615
    0.107812      158.459
    0.109031      77.8841
    0.110264     -110.536
     0.11151     -156.243
    0.112771      14.0098
    0.114046      171.922
    0.115336      88.3188
     0.11664     -129.812
    0.117958     -163.119
    0.119292      51.6624
    0.120641      196.757
    0.122005      36.3504
    0.123384     -191.016
    0.124779      -115.76
     0.12619      157.719
    0.127617      176.296
     0.12906     -110.266
    0.130519      -217.62
    0.131995       60.618
    0.133487      242.915
    0.134996     -16.5057
    0.136523     -258.999
    0.138066     -16.6768
    0.139627      270.968
    0.141206      36.0828
    0.142803     -284.201
    0.144417     -38.9521
     0.14605       299.51
    0.147702      22.5613
    0.149372      -316.29
     0.15106      16.5599
    0.152768      327.293
    0.154496     -80.4629
    0.156242     -322.383
    0.158009      166.704
    0.159796      284.045
    0.161602     -263.809
    0.163429     -197.556
    0.165277      345.903
    0.167146      54.6402
    0.169036     -374.447
    0.170947      125.307
     0.17288      308.905
    0.174835     -292.189
    0.176811     -137.173
     0.17881      365.683
    0.180832     -96.3997
    0.182877     -287.245
    0.184944      282.828
    0.187035       71.209
     0.18915     -311.538
    0.191289      159.625
    0.193452      160.696
    0.195639     -262.177
    0.197851      53.9176
    0.200088       186.91
     0.20235     -189.637
    0.204638      -24.578
    0.206952      191.041
    0.209292     -132.547
    0.211658     -80.1602
    0.214051      208.634
    0.216471     -125.195
    0.218919     -95.0367
    0.221394      236.719
    0.223897     -181.119
    0.226429     -30.0497
    0.228989      211.375
    0.231578     -236.767
    0.234196      89.0709
    0.236844       95.957
    0.239522     -198.224
     0.24223      142.542
    0.244969     -2.03662
    0.247739     -136.256
     0.25054      160.341
    0.253373     -82.8852
    0.256238     -66.9823
    0.259135      173.388
    0.262065     -208.613
    0.265028       129.66
    0.268024     -16.1079
    0.271055     -110.096
    0.274119      154.957
    0.277219     -145.834
    0.280353      51.4277
    0.283523      39.1549
    0.286729     -136.693
     0.28997      158.748
    0.293249     -152.824
    0.296565      75.0784
    0.299918     -4.68542
    0.303309     -86.4453
    0.306738      126.837
    0.310206     -153.222
    0.313714      125.642
    0.317261     -84.1587
    0.320848      22.2549
    0.324475      42.9054
    0.328144     -84.2872
    0.331854      135.755
    0.335606     -123.392
    0.339401      156.167
    0.343238     -85.8895
    0.347119      120.307
    0.351044     -2.51849
    0.355013      66.1879
    0.359027      89.4774
    0.363086      24.9757
    0.367192      165.835
    0.371343      9.94891
    0.375542      217.264
    0.379788      17.1966
    0.384082      240.617
    0.388425      28.2714
    0.392816      225.417
    0.397258      8.16023
    0.401749      143.622
    0.406292     -86.2347
    0.410886     -17.7667
    0.415531     -114.246
    0.420229      407.278
    0.424981     -482.638
    0.429786      367.397
    0.434645      23.0446
     0.43956     -24.8457
     0.44453      32.4607
    0.449556        102.3
    0.454639       112.08
    0.459779      135.713
    0.464977      114.425
    0.470235      113.952
    0.475551      86.0558
    0.480928      78.9434
    0.486366      54.4807
    0.491865       47.442
    0.497426      28.7499
     0.50305      23.7752
    0.508738      10.7221
     0.51449      8.22804
    0.520307    -0.088338
     0.52619    -0.440684
     0.53214     -5.28365
    0.538156     -4.23356
    0.544241     -6.84289
    0.550394     -5.14711
    0.556617     -6.45523
    0.562911     -4.63111
    0.569275     -5.26693
    0.575712     -3.58497
    0.582221     -3.92158
    0.588804     -2.50314
    0.595462     -2.74129
    0.602194     -1.60451
    0.609003     -1.82423
    0.615889    -0.946969
    0.622852     -1.17131
    0.629894    -0.508771
    0.637016    -0.741856
    0.644219    -0.232367
    0.651503    -0.467123
    0.658869   -0.0756264
    0.666318    -0.298403
    0.673852   0.00543756
    0.681471    -0.195443
    0.689176    0.0437466
    0.696968    -0.136594
    0.704849    0.0577976
    0.712818   -0.0993901
    0.720878    0.0594135
    0.729028   -0.0764577
    0.737271    0.0574268
    0.745607   -0.0628623
    0.754037    0.0522338
    0.762563   -0.0537736
    0.771185    0.0472085
    0.779904   -0.0451214
    0.788722    0.0404363
     0.79764   -0.0389102
    0.806658    0.0360212
    0.815779   -0.0333684
    0.825003     0.030999
     0.83433   -0.0292156
    0.843764    0.0272651
    0.853304   -0.0260789
    0.862952    0.0245425
    0.872709   -0.0225371
    0.882576    0.0208619
    0.892555   -0.0203893
    0.902647    0.0192588
    0.912852   -0.0175299
    0.923174    0.0166893
    0.933612   -0.0154651
    0.944167    0.0143537
    0.954843   -0.0141489
    0.965639    0.0131237
    0.976557   -0.0119781
    0.987598    0.0114043
    0.998764   -0.0103617
     1.01006   0.00967181
     1.02148  -0.00965134
     1.03303   0.00965813
     1.04471  -0.00887154
     1.05652   0.00818287
     1.06846  -0.00814329
     1.08054   0.00791349
     1.09276  -0.00745799
     1.10512   0.00678707
     1.11761  -0.00579993
     1.13025   0.00554395
     1.14303   -0.0058924
     1.15595   0.00549127
     1.16902  -0.00510063
     1.18224    0.0046696
     1.19561   -0.0047173
     1.20912   0.00484355
      1.2228  -0.00419758
     1.23662   0.00405904
      1.2506  -0.00410091
     1.26474   0.00381861
     1.27904  -0.00370718
      1.2935   0.00364359
     1.30813  -0.00337089
     1.32292    0.0031252
     1.33788  -0.00287135
       1.353   0.00291126
      1.3683  -0.00284648
     1.38377   0.00237289
     1.39942  -0.00215739
     1.41524   0.00221407
     1.43124  -0.00220902
     1.44742   0.00219655
     1.46379   -0.0020969
     1.48034   0.00204444
     1.49708  -0.00195917
       1.514   0.00183007
     1.53112  -0.00173134
     1.54843   0.00159835
     1.56594  -0.00164694
     1.58365   0.00160076
     1.60155   -0.0014051
     1.61966   0.00120192
     1.63797  -0.00122086
     1.65649   0.00120589
     1.67522  -0.00108984
     1.69416   0.00095727
     1.71332 -0.000839569
     1.73269  0.000895213
     1.75228 -0.000978101
     1.77209   0.00105427
     1.79213  -0.00104161
     1.81239  0.000942903
     1.83288 -0.000782009
     1.85361  0.000775948
     1.87457 -0.000881321
     1.89576  0.000897174
     1.91719 -0.000832067
     1.93887  0.000786196
     1.96079 -0.000697022
     1.98296  0.000628468
     2.00538 -0.000630517
     2.02806  0.000592289
     2.05099 -0.000624161
     2.07418  0.000629383
     2.09763 -0.000618577
     2.12135  0.000571937
     2.14533 -0.000539456
     2.16959  0.000509855
     2.19412 -0.000432712
     2.21893  0.000492912
     2.24401  -0.00050756
     2.26939  0.000466975
     2.29505 -0.000473422
     2.32099  0.000413353
     2.34724 -0.000390108
     2.37378  0.000391926
     2.40061 -0.000401788
     2.42776  0.000377218
     2.45521 -0.000310841
     2.48297  0.000310866
     2.51104 -0.000288594
     2.53943   0.00028009
     2.56814 -0.000238028
     2.59718  0.000222107
     2.62655 -0.000260245
     2.65624  0.000253512
     2.68628 -0.000263416
     2.71665  0.000220018
     2.74736 -0.000215335
     2.77843  0.000226434
     2.80984  -0.00020466
     2.84161  0.000195834
     2.87374 -0.000169356
     2.90623  0.000201056
     2.93909 -0.000190179
     2.97232  0.000170293
     3.00593 -0.000208385
     3.03992  0.000195205
     3.07429 -0.000171364
     3.10905   0.00014131
      3.1442 -0.000122548
     3.17975  0.000144798
      3.2157 -0.000136557
     3.25206  0.000125524
     3.28883 -0.000131483
     3.32601   0.00013007
     3.36362 -0.000139828
     3.40165  0.000132153
     3.44011 -0.000125025
     3.47901  0.000131857
     3.51834 -0.000113809
     3.55812  0.000103934
     3.59835 -0.000110974
     3.63904  0.000105909
     3.68018 -0.000105474
     3.72179  0.000100708
     3.76387 -8.48418e-05
     3.80643  8.38864e-05
     3.84947 -8.24382e-05
     3.89299  8.06098e-05
     3.93701 -8.52592e-05
     3.98152   6.5754e-05
     4.02654 -4.48789e-05
     4.07206  6.61677e-05
     4.11811 -7.81215e-05
     4.16467  6.54587e-05
     4.21175 -8.05965e-05
     4.25938  7.59868e-05
     4.30753 -5.60558e-05
     4.35624  6.34709e-05
     4.40549 -5.68202e-05
      4.4553    4.942e-05
     4.50568 -5.27677e-05
     4.55662   5.0905e-05
     4.60814 -4.96502e-05
     4.66024  5.45872e-05
     4.71293 -5.62956e-05
     4.76622  4.68012e-05
     4.82011 -4.98689e-05
     4.87461  4.62957e-05
     4.92972  -4.0268e-05
     4.98546   5.1167e-05
     5.04183 -3.68064e-05
     5.09883  3.38726e-05
     5.15648 -5.18537e-05
     5.21479  3.84106e-05
     5.27375 -3.14943e-05
     5.33338  3.72305e-05
     5.39368 -3.45091e-05
     5.45466  3.23408e-05
     5.51633 -2.87807e-05
     5.57871  2.94802e-05
     5.64178 -2.30465e-05
     5.70557   2.1889e-05
     5.77008 -2.69186e-05
     5.83532   1.8955e-05
      5.9013 -2.79566e-05
     5.96802  3.00752e-05
      6.0355 -1.46207e-05
     6.10374  2.72635e-05
     6.17275 -3.08934e-05
     6.24254  1.65632e-05
     6.31312 -2.05509e-05
      6.3845  2.22464e-05
     6.45669 -2.26457e-05
     6.52969  2.29384e-05
     6.60352 -1.23776e-05
     6.67818  1.33299e-05
     6.75369 -1.97562e-05
     6.83005  1.89063e-05
     6.90728 -1.95014e-05
     6.98537  1.41849e-05
     7.06435 -8.51474e-06
     7.14423  1.20457e-05
       7.225  -1.4253e-05
     7.30669  1.69757e-05
     7.38931  -1.9877e-05
     7.47285  1.68293e-05
     7.55735 -1.30885e-05
     7.64279  6.94235e-06
     7.72921 -6.11821e-06
      7.8166  1.79571e-05
     7.90498 -2.23818e-05
     7.99435   1.4946e-05
     8.08474  -1.1606e-05
     8.17615  1.38384e-05
      8.2686 -1.50093e-05
     8.36209  9.00961e-06
     8.45663 -4.07782e-07
     8.55225  4.74561e-06
     8.64894 -1.61653e-05
     8.74673  1.56753e-05
     8.84563 -9.42743e-06
     8.94564  9.63654e-06
     9.04679 -1.07291e-05
     9.14907   1.0197e-05
     9.25252 -9.51155e-06
     9.35713  5.04483e-06
     9.46293  -1.7921e-06
     9.56992  4.98363e-06
     9.67812 -7.27116e-06
     9.78755  5.76304e-06
     9.89821 -5.60164e-06
     10.0101   6.4111e-06
     10.1233 -6.15585e-06
     10.2378  6.70157e-06
     10.3535 -7.60779e-06
     10.4706  6.54284e-06
      10.589 -4.58894e-06
     10.7087  3.97412e-06
     10.8298 -4.86629e-06
     10.9522  6.41595e-06
     11.0761 -6.93177e-06
     11.2013  5.93828e-06
     11.3279 -5.97319e-06
      11.456    7.076e-06
     11.5855  -6.0699e-06
     11.7165  3.47849e-06
      11.849 -2.62642e-06
      11.983  3.14401e-06
     12.1185 -2.39233e-06
     12.2555  1.22767e-06
      12.394 -2.01917e-06
     12.5342  3.89945e-06
     12.6759 -4.59322e-06
     12.8192  4.11318e-06
     12.9642  -4.1484e-06
     13.1107  5.03058e-06
      13.259 -5.56773e-06
     13.4089  5.23593e-06
     13.5605 -4.36429e-06
     13.7138   3.3333e-06
     13.8689 -2.77249e-06
     14.0257  3.01469e-06
     14.1843 -3.22005e-06
     14.3446  2.66381e-06
     14.5068 -2.01376e-06
     14.6709   2.1438e-06
     14.8367 -2.81505e-06
     15.0045  3.11131e-06
     15.1741  -2.7086e-06
     15.3457  2.18557e-06
     15.5192  -2.0629e-06
     15.6947  2.26889e-06
     15.8721 -2.42662e-06
     16.0516  2.34459e-06
     16.2331 -2.24661e-06
     16.4166  2.25813e-06
     16.6022 -2.21461e-06
     16.7899  2.12017e-06
     16.9798 -2.10397e-06
     17.1718  2.21497e-06
     17.3659 -2.39625e-06
     17.5623  2.43201e-06
     17.7608 -2.11987e-06
     17.9616  1.55104e-06
     18.1647 -1.06356e-06
     18.3701  1.01674e-06
     18.5778 -1.51803e-06
     18.7879  2.23375e-06
     19.0003 -2.64215e-06
     19.2151  2.49349e-06
     19.4324 -1.91245e-06
     19.6521   1.2579e-06
     19.8743 -8.66519e-07
      20.099  8.27293e-07
     20.3262 -1.02736e-06
      20.556  1.32721e-06
     20.7885 -1.57744e-06
     21.0235  1.66785e-06
     21.2612 -1.59753e-06
     21.5016  1.43237e-06
     21.7447 -1.21997e-06
     21.9906  9.88811e-07
     22.2392  -7.7281e-07
     22.4907  6.62555e-07
     22.7449 -7.04701e-07
     23.0021  8.06424e-07
     23.2622 -8.63125e-07
     23.5252  9.04491e-07
     23.7912  -9.6053e-07
     24.0602  9.94413e-07
     24.3322 -9.80919e-07
     24.6073  9.59762e-07
     24.8856 -9.62566e-07
     25.1669  9.72645e-07
     25.4515 -9.35462e-07
     25.7393  8.59925e-07
     26.0303 -7.99668e-07
     26.3246  7.83217e-07
     26.6222 -7.78325e-07
     26.9232  7.69921e-07
     27.2276  -7.5217e-07
     27.5355  7.32328e-07
     27.8468 -7.09726e-07
     28.1617  6.97521e-07
     28.4801 -6.90193e-07
     28.8021  6.88664e-07
     29.1277 -6.77111e-07
     29.4571  6.59139e-07
     29.7901 -6.30787e-07
      30.127   6.0867e-07
     30.4676 -5.88143e-07
     30.8121  5.74702e-07
     31.1604 -5.58683e-07
     31.5128  5.54352e-07
     31.8691 -5.49244e-07
     32.2294  5.47032e-07
     32.5938 -5.35025e-07
     32.9623  5.26327e-07
      33.335 -5.09066e-07
     33.7119   4.9673e-07
     34.0931 -4.76843e-07
     34.4786  4.66176e-07
     34.8684 -4.51291e-07
     35.2626  4.44255e-07
     35.6613 -4.28278e-07
     36.0645  4.23923e-07
     36.4723 -4.15052e-07
     36.8847  4.16931e-07
     37.3017 -4.06207e-07
     37.7235   4.0183e-07
       38.15 -3.85557e-07
     38.5813  3.81735e-07
     39.0175 -3.66825e-07
     39.4587  3.63842e-07
     39.9048 -3.48102e-07
      40.356  3.46894e-07
     40.8123 -3.32516e-07
     41.2738  3.32404e-07
     41.7404 -3.16834e-07
     42.2124  3.18885e-07
     42.6896  -3.0531e-07
     43.1723  3.08614e-07
     43.6604 -2.91987e-07
     44.1541  2.93372e-07
     44.6533 -2.74767e-07
     45.1582  2.78858e-07
     45.6688 -2.62477e-07
     46.1851  2.69386e-07
     46.7073 -2.52323e-07
     47.2354  2.60472e-07
     47.7695 -2.41967e-07
     48.3096  2.50883e-07
     48.8558 -2.31286e-07
     49.4082  2.41389e-07
     49.9668 -2.19364e-07
     50.5318  2.30431e-07
     51.1031 -2.08108e-07
     51.6809  2.22499e-07
     52.2653 -1.99434e-07
     52.8562  2.15569e-07
     53.4538 -1.90396e-07
     54.0582   2.0814e-07
     54.6694 -1.80945e-07
     55.2875  2.00836e-07
     55.9126 -1.71584e-07
     56.5448   1.9387e-07
     57.1841 -1.62805e-07
     57.8307  1.88397e-07
     58.4846 -1.55163e-07
     59.1458  1.83113e-07
     59.8146 -1.46661e-07
     60.4908  1.77543e-07
     61.1748 -1.38469e-07
     61.8665  1.73169e-07
      62.566 -1.30991e-07
     63.2734  1.68948e-07
     63.9888 -1.22942e-07
     64.7123  1.65006e-07
     65.4439 -1.15385e-07
     66.1839  1.61812e-07
     66.9322 -1.07918e-07
      67.689  1.59046e-07
     68.4543  -1.0045e-07
     69.2283  1.56572e-07
      70.011 -9.27483e-08
     70.8026  1.54381e-07
     71.6031 -8.50084e-08
     72.4127  1.52778e-07
     73.2314 -7.72592e-08
     74.0594   1.5159e-07
     74.8968  -6.9405e-08
     75.7436  1.51056e-07
        76.6 -6.15972e-08
     77.4661  1.51064e-07
     78.3419 -5.34514e-08
     79.2277  1.51379e-07
     80.1235 -4.49518e-08
     81.0294  1.52267e-07
     81.9456 -3.63114e-08
     82.8721   1.5389e-07
     83.8091   -2.746e-08
     84.7567  1.56131e-07
      85.715 -1.81876e-08
     86.6841  1.58964e-07
     87.6642 -8.48796e-09
     88.6554  1.62517e-07
     89.6578  1.63732e-09
     90.6715  1.66814e-07
     91.6967  1.23057e-08
     92.7335  1.71904e-07
      93.782  2.35135e-08
     94.8423  1.77886e-07
     95.9147  3.53633e-08
     96.9991  1.84747e-07
     98.0958  4.79637e-08
      99.205   1.9259e-07
