 0.000992177     0.134304
  0.00100339     0.133498
  0.00101474     0.132674
  0.00102621     0.131836
  0.00103782     0.130979
  0.00104955     0.130106
  0.00106142     0.129215
  0.00107342     0.128307
  0.00108555     0.127382
  0.00109783     0.126438
  0.00111024     0.125475
  0.00112279     0.124494
  0.00113549     0.123494
  0.00114833     0.122475
  0.00116131     0.121436
  0.00117444     0.120378
  0.00118772     0.119299
  0.00120115       0.1182
  0.00121473      0.11708
  0.00122846      0.11594
  0.00124235     0.114777
   0.0012564     0.113594
  0.00127061     0.112389
  0.00128497     0.111162
   0.0012995     0.109912
  0.00131419      0.10864
  0.00132905     0.107345
  0.00134408     0.106027
  0.00135928     0.104685
  0.00137465      0.10332
  0.00139019     0.101931
  0.00140591     0.100518
   0.0014218    0.0990808
  0.00143788    0.0976192
  0.00145413    0.0961323
  0.00147058     0.094621
   0.0014872    0.0930843
  0.00150402    0.0915224
  0.00152102    0.0899349
  0.00153822     0.088322
  0.00155561    0.0866831
   0.0015732    0.0850186
  0.00159099    0.0833277
  0.00160898    0.0816112
  0.00162717     0.079868
  0.00164557     0.078099
  0.00166417    0.0763034
  0.00168299    0.0744819
  0.00170202    0.0726337
  0.00172126    0.0707596
  0.00174072     0.068859
   0.0017604    0.0669325
  0.00178031    0.0649797
  0.00180044    0.0630013
  0.00182079     0.060997
  0.00184138    0.0589673
   0.0018622    0.0569122
  0.00188326    0.0548321
  0.00190455    0.0527272
  0.00192608    0.0505981
  0.00194786    0.0484447
  0.00196988    0.0462681
  0.00199216    0.0440679
  0.00201468    0.0418455
  0.00203746    0.0396008
   0.0020605    0.0373349
  0.00208379     0.035048
  0.00210735    0.0327412
  0.00213118     0.030415
  0.00215528    0.0280705
  0.00217965    0.0257084
  0.00220429    0.0233298
  0.00222921    0.0209354
  0.00225442    0.0185268
  0.00227991    0.0161047
  0.00230568    0.0136707
  0.00233175    0.0112258
  0.00235812   0.00877167
  0.00238478   0.00630952
  0.00241174    0.0038412
  0.00243901   0.00136802
  0.00246659  -0.00110793
  0.00249448  -0.00358519
  0.00252268   -0.0060615
   0.0025512  -0.00853519
  0.00258005   -0.0110038
  0.00260922   -0.0134655
  0.00263872   -0.0159176
  0.00266856    -0.018358
  0.00269873   -0.0207838
  0.00272924   -0.0231928
   0.0027601    -0.025582
  0.00279131   -0.0279486
  0.00282287   -0.0302895
  0.00285478   -0.0326019
  0.00288706   -0.0348822
  0.00291971   -0.0371275
  0.00295272   -0.0393339
   0.0029861   -0.0414982
  0.00301986   -0.0436165
  0.00305401   -0.0456851
  0.00308854   -0.0476999
  0.00312346   -0.0496571
  0.00315878   -0.0515523
  0.00319449   -0.0533814
  0.00323061   -0.0551397
  0.00326714   -0.0568229
  0.00330408   -0.0584263
  0.00334143   -0.0599452
  0.00337921   -0.0613747
  0.00341742   -0.0627098
  0.00345606   -0.0639455
  0.00349514   -0.0650767
  0.00353465    -0.066098
  0.00357462   -0.0670043
  0.00361503   -0.0677901
  0.00365591   -0.0684501
  0.00369724   -0.0689785
  0.00373905   -0.0693701
  0.00378132   -0.0696192
  0.00382408   -0.0697202
  0.00386731   -0.0696675
  0.00391104   -0.0694556
  0.00395526   -0.0690789
  0.00399998   -0.0685319
  0.00404521   -0.0678091
  0.00409094   -0.0669052
   0.0041372   -0.0658148
  0.00418397   -0.0645328
  0.00423128   -0.0630542
  0.00427912   -0.0613741
   0.0043275   -0.0594877
  0.00437643   -0.0573909
  0.00442592    -0.055079
  0.00447596   -0.0525484
  0.00452656   -0.0497952
  0.00457774   -0.0468163
   0.0046295   -0.0436084
  0.00468185   -0.0401693
  0.00473478   -0.0364965
  0.00478832   -0.0325886
  0.00484245    -0.028444
  0.00489721   -0.0240624
  0.00495258   -0.0194435
  0.00500857   -0.0145878
   0.0050652  -0.00949633
  0.00512247  -0.00417105
  0.00518039   0.00138572
  0.00523896   0.00717058
   0.0052982    0.0131797
   0.0053581     0.019408
  0.00541868    0.0258501
  0.00547995    0.0324992
  0.00554191    0.0393481
  0.00560457    0.0463881
  0.00566794    0.0536102
  0.00573202    0.0610039
  0.00579683     0.068558
  0.00586237    0.0762601
  0.00592866     0.084097
  0.00599569    0.0920542
  0.00606348     0.100117
  0.00613204     0.108268
  0.00620137      0.11649
  0.00627148     0.124766
  0.00634239     0.133075
   0.0064141     0.141398
  0.00648662     0.149713
  0.00655997        0.158
  0.00663414     0.166234
  0.00670914     0.174393
    0.006785     0.182454
  0.00686172     0.190391
   0.0069393     0.198179
  0.00701776     0.205795
   0.0070971     0.213213
  0.00717735     0.220406
   0.0072585     0.227351
  0.00734057     0.234023
  0.00742356     0.240396
   0.0075075     0.246447
  0.00759238     0.252154
  0.00767823     0.257494
  0.00776504     0.262446
  0.00785284     0.266991
  0.00794162     0.271111
  0.00803142     0.274789
  0.00812222     0.278013
  0.00821406     0.280769
  0.00830693     0.283048
  0.00840085     0.284844
  0.00849584     0.286153
   0.0085919     0.286972
  0.00868904     0.287305
  0.00878728     0.287157
  0.00888664     0.286536
  0.00898711     0.285454
  0.00908873     0.283927
  0.00919149     0.281974
  0.00929541     0.279618
  0.00940051     0.276885
   0.0095068     0.273804
  0.00961429      0.27041
  0.00972299     0.266737
  0.00983293     0.262825
   0.0099441     0.258715
   0.0100565     0.254452
   0.0101702      0.25008
   0.0102852     0.245647
   0.0104015     0.241202
   0.0105191     0.236791
   0.0106381     0.232465
   0.0107583     0.228271
     0.01088     0.224255
    0.011003      0.22046
   0.0111274     0.216929
   0.0112532       0.2137
   0.0113804     0.210805
   0.0115091     0.208275
   0.0116392     0.206133
   0.0117708     0.204395
   0.0119039     0.203074
   0.0120385     0.202172
   0.0121746     0.201686
   0.0123123     0.201604
   0.0124515     0.201907
   0.0125923     0.202568
   0.0127347     0.203551
   0.0128786     0.204815
   0.0130243     0.206309
   0.0131715     0.207977
   0.0133204     0.209758
   0.0134711     0.211586
   0.0136234      0.21339
   0.0137774     0.215099
   0.0139332     0.216638
   0.0140907     0.217936
     0.01425     0.218923
   0.0144111      0.21953
   0.0145741     0.219699
   0.0147389     0.219373
   0.0149055     0.218509
    0.015074      0.21707
   0.0152445     0.215033
   0.0154168     0.212385
   0.0155911     0.209129
   0.0157674     0.205278
   0.0159457     0.200862
    0.016126     0.195922
   0.0163083     0.190512
   0.0164927     0.184699
   0.0166792     0.178557
   0.0168678      0.17217
   0.0170585      0.16563
   0.0172514     0.159027
   0.0174464     0.152456
   0.0176437     0.146007
   0.0178432     0.139766
   0.0180449     0.133811
   0.0182489     0.128207
   0.0184553     0.123007
   0.0186639     0.118249
    0.018875     0.113952
   0.0190884     0.110119
   0.0193042     0.106736
   0.0195225      0.10377
   0.0197432     0.101172
   0.0199664    0.0988818
   0.0201922    0.0968272
   0.0204205    0.0949291
   0.0206513    0.0931057
   0.0208848    0.0912764
    0.021121    0.0893664
   0.0213598    0.0873108
   0.0216013    0.0850581
   0.0218455     0.082574
   0.0220925    0.0798428
   0.0223423    0.0768691
   0.0225949    0.0736775
   0.0228504    0.0703113
   0.0231088    0.0668296
     0.02337    0.0633039
   0.0236343    0.0598127
   0.0239015    0.0564365
   0.0241717    0.0532514
    0.024445    0.0503237
   0.0247214    0.0477045
   0.0250009    0.0454253
   0.0252836    0.0434948
   0.0255695    0.0418985
   0.0258586    0.0405984
   0.0261509    0.0395365
   0.0264466    0.0386392
   0.0267456    0.0378231
    0.027048     0.037003
   0.0273539    0.0360993
   0.0276631    0.0350458
   0.0279759    0.0337966
   0.0282922    0.0323305
   0.0286121    0.0306541
   0.0289356    0.0288015
   0.0292628    0.0268311
   0.0295936    0.0248195
   0.0299282    0.0228533
   0.0302666    0.0210195
   0.0306088    0.0193948
   0.0309549    0.0180361
   0.0313049    0.0169733
   0.0316589    0.0162042
   0.0320168    0.0156942
   0.0323788    0.0153799
   0.0327449    0.0151766
   0.0331151    0.0149895
   0.0334896    0.0147263
   0.0338682    0.0143107
   0.0342511    0.0136935
   0.0346384    0.0128608
     0.03503    0.0118365
   0.0354261      0.01068
   0.0358267   0.00947672
   0.0362317   0.00832524
   0.0366414   0.00732059
   0.0370557   0.00653778
   0.0374746   0.00601816
   0.0378983   0.00576067
   0.0383268   0.00572101
   0.0387602   0.00581834
   0.0391984   0.00594982
   0.0396416   0.00600971
   0.0400898   0.00591047
   0.0405431   0.00560075
   0.0410015   0.00507714
   0.0414651   0.00438586
   0.0419339   0.00361401
   0.0424081   0.00287098
   0.0428875   0.00226412
   0.0433725    0.0018733
   0.0438628    0.0017312
   0.0443588   0.00181364
   0.0448603   0.00204411
   0.0453675   0.00231139
   0.0458805   0.00249755
   0.0463992   0.00250877
   0.0469239   0.00230153
   0.0474544   0.00189572
   0.0479909   0.00137085
   0.0485336  0.000844218
   0.0490823  0.000437279
   0.0496373  0.000238507
   0.0501985  0.000275119
   0.0507661  0.000502323
     0.05134  0.000815821
   0.0519205   0.00108422
   0.0525076   0.00119271
   0.0531012    0.0010828
   0.0537016  0.000774609
   0.0543088   0.00036144
   0.0549229 -2.24966e-05
   0.0555438 -0.000251855
   0.0561718  -0.00025858
    0.056807 -6.06544e-05
   0.0574492  0.000242829
   0.0580988  0.000509776
   0.0587557  0.000613706
     0.05942  0.000498184
   0.0600919  0.000203748
   0.0607713 -0.000147755
   0.0614584 -0.000406416
   0.0621533 -0.000463818
    0.062856 -0.000305801
   0.0635667 -2.22931e-05
   0.0642854  0.000234795
   0.0650123  0.000326947
   0.0657473  0.000201695
   0.0664907 -7.73564e-05
   0.0672425 -0.000361684
   0.0680028 -0.000498239
   0.0687716 -0.000416002
   0.0695492 -0.000169809
   0.0703356   8.8627e-05
   0.0711308  0.000199295
   0.0719351  9.25379e-05
   0.0727484 -0.000164805
   0.0735709 -0.000408389
   0.0744028 -0.000481915
    0.075244 -0.000342003
   0.0760947 -9.12352e-05
   0.0769551  8.99979e-05
   0.0778252  7.02431e-05
   0.0787051 -0.000135258
    0.079595 -0.000371973
    0.080495 -0.000459514
   0.0814051 -0.000331325
   0.0823255 -9.03794e-05
   0.0832563  6.92635e-05
   0.0841976  2.05513e-05
   0.0851496 -0.000187988
   0.0861124 -0.000369363
    0.087086 -0.000359445
   0.0880707 -0.000164924
   0.0890664  3.78499e-05
   0.0900735  6.34875e-05
   0.0910919 -0.000106035
   0.0921218 -0.000299162
   0.0931634 -0.000320501
   0.0942167 -0.000147804
    0.095282   4.0746e-05
   0.0963593  5.02915e-05
   0.0974488  -0.00012129
   0.0985506 -0.000276053
   0.0996649 -0.000233475
    0.100792   -3.721e-05
    0.101931  9.00319e-05
    0.103084  7.20529e-06
    0.104249 -0.000172937
    0.105428 -0.000218004
     0.10662 -6.72655e-05
    0.107826  8.68447e-05
    0.109045  4.59423e-05
    0.110278  -0.00012829
    0.111524 -0.000192933
    0.112785 -5.73206e-05
    0.114061  8.57517e-05
     0.11535  3.41732e-05
    0.116655 -0.000126147
    0.117973 -0.000145239
    0.119307  1.02256e-05
    0.120656  0.000101004
     0.12202 -9.81929e-06
      0.1234 -0.000133605
    0.124795 -6.30585e-05
    0.126206  7.99704e-05
    0.127633  4.85945e-05
    0.129076 -9.88362e-05
    0.130536 -9.75489e-05
    0.132012  4.82617e-05
    0.133504  6.94011e-05
    0.135014 -6.63464e-05
     0.13654  -9.0527e-05
    0.138084  4.69115e-05
    0.139645  7.41682e-05
    0.141224 -5.89321e-05
    0.142821 -7.57062e-05
    0.144436  5.48461e-05
    0.146069  4.97506e-05
     0.14772 -7.88266e-05
    0.149391 -4.60436e-05
     0.15108  7.35383e-05
    0.152788  1.04596e-05
    0.154515 -8.04426e-05
    0.156262  1.91389e-05
    0.158029  7.02522e-05
    0.159816 -5.01722e-05
    0.161623  -4.4822e-05
     0.16345  6.57035e-05
    0.165298 -4.40415e-06
    0.167167 -7.08792e-05
    0.169057  4.24169e-05
    0.170969  3.52876e-05
    0.172902 -6.40599e-05
    0.174857  2.09751e-05
    0.176834  4.92431e-05
    0.178833 -6.06308e-05
    0.180855  2.77378e-06
      0.1829  4.65731e-05
    0.184968 -5.59474e-05
    0.187059  7.95526e-06
    0.189174  4.67053e-05
    0.191313  -5.1451e-05
    0.193476  2.09847e-05
    0.195664  2.64267e-05
    0.197876 -5.55883e-05
    0.200114  3.53996e-05
    0.202376  -8.2419e-07
    0.204664 -3.43161e-05
    0.206978  5.22992e-05
    0.209319 -3.23726e-05
    0.211685  2.68212e-06
    0.214079  2.48374e-05
    0.216499 -4.69284e-05
    0.218947  4.08105e-05
    0.221423 -2.12647e-05
    0.223926  1.07178e-06
    0.226458  2.67222e-05
    0.229018 -4.07323e-05
    0.231608  4.04356e-05
    0.234226 -3.86524e-05
    0.236875  2.39391e-05
    0.239553 -4.81831e-06
    0.242261 -6.39054e-06
    0.245001  2.08388e-05
    0.247771 -3.21726e-05
    0.250572  3.26328e-05
    0.253405 -3.55726e-05
     0.25627  3.63883e-05
    0.259168 -2.94159e-05
    0.262098  2.68042e-05
    0.265062 -2.48931e-05
    0.268059  1.74188e-05
    0.271089 -1.45389e-05
    0.274154   1.4016e-05
    0.277254 -8.47021e-06
    0.280389  6.38089e-06
    0.283559  -7.5653e-06
    0.286765  4.11269e-06
    0.290008 -1.95755e-06
    0.293287  4.22011e-06
    0.296603 -2.56821e-06
    0.299956 -1.23257e-07
    0.303348 -2.09222e-06
    0.306777  2.41534e-06
    0.310246  6.74813e-07
    0.313754  1.42733e-07
    0.317301  -2.4327e-06
    0.320889  1.48042e-07
    0.324517  1.40119e-06
    0.328186  1.46472e-06
    0.331897 -1.60529e-06
    0.335649 -1.34925e-06
    0.339444  6.72764e-07
    0.343282  1.96258e-06
    0.347164 -6.27897e-07
    0.351089 -1.78871e-06
    0.355059  1.58569e-08
    0.359073   1.9926e-06
    0.363133    2.267e-08
    0.367239 -1.70502e-06
    0.371391 -1.72803e-07
     0.37559  1.78108e-06
    0.379837  1.90247e-08
    0.384131  -1.5848e-06
    0.388474  2.23898e-08
    0.392867  1.55255e-06
    0.397309 -2.92293e-07
    0.401801 -1.32159e-06
    0.406344  4.82184e-07
    0.410938  1.17014e-06
    0.415584 -7.89707e-07
    0.420283 -8.53694e-07
    0.425035  1.01253e-06
    0.429841  5.51501e-07
    0.434701  -1.1892e-06
    0.439616  3.11094e-08
    0.444586  1.16846e-06
    0.449613 -6.62585e-07
    0.454697 -8.54519e-07
    0.459838  1.22967e-06
    0.465037  1.54239e-08
    0.470295 -1.20241e-06
    0.475612  9.95945e-07
     0.48099  4.25219e-07
    0.486428   -1.374e-06
    0.491928  8.40432e-07
     0.49749  5.08849e-07
    0.503115 -1.29565e-06
    0.508803   8.7707e-07
    0.514556  3.18677e-07
    0.520374 -1.15585e-06
    0.526258  1.00148e-06
    0.532208 -8.23858e-08
    0.538225 -7.73382e-07
    0.544311  1.03314e-06
    0.550465 -5.25002e-07
    0.556689  -2.9448e-07
    0.562983  8.57245e-07
    0.569348 -8.49038e-07
    0.575786  3.80178e-07
    0.582296  3.16819e-07
     0.58888 -8.29247e-07
    0.595538  9.52252e-07
    0.602271 -6.62705e-07
    0.609081  1.60255e-07
    0.615967  4.33896e-07
    0.622932 -8.62299e-07
    0.629975   1.0494e-06
    0.637098 -9.96726e-07
    0.644301   7.7761e-07
    0.651586  -4.0274e-07
    0.658953  4.31036e-08
    0.666404  2.84021e-07
    0.673939 -5.26268e-07
    0.681558  6.98537e-07
    0.689264 -7.61744e-07
    0.697058  7.72517e-07
    0.704939  -7.2215e-07
    0.712909  6.75484e-07
     0.72097 -5.63972e-07
    0.729122  4.71822e-07
    0.737365 -3.99294e-07
    0.745702  3.36484e-07
    0.754134 -2.44348e-07
     0.76266  2.09255e-07
    0.771283 -1.62571e-07
    0.780004  1.34147e-07
    0.788823 -8.96401e-08
    0.797742  7.76191e-08
    0.806762 -6.17159e-08
    0.815883  5.92534e-08
    0.825108 -2.65667e-08
    0.834437  3.23414e-08
    0.843872  -2.0387e-08
    0.853413  2.70668e-08
    0.863062 -1.09797e-08
    0.872821  1.12346e-08
    0.882689 -1.46874e-09
    0.892669  2.28457e-08
    0.902762 -7.47614e-09
    0.912969   5.7867e-09
    0.923292  2.83615e-09
    0.933731   1.3623e-08
    0.944288 -1.44738e-09
    0.954965  1.00525e-08
    0.965762  3.28883e-09
    0.976682   4.1746e-09
    0.987725  5.41911e-09
    0.998892  8.76966e-09
     1.01019  5.26237e-10
     1.02161  5.65267e-09
     1.03316  1.17902e-08
     1.04484  5.02832e-10
     1.05665  5.92909e-10
      1.0686  1.15744e-08
     1.08068  6.20653e-09
      1.0929  4.36419e-09
     1.10526  2.61606e-09
     1.11776  3.18071e-09
     1.13039  1.09949e-08
     1.14317  7.29863e-09
      1.1561 -1.62264e-09
     1.16917  7.20746e-09
     1.18239  8.63228e-09
     1.19576   2.6579e-09
     1.20928  5.89396e-09
     1.22295  5.12266e-09
     1.23678   6.2352e-09
     1.25076  5.11114e-09
      1.2649  4.12038e-09
     1.27921  8.19943e-09
     1.29367  1.40635e-09
      1.3083  7.96554e-09
     1.32309  6.32411e-09
     1.33805  2.42529e-09
     1.35318  6.41896e-09
     1.36848  6.56156e-09
     1.38395  5.05788e-09
      1.3996  2.82361e-09
     1.41542  7.78332e-09
     1.43143   5.4963e-09
     1.44761  3.81247e-09
     1.46398  6.52376e-09
     1.48053  4.82394e-09
     1.49727  5.33626e-09
      1.5142  5.80219e-09
     1.53132  4.72941e-09
     1.54863  5.69714e-09
     1.56614  6.12695e-09
     1.58385  3.49718e-09
     1.60176  6.53108e-09
     1.61987  6.02124e-09
     1.63818   3.7702e-09
     1.65671  5.96284e-09
     1.67544  5.75154e-09
     1.69438  5.10058e-09
     1.71354  4.74107e-09
     1.73291  6.51037e-09
     1.75251  5.31321e-09
     1.77232  3.65833e-09
     1.79236  7.49374e-09
     1.81262  3.80177e-09
     1.83312  5.78904e-09
     1.85384  5.78129e-09
     1.87481  4.45452e-09
       1.896  6.00583e-09
     1.91744  5.15771e-09
     1.93912  5.64394e-09
     1.96104  4.56993e-09
     1.98322  6.70411e-09
     2.00564  3.74104e-09
     2.02832  6.90909e-09
     2.05125  4.10339e-09
     2.07444  6.06044e-09
      2.0979  5.00507e-09
     2.12162   5.5782e-09
     2.14561  5.05012e-09
     2.16987  5.67976e-09
      2.1944  4.76026e-09
     2.21921  6.33866e-09
      2.2443  4.03212e-09
     2.26968  6.53803e-09
     2.29534  4.47382e-09
     2.32129  5.94211e-09
     2.34754  5.05099e-09
     2.37408   5.2976e-09
     2.40092  5.73496e-09
     2.42807  4.83628e-09
     2.45552  5.88703e-09
     2.48328  4.79551e-09
     2.51136  5.93041e-09
     2.53976  4.74172e-09
     2.56847  5.81438e-09
     2.59751  5.05847e-09
     2.62688  5.45972e-09
     2.65658  5.25337e-09
     2.68662  5.47518e-09
       2.717  5.25388e-09
     2.74772   5.3821e-09
     2.77878  5.32405e-09
      2.8102  5.35828e-09
     2.84198  5.29873e-09
     2.87411  5.42425e-09
      2.9066    5.264e-09
     2.93947  5.35148e-09
      2.9727    5.415e-09
     3.00631  5.30585e-09
      3.0403  5.39249e-09
     3.07468  5.32381e-09
     3.10944  5.32792e-09
      3.1446  5.31846e-09
     3.18016  5.37278e-09
     3.21611  5.27784e-09
     3.25248  5.42204e-09
     3.28925  5.28969e-09
     3.32644    5.346e-09
     3.36405  5.39794e-09
     3.40209   5.3458e-09
     3.44055   5.3408e-09
     3.47945  5.29296e-09
     3.51879  5.35661e-09
     3.55858  5.38554e-09
     3.59881  5.28265e-09
      3.6395  5.38919e-09
     3.68065  5.31336e-09
     3.72227  5.35324e-09
     3.76436  5.34771e-09
     3.80692  5.33917e-09
     3.84996  5.36427e-09
     3.89349   5.3248e-09
     3.93751  5.37149e-09
     3.98203  5.31661e-09
     4.02705  5.35584e-09
     4.07259  5.30687e-09
     4.11863  5.36475e-09
      4.1652  5.33244e-09
     4.21229  5.36824e-09
     4.25992  5.33507e-09
     4.30809  5.35599e-09
      4.3568  5.32095e-09
     4.40606  5.34775e-09
     4.45587    5.328e-09
     4.50625  5.37054e-09
      4.5572  5.35324e-09
     4.60873  5.32122e-09
     4.66084  5.33744e-09
     4.71354   5.3385e-09
     4.76683   5.3628e-09
     4.82073  5.33482e-09
     4.87523  5.33885e-09
     4.93035  5.32797e-09
      4.9861  5.35289e-09
     5.04247  5.34916e-09
     5.09949  5.35249e-09
     5.15714  5.34511e-09
     5.21545  5.31997e-09
     5.27442  5.33751e-09
     5.33406  5.34556e-09
     5.39437  5.33292e-09
     5.45536  5.35097e-09
     5.51704   5.3547e-09
     5.57942  5.36052e-09
      5.6425  5.31738e-09
      5.7063  5.33894e-09
     5.77082  5.33218e-09
     5.83607  5.34062e-09
     5.90205  5.34839e-09
     5.96878  5.34973e-09
     6.03627  5.33098e-09
     6.10452  5.35489e-09
     6.17354  5.33543e-09
     6.24334  5.33667e-09
     6.31393   5.3368e-09
     6.38532  5.33624e-09
     6.45752  5.33991e-09
     6.53053  5.34583e-09
     6.60437  5.35305e-09
     6.67904  5.32481e-09
     6.75456  5.34804e-09
     6.83093  5.33484e-09
     6.90816  5.33134e-09
     6.98627  5.34255e-09
     7.06526  5.35069e-09
     7.14514  5.33581e-09
     7.22593  5.33278e-09
     7.30763  5.34401e-09
     7.39025  5.33554e-09
     7.47381   5.3323e-09
     7.55831  5.35039e-09
     7.64377  5.32891e-09
      7.7302  5.34012e-09
      7.8176  5.33743e-09
     7.90599  5.34132e-09
     7.99538  5.34419e-09
     8.08578  5.32254e-09
      8.1772  5.33583e-09
     8.26966  5.34923e-09
     8.36316  5.33265e-09
     8.45772  5.33809e-09
     8.55334  5.32908e-09
     8.65005  5.34335e-09
     8.74785    5.333e-09
     8.84676  5.33208e-09
     8.94679  5.34298e-09
     9.04795  5.33413e-09
     9.15025  5.33008e-09
      9.2537  5.33811e-09
     9.35833  5.32952e-09
     9.46414  5.34166e-09
     9.57115  5.32999e-09
     9.67936  5.33741e-09
      9.7888  5.32879e-09
     9.89948  5.33384e-09
     10.0114  5.33694e-09
     10.1246  5.33091e-09
     10.2391  5.33197e-09
     10.3548  5.33168e-09
     10.4719  5.33367e-09
     10.5903  5.33071e-09
     10.7101  5.33065e-09
     10.8312  5.33225e-09
     10.9536  5.32845e-09
     11.0775  5.33344e-09
     11.2027    5.325e-09
     11.3294  5.33271e-09
     11.4575  5.32883e-09
      11.587  5.33017e-09
      11.718  5.32577e-09
     11.8505  5.32804e-09
     11.9845  5.33227e-09
       12.12  5.32314e-09
      12.257  5.32761e-09
     12.3956  5.32655e-09
     12.5358  5.32731e-09
     12.6775  5.32386e-09
     12.8209  5.32518e-09
     12.9658  5.32603e-09
     13.1124  5.32312e-09
     13.2607  5.32475e-09
     13.4106  5.32215e-09
     13.5622  5.32415e-09
     13.7156  5.32125e-09
     13.8707  5.32176e-09
     14.0275  5.32295e-09
     14.1861   5.3183e-09
     14.3465  5.32092e-09
     14.5087  5.32031e-09
     14.6727  5.31782e-09
     14.8386  5.31839e-09
     15.0064  5.31849e-09
     15.1761  5.31641e-09
     15.3477  5.31669e-09
     15.5212  5.31543e-09
     15.6967  5.31558e-09
     15.8742  5.31362e-09
     16.0536  5.31415e-09
     16.2351  5.31293e-09
     16.4187  5.31239e-09
     16.6043   5.3118e-09
     16.7921  5.31041e-09
     16.9819   5.3104e-09
      17.174  5.30893e-09
     17.3681  5.30842e-09
     17.5645  5.30755e-09
     17.7631  5.30709e-09
     17.9639  5.30465e-09
      18.167  5.30646e-09
     18.3725  5.30247e-09
     18.5802  5.30355e-09
     18.7903   5.3028e-09
     19.0027  5.29968e-09
     19.2176  5.30138e-09
     19.4349  5.29849e-09
     19.6546  5.29764e-09
     19.8768  5.29777e-09
     20.1016  5.29503e-09
     20.3288  5.29524e-09
     20.5587  5.29349e-09
     20.7911  5.29202e-09
     21.0262  5.29169e-09
     21.2639  5.28953e-09
     21.5044  5.28899e-09
     21.7475  5.28743e-09
     21.9934   5.2859e-09
     22.2421  5.28528e-09
     22.4935  5.28268e-09
     22.7479  5.28254e-09
     23.0051  5.28032e-09
     23.2652  5.27935e-09
     23.5282  5.27738e-09
     23.7942  5.27604e-09
     24.0633  5.27456e-09
     24.3353   5.2728e-09
     24.6105  5.27126e-09
     24.8888  5.26949e-09
     25.1702  5.26805e-09
     25.4547   5.2659e-09
     25.7425   5.2643e-09
     26.0336  5.26254e-09
      26.328  5.26059e-09
     26.6256  5.25863e-09
     26.9267  5.25671e-09
     27.2311  5.25463e-09
      27.539  5.25265e-09
     27.8504  5.25053e-09
     28.1653   5.2484e-09
     28.4837  5.24618e-09
     28.8058  5.24403e-09
     29.1315  5.24159e-09
     29.4609  5.23939e-09
      29.794  5.23689e-09
     30.1308  5.23446e-09
     30.4715  5.23194e-09
      30.816   5.2294e-09
     31.1644  5.22679e-09
     31.5168  5.22407e-09
     31.8731  5.22129e-09
     32.2335  5.21859e-09
      32.598  5.21563e-09
     32.9665  5.21282e-09
     33.3393  5.20972e-09
     33.7162  5.20674e-09
     34.0974  5.20353e-09
      34.483  5.20034e-09
     34.8729  5.19705e-09
     35.2671  5.19375e-09
     35.6659  5.19032e-09
     36.0691  5.18679e-09
      36.477  5.18322e-09
     36.8894  5.17961e-09
     37.3065  5.17576e-09
     37.7283  5.17205e-09
     38.1549  5.16807e-09
     38.5863  5.16413e-09
     39.0225  5.15998e-09
     39.4638  5.15586e-09
       39.91  5.15154e-09
     40.3612   5.1472e-09
     40.8175   5.1427e-09
      41.279  5.13819e-09
     41.7458  5.13351e-09
     42.2178  5.12873e-09
     42.6951  5.12381e-09
     43.1778   5.1189e-09
      43.666  5.11374e-09
     44.1597  5.10858e-09
      44.659  5.10325e-09
      45.164  5.09777e-09
     45.6746  5.09221e-09
      46.191  5.08654e-09
     46.7133  5.08073e-09
     47.2415  5.07481e-09
     47.7756  5.06869e-09
     48.3158   5.0625e-09
     48.8621  5.05612e-09
     49.4145  5.04969e-09
     49.9732  5.04302e-09
     50.5383  5.03622e-09
     51.1097  5.02933e-09
     51.6875  5.02224e-09
      52.272    5.015e-09
      52.863  5.00762e-09
     53.4607  5.00003e-09
     54.0651  4.99232e-09
     54.6764  4.98441e-09
     55.2946  4.97635e-09
     55.9198   4.9681e-09
     56.5521  4.95966e-09
     57.1915  4.95108e-09
     57.8381  4.94227e-09
      58.492  4.93325e-09
     59.1534  4.92407e-09
     59.8222  4.91467e-09
     60.4986  4.90507e-09
     61.1826  4.89529e-09
     61.8744  4.88526e-09
      62.574    4.875e-09
     63.2815  4.86455e-09
      63.997  4.85388e-09
     64.7205  4.84294e-09
     65.4523  4.83178e-09
     66.1923  4.82038e-09
     66.9408  4.80874e-09
     67.6976  4.79685e-09
      68.463  4.78468e-09
     69.2371  4.77228e-09
       70.02  4.75959e-09
     70.8116  4.74663e-09
     71.6123   4.7334e-09
      72.422   4.7199e-09
     73.2408  4.70608e-09
     74.0689  4.69198e-09
     74.9064  4.67758e-09
     75.7533  4.66287e-09
     76.6098  4.64784e-09
      77.476  4.63252e-09
      78.352  4.61683e-09
     79.2379  4.60085e-09
     80.1338  4.58451e-09
     81.0398  4.56782e-09
     81.9561   4.5508e-09
     82.8827  4.53341e-09
     83.8198  4.51564e-09
     84.7676  4.49753e-09
      85.726  4.47902e-09
     86.6952  4.46014e-09
     87.6755  4.44085e-09
     88.6668  4.42117e-09
     89.6693  4.40107e-09
     90.6831  4.38057e-09
     91.7084  4.35964e-09
     92.7454  4.33828e-09
      93.794  4.31648e-09
     94.8545  4.29425e-09
     95.9269  4.27154e-09
     97.0115  4.24839e-09
     98.1084  4.22476e-09
     99.2177  4.20065e-09
