 0.000992177     -5378.91
  0.00100339     -5364.86
  0.00101474     -5350.66
  0.00102621        -5336
  0.00103782     -5321.17
  0.00104955     -5305.87
  0.00106142     -5290.38
  0.00107342     -5274.43
  0.00108555     -5258.25
  0.00109783      -5241.6
  0.00111024     -5224.72
  0.00112279     -5207.35
  0.00113549     -5189.73
  0.00114833     -5171.61
  0.00116131     -5153.22
  0.00117444     -5134.32
  0.00118772     -5115.13
  0.00120115     -5095.41
  0.00121473      -5075.4
  0.00122846     -5054.84
  0.00124235     -5033.96
   0.0012564     -5012.52
  0.00127061     -4990.74
  0.00128497      -4968.4
   0.0012995     -4945.68
  0.00131419     -4922.39
  0.00132905     -4898.71
  0.00134408     -4874.43
  0.00135928     -4849.74
  0.00137465     -4824.45
  0.00139019     -4798.72
  0.00140591     -4772.36
   0.0014218     -4745.56
  0.00143788      -4718.1
  0.00145413     -4690.18
  0.00147058     -4661.58
   0.0014872     -4632.49
  0.00150402     -4602.73
  0.00152102     -4572.44
  0.00153822     -4541.45
  0.00155561     -4509.92
   0.0015732     -4477.67
  0.00159099     -4444.85
  0.00160898      -4411.3
  0.00162717     -4377.16
  0.00164557     -4342.26
  0.00166417     -4306.74
  0.00168299     -4270.45
  0.00170202     -4233.53
  0.00172126      -4195.8
  0.00174072     -4157.42
   0.0017604     -4118.22
  0.00178031     -4078.33
  0.00180044     -4037.61
  0.00182079     -3996.18
  0.00184138      -3953.9
   0.0018622     -3910.88
  0.00188326        -3867
  0.00190455     -3822.35
  0.00192608     -3776.82
  0.00194786     -3730.51
  0.00196988     -3683.28
  0.00199216     -3635.26
  0.00201468     -3586.32
  0.00203746     -3536.55
   0.0020605     -3485.84
  0.00208379      -3434.3
  0.00210735     -3381.79
  0.00213118     -3328.43
  0.00215528      -3274.1
  0.00217965      -3218.9
  0.00220429     -3162.71
  0.00222921     -3105.64
  0.00225442     -3047.58
  0.00227991     -2988.62
  0.00230568     -2928.65
  0.00233175     -2867.79
  0.00235812     -2805.91
  0.00238478     -2743.13
  0.00241174     -2679.34
  0.00243901     -2614.63
  0.00246659     -2548.92
  0.00249448      -2482.3
  0.00252268     -2414.68
   0.0025512     -2346.15
  0.00258005     -2276.63
  0.00260922     -2206.22
  0.00263872     -2134.83
  0.00266856     -2062.57
  0.00269873     -1989.36
  0.00272924     -1915.29
   0.0027601     -1840.29
  0.00279131     -1764.47
  0.00282287     -1687.76
  0.00285478     -1610.27
  0.00288706     -1531.93
  0.00291971     -1452.84
  0.00295272     -1372.96
   0.0029861      -1292.4
  0.00301986      -1211.1
  0.00305401     -1129.17
  0.00308854     -1046.59
  0.00312346     -963.461
  0.00315878     -879.753
  0.00319449     -795.585
  0.00323061     -710.934
  0.00326714     -625.923
  0.00330408     -540.538
  0.00334143     -454.907
  0.00337921     -369.024
  0.00341742     -283.023
  0.00345606     -196.909
  0.00349514     -110.821
  0.00353465     -24.7722
  0.00357462      61.0904
  0.00361503      146.743
  0.00365591      232.031
  0.00369724      316.922
  0.00373905      401.254
  0.00378132      484.982
  0.00382408      567.937
  0.00386731      650.064
  0.00391104      731.185
  0.00395526      811.234
  0.00399998      890.027
  0.00404521      967.484
  0.00409094      1043.41
   0.0041372      1117.73
  0.00418397      1190.23
  0.00423128      1260.81
  0.00427912      1329.27
   0.0043275       1395.5
  0.00437643      1459.28
  0.00442592      1520.51
  0.00447596      1578.95
  0.00452656      1634.48
  0.00457774      1686.88
   0.0046295      1736.02
  0.00468185      1781.67
  0.00473478       1823.7
  0.00478832      1861.88
  0.00484245      1896.07
  0.00489721      1926.05
  0.00495258      1951.69
  0.00500857      1972.77
   0.0050652      1989.15
  0.00512247      2000.63
  0.00518039      2007.08
  0.00523896      2008.32
   0.0052982      2004.22
   0.0053581      1994.63
  0.00541868      1979.44
  0.00547995       1958.5
  0.00554191      1931.76
  0.00560457      1899.08
  0.00566794      1860.44
  0.00573202      1815.75
  0.00579683      1765.02
  0.00586237       1708.2
  0.00592866      1645.35
  0.00599569      1576.47
  0.00606348      1501.68
  0.00613204      1421.04
  0.00620137      1334.72
  0.00627148      1242.86
  0.00634239      1145.69
   0.0064141      1043.42
  0.00648662      936.378
  0.00655997       824.84
  0.00663414      709.212
  0.00670914      589.865
    0.006785      467.289
  0.00686172      341.948
   0.0069393       214.42
  0.00701776       85.262
   0.0070971     -44.8566
  0.00717735     -175.289
   0.0072585     -305.279
  0.00734057     -434.092
  0.00742356     -560.892
   0.0075075      -684.87
  0.00759238     -805.119
  0.00767823     -920.769
  0.00776504     -1030.86
  0.00785284     -1134.48
  0.00794162     -1230.65
  0.00803142     -1318.44
  0.00812222     -1396.87
  0.00821406     -1465.03
  0.00830693     -1521.97
  0.00840085     -1566.85
  0.00849584     -1598.82
   0.0085919     -1617.13
  0.00868904     -1621.06
  0.00878728     -1610.03
  0.00888664     -1583.51
  0.00898711     -1541.13
  0.00908873     -1482.62
  0.00919149     -1407.89
  0.00929541     -1316.98
  0.00940051     -1210.13
   0.0095068     -1087.73
  0.00961429     -950.447
  0.00972299     -799.079
  0.00983293     -634.713
   0.0099441     -458.612
   0.0100565     -272.328
   0.0101702     -77.5959
   0.0102852      123.563
   0.0104015      328.948
   0.0105191       536.09
   0.0106381      742.364
   0.0107583      944.912
     0.01088      1140.77
    0.011003      1326.78
   0.0111274      1499.76
   0.0112532      1656.44
   0.0113804      1793.57
   0.0115091      1907.93
   0.0116392      1996.47
   0.0117708      2056.26
   0.0119039       2084.7
   0.0120385      2079.44
   0.0121746      2038.62
   0.0123123       1960.8
   0.0124515      1845.17
   0.0125923      1691.51
   0.0127347      1500.37
   0.0128786      1273.03
   0.0130243      1011.69
   0.0131715      719.367
   0.0133204      400.076
   0.0134711      58.7254
   0.0136234     -298.785
   0.0137774     -665.678
   0.0139332     -1034.26
   0.0140907     -1396.07
     0.01425     -1741.93
   0.0144111     -2062.12
   0.0145741      -2346.5
   0.0147389     -2584.75
   0.0149055     -2766.54
    0.015074     -2881.86
   0.0152445     -2921.19
   0.0154168     -2875.89
   0.0155911     -2738.43
   0.0157674     -2502.77
   0.0159457     -2164.59
    0.016126     -1721.69
   0.0163083     -1174.14
   0.0164927     -524.624
   0.0166792      221.465
   0.0168678      1055.81
   0.0170585       1967.2
   0.0172514      2941.48
   0.0174464      3961.76
   0.0176437      5008.57
   0.0178432      6060.24
   0.0180449      7093.31
   0.0182489      8083.14
   0.0184553      9004.46
   0.0186639      9832.23
    0.018875      10542.3
   0.0190884      11112.5
   0.0193042      11523.3
   0.0195225      11758.5
   0.0197432      11806.7
   0.0199664      11661.3
   0.0201922      11321.3
   0.0204205      10792.1
   0.0206513      10085.1
   0.0208848      9217.94
    0.021121      8214.36
   0.0213598      7103.32
   0.0216013      5918.21
   0.0218455       4695.8
   0.0220925      3474.74
   0.0223423      2294.09
   0.0225949      1191.52
   0.0228504      201.663
   0.0231088     -645.696
     0.02337     -1327.09
   0.0236343     -1826.78
   0.0239015     -2137.66
   0.0241717     -2261.89
    0.024445     -2210.86
   0.0247214     -2004.78
   0.0250009     -1671.56
   0.0252836     -1245.29
   0.0255695      -764.13
   0.0258586     -267.955
   0.0261509      204.306
   0.0264466      617.271
   0.0267456      941.651
    0.027048      1156.31
   0.0273539       1249.9
   0.0276631      1221.59
   0.0279759      1081.18
   0.0282922      848.097
   0.0286121      549.664
   0.0289356      218.535
   0.0292628     -110.374
   0.0295936      -403.35
   0.0299282     -631.212
   0.0302666     -772.393
   0.0306088     -815.183
   0.0309549     -759.099
   0.0313049     -614.917
   0.0316589     -403.543
   0.0320168     -153.531
   0.0323788      102.279
   0.0327449      330.888
   0.0331151      503.295
   0.0334896      598.402
   0.0338682      605.866
   0.0342511      527.698
   0.0346384      378.047
     0.03503       181.36
   0.0354261     -31.1915
   0.0358267       -226.3
   0.0362317     -373.747
   0.0366414     -451.203
   0.0370557     -448.059
   0.0374746     -367.308
   0.0378983     -225.307
   0.0383268      -49.057
   0.0387602      128.414
   0.0391984      274.082
   0.0396416      361.089
   0.0400898      374.082
   0.0405431       312.39
   0.0410015      190.487
   0.0414651      35.2321
   0.0419339      -119.52
   0.0424081     -240.159
   0.0428875     -300.703
   0.0433725     -288.895
   0.0438628     -209.262
   0.0443588     -82.4445
   0.0448603      59.5259
   0.0453675      180.872
   0.0458805      251.125
   0.0463992      253.086
   0.0469239      187.742
   0.0474544      74.3369
   0.0479909     -54.4998
   0.0485336      -161.78
   0.0490823     -216.733
   0.0496373     -204.154
   0.0501985      -129.31
   0.0507661      -16.849
     0.05134      96.6356
   0.0519205      174.144
   0.0525076      190.605
   0.0531012      141.607
   0.0537016      45.4883
   0.0543088     -62.6845
   0.0549229     -143.367
   0.0555438     -167.158
   0.0561718     -126.128
    0.056807     -37.4874
   0.0574492      62.6789
   0.0580988      133.494
   0.0587557      146.154
     0.05942      96.3564
   0.0600919      6.83117
   0.0607713       -82.09
   0.0614584     -130.194
   0.0621533      -116.02
    0.062856     -47.3983
   0.0635667      41.5249
   0.0642854      106.517
   0.0650123      115.221
   0.0657473      64.1706
   0.0664907     -18.7144
   0.0672425     -88.2771
   0.0680028     -106.548
   0.0687716     -64.1682
   0.0695492       13.457
   0.0703356      80.2212
   0.0711308      96.3185
   0.0719351       52.804
   0.0727484     -22.1059
   0.0735709      -80.031
   0.0744028     -83.5172
    0.075244      -31.179
   0.0760947      40.3846
   0.0769551      81.1259
   0.0778252      62.6492
   0.0787051    -0.606723
    0.079595     -61.0556
    0.080495     -73.0333
   0.0814051     -28.1557
   0.0823255      37.2245
   0.0832563      70.1028
   0.0841976      44.0401
   0.0851496     -18.0793
   0.0861124     -62.3815
    0.087086     -50.4427
   0.0880707      6.10553
   0.0890664       54.908
   0.0900735      50.7033
   0.0910919      -1.5952
   0.0921218     -50.4085
   0.0931634     -47.5108
   0.0942167      3.26828
    0.095282      48.7144
   0.0963593      41.1407
   0.0974488     -10.3858
   0.0985506     -48.6171
   0.0996649     -31.0913
    0.100792      21.2134
    0.101931      46.8043
    0.103084      15.8308
    0.104249     -33.1889
    0.105428     -39.3795
     0.10662      4.23257
    0.107826      40.7249
    0.109045       22.423
    0.110278     -25.1635
    0.111524     -36.6939
    0.112785      3.16474
    0.114061      36.9737
     0.11535      16.0917
    0.116655     -27.7049
    0.117973     -28.2761
    0.119307      14.3622
    0.120656      32.9675
     0.12202     -1.51107
      0.1234     -32.2138
    0.124795     -8.67076
    0.126206      28.4996
    0.127633      15.4539
    0.129076     -23.9956
    0.130536     -19.3583
    0.132012      20.0563
    0.133504       20.999
    0.135014     -17.4087
     0.13654     -21.1257
    0.138084      16.2906
    0.139645      20.0123
    0.141224     -16.6176
    0.142821     -17.8054
    0.144436      18.0949
    0.146069      14.2167
     0.14772     -20.0862
    0.149391     -9.02969
     0.15108      21.6659
    0.152788      2.03498
    0.154515     -21.4359
    0.156262      6.17721
    0.158029      17.9464
    0.159816     -14.1262
    0.161623     -10.1561
     0.16345      18.9142
    0.165298     -1.12384
    0.167167     -17.4061
    0.169057      12.4379
    0.170969      7.99772
    0.172902     -17.6984
    0.174857      5.99622
    0.176834      12.0304
    0.178833     -15.9658
    0.180855      2.77172
      0.1829       12.596
    0.184968     -14.8253
    0.187059      2.95943
    0.189174      11.0014
    0.191313     -14.7906
    0.193476      6.24197
    0.195664      6.72119
    0.197876     -13.9674
    0.200114      10.9372
    0.202376     -0.75048
    0.204664     -9.36016
    0.206978      13.3737
    0.209319     -9.75436
    0.211685      1.32104
    0.214079      7.19584
    0.216499     -11.9102
    0.218947      11.3422
    0.221423     -6.45386
    0.223926    -0.383642
    0.226458      6.64443
    0.229018     -10.5678
    0.231608       11.503
    0.234226     -9.76617
    0.236875       6.2445
    0.239553     -1.98963
    0.242261     -2.10241
    0.245001        5.439
    0.247771     -7.74504
    0.250572      9.00127
    0.253405     -9.36044
     0.25627      9.04513
    0.259168     -8.29123
    0.262098      7.30214
    0.265062     -6.23574
    0.268059      5.19596
    0.271089     -4.24816
    0.274154       3.4228
    0.277254     -2.72856
    0.280389      2.15774
    0.283559     -1.69839
    0.286765      1.33179
    0.290008     -1.04406
    0.293287     0.819514
    0.296603    -0.645269
    0.299956     0.509405
    0.303348    -0.404897
    0.306777     0.322387
    0.310246    -0.258689
    0.313754     0.208861
    0.317301    -0.170595
    0.320889      0.13937
    0.324517    -0.115725
    0.328186    0.0959903
    0.331897   -0.0800942
    0.335649     0.066904
    0.339444   -0.0570547
    0.343282    0.0485829
    0.347164   -0.0418948
    0.351089    0.0352482
    0.355059   -0.0312147
    0.359073    0.0270291
    0.363133   -0.0237828
    0.367239    0.0202057
    0.371391   -0.0180621
     0.37559    0.0159607
    0.379837   -0.0143267
    0.384131    0.0123044
    0.388474   -0.0115531
    0.392867   0.00991172
    0.397309  -0.00913945
    0.401801   0.00776016
    0.406344  -0.00737223
    0.410938   0.00650377
    0.415584  -0.00620666
    0.420283   0.00503245
    0.425035  -0.00505305
    0.429841   0.00452636
    0.434701   -0.0044096
    0.439616   0.00354742
    0.444586  -0.00354656
    0.449613   0.00300754
    0.454697  -0.00320027
    0.459838   0.00232386
    0.465037  -0.00256582
    0.470295   0.00220696
    0.475612  -0.00232103
     0.48099   0.00192612
    0.486428  -0.00230085
    0.491928   0.00168615
     0.49749  -0.00182689
    0.503115   0.00112969
    0.508803  -0.00132851
    0.514556  0.000924136
    0.520374  -0.00112981
    0.526258  0.000749519
    0.532208  -0.00114677
    0.538225  0.000570085
    0.544311 -0.000886814
    0.550465  0.000478006
    0.556689 -0.000752214
    0.562983  0.000587995
    0.569348  -0.00101955
    0.575786  0.000387759
    0.582296 -0.000717546
     0.58888  0.000334645
    0.595538 -0.000587946
    0.602271  0.000251114
    0.609081 -0.000712236
    0.615967  0.000290602
    0.622932 -0.000602333
    0.629975  0.000266135
    0.637098 -0.000607357
    0.644301  0.000167008
    0.651586 -0.000604341
    0.658953  0.000190517
    0.666404 -0.000406836
    0.673939  5.81019e-05
    0.681558 -0.000460625
    0.689264 -2.30443e-05
    0.697058 -0.000412897
    0.704939  9.96634e-05
    0.712909 -0.000364728
     0.72097  2.93975e-06
    0.729122 -0.000422192
    0.737365 -3.90788e-05
    0.745702 -0.000336665
    0.754134  6.67467e-05
     0.76266 -0.000395047
    0.771283 -5.15125e-05
    0.780004 -0.000377596
    0.788823  2.66225e-05
    0.797742 -0.000336952
    0.806762 -8.92741e-05
    0.815883 -0.000248763
    0.825108 -0.000131776
    0.834437 -0.000253328
    0.843872 -0.000133566
    0.853413 -0.000180774
    0.863062 -0.000189618
    0.872821 -0.000243779
    0.882689 -0.000102358
    0.892669 -0.000266057
    0.902762 -0.000115857
    0.912969 -0.000259947
    0.923292 -0.000107024
    0.933731 -0.000290337
    0.944288 -8.46131e-05
    0.954965 -0.000236951
    0.965762 -0.000160432
    0.976682 -0.000247963
    0.987725 -0.000105748
    0.998892 -0.000234986
     1.01019 -0.000165667
     1.02161 -0.000237185
     1.03316 -0.000111355
     1.04484 -0.000252427
     1.05665 -0.000144988
      1.0686 -0.000214114
     1.08068 -0.000174301
      1.0929 -0.000190229
     1.10526 -0.000167069
     1.11776 -0.000231467
     1.13039   -0.0001384
     1.14317 -0.000216324
      1.1561 -0.000165784
     1.16917 -0.000226153
     1.18239  -0.00012763
     1.19576 -0.000236545
     1.20928  -0.00015798
     1.22295 -0.000205363
     1.23678  -0.00016477
     1.25076 -0.000206234
      1.2649 -0.000180445
     1.27921 -0.000177586
     1.29367  -0.00020306
      1.3083 -0.000168248
     1.32309 -0.000193404
     1.33805 -0.000207466
     1.35318 -0.000146038
     1.36848 -0.000227167
     1.38395 -0.000162867
      1.3996 -0.000196533
     1.41542 -0.000183638
     1.43143 -0.000190123
     1.44761 -0.000180821
     1.46398 -0.000198005
     1.48053 -0.000169088
     1.49727 -0.000201551
      1.5142 -0.000181826
     1.53132 -0.000184952
     1.54863 -0.000184283
     1.56614 -0.000201285
     1.58385 -0.000162176
     1.60176 -0.000210025
     1.61987 -0.000170417
     1.63818 -0.000200751
     1.65671 -0.000175125
     1.67544 -0.000198857
     1.69438 -0.000174124
     1.71354 -0.000193159
     1.73291  -0.00018322
     1.75251 -0.000187805
     1.77232 -0.000185593
     1.79236 -0.000192028
     1.81262  -0.00017978
     1.83312 -0.000196667
     1.85384 -0.000176834
     1.87481 -0.000195186
       1.896 -0.000180432
     1.91744 -0.000190789
     1.93912 -0.000183166
     1.96104 -0.000189336
     1.98322 -0.000180993
     2.00564 -0.000195093
     2.02832 -0.000176784
     2.05125 -0.000198084
     2.07444 -0.000175059
      2.0979 -0.000197562
     2.12162 -0.000177596
     2.14561 -0.000195342
     2.16987 -0.000179512
      2.1944 -0.000193103
     2.21921 -0.000180826
      2.2443  -0.00019338
     2.26968 -0.000181049
     2.29534 -0.000191502
     2.32129 -0.000181824
     2.34754 -0.000191196
     2.37408 -0.000182905
     2.40092 -0.000189376
     2.42807 -0.000183903
     2.45552  -0.00018915
     2.48328 -0.000184487
     2.51136 -0.000188884
     2.53976 -0.000185079
     2.56847 -0.000188541
     2.59751 -0.000184919
     2.62688 -0.000189158
     2.65658 -0.000184554
     2.68662 -0.000188389
       2.717 -0.000184783
     2.74772 -0.000188591
     2.77878 -0.000185308
      2.8102 -0.000188531
     2.84198 -0.000184586
     2.87411 -0.000188764
      2.9066 -0.000185245
     2.93947 -0.000188242
      2.9727 -0.000184943
     3.00631 -0.000187826
      3.0403 -0.000184957
     3.07468 -0.000188728
     3.10944 -0.000185123
      3.1446 -0.000188587
     3.18016 -0.000185539
     3.21611  -0.00018799
     3.25248 -0.000185367
     3.28925 -0.000188045
     3.32644 -0.000185713
     3.36405 -0.000187368
     3.40209 -0.000184966
     3.44055 -0.000188349
     3.47945 -0.000186399
     3.51879 -0.000187216
     3.55858 -0.000185656
     3.59881 -0.000187987
      3.6395 -0.000185715
     3.68065 -0.000187602
     3.72227 -0.000185982
     3.76436 -0.000187473
     3.80692 -0.000185775
     3.84996 -0.000187551
     3.89349 -0.000185791
     3.93751 -0.000187514
     3.98203 -0.000185946
     4.02705 -0.000187652
     4.07259 -0.000186251
     4.11863 -0.000187339
      4.1652 -0.000186006
     4.21229 -0.000187132
     4.25992 -0.000186097
     4.30809 -0.000187199
      4.3568 -0.000186423
     4.40606 -0.000187236
     4.45587 -0.000186377
     4.50625 -0.000186835
      4.5572 -0.000185989
     4.60873 -0.000187601
     4.66084 -0.000186251
     4.71354 -0.000187298
     4.76683 -0.000185882
     4.82073 -0.000187318
     4.87523 -0.000186289
     4.93035 -0.000187384
      4.9861 -0.000186099
     5.04247 -0.000187009
     5.09949  -0.00018614
     5.15714 -0.000187032
     5.21545 -0.000186678
     5.27442  -0.00018713
     5.33406 -0.000186281
     5.39437 -0.000187184
     5.45536   -0.0001862
     5.51704 -0.000186821
     5.57942 -0.000186059
      5.6425 -0.000187391
      5.7063 -0.000186416
     5.77082  -0.00018713
     5.83607 -0.000186405
     5.90205 -0.000186848
     5.96878 -0.000186268
     6.03627 -0.000187102
     6.10452 -0.000186195
     6.17354 -0.000187011
     6.24334 -0.000186495
     6.31393 -0.000186966
     6.38532 -0.000186511
     6.45752 -0.000186892
     6.53053 -0.000186366
     6.60437 -0.000186663
     6.67904 -0.000186702
     6.75456 -0.000186726
     6.83093 -0.000186547
     6.90816 -0.000186971
     6.98627 -0.000186423
     7.06526 -0.000186649
     7.14514 -0.000186529
     7.22593 -0.000186914
     7.30763 -0.000186402
     7.39025 -0.000186852
     7.47381 -0.000186585
     7.55831   -0.0001866
     7.64377 -0.000186636
      7.7302 -0.000186744
      7.8176 -0.000186498
     7.90599 -0.000186706
     7.99538 -0.000186388
     8.08578 -0.000186986
      8.1772 -0.000186515
     8.26966 -0.000186545
     8.36316 -0.000186558
     8.45772 -0.000186704
     8.55334 -0.000186609
     8.65005 -0.000186602
     8.74785  -0.00018654
     8.84676  -0.00018676
     8.94679 -0.000186373
     9.04795 -0.000186708
     9.15025 -0.000186568
      9.2537 -0.000186627
     9.35833 -0.000186566
     9.46414  -0.00018655
     9.57115 -0.000186547
     9.67936 -0.000186597
      9.7888 -0.000186555
     9.89948 -0.000186632
     10.0114 -0.000186412
     10.1246 -0.000186656
     10.2391 -0.000186478
     10.3548 -0.000186622
     10.4719 -0.000186435
     10.5903 -0.000186614
     10.7101 -0.000186467
     10.8312 -0.000186567
     10.9536 -0.000186484
     11.0775 -0.000186524
     11.2027  -0.00018652
     11.3294  -0.00018651
     11.4575  -0.00018644
      11.587 -0.000186524
      11.718 -0.000186468
     11.8505  -0.00018653
     11.9845 -0.000186343
       12.12  -0.00018658
      12.257 -0.000186394
     12.3956 -0.000186497
     12.5358 -0.000186373
     12.6775  -0.00018651
     12.8209 -0.000186381
     12.9658 -0.000186444
     13.1124 -0.000186386
     13.2607 -0.000186432
     13.4106 -0.000186373
     13.5622 -0.000186408
     13.7156 -0.000186357
     13.8707 -0.000186411
     14.0275 -0.000186298
     14.1861 -0.000186429
     14.3465 -0.000186296
     14.5087 -0.000186359
     14.6727  -0.00018631
     14.8386  -0.00018635
     15.0064 -0.000186262
     15.1761 -0.000186341
     15.3477 -0.000186252
     15.5212 -0.000186313
     15.6967 -0.000186229
     15.8742 -0.000186297
     16.0536 -0.000186208
     16.2351 -0.000186261
     16.4187 -0.000186191
     16.6043  -0.00018623
     16.7921 -0.000186175
     16.9819 -0.000186202
      17.174 -0.000186149
     17.3681  -0.00018618
     17.5645 -0.000186119
     17.7631 -0.000186146
     17.9639 -0.000186111
      18.167 -0.000186098
     18.3725 -0.000186088
     18.5802 -0.000186084
     18.7903 -0.000186023
     19.0027 -0.000186082
     19.2176 -0.000185983
     19.4349 -0.000186035
     19.6546 -0.000185977
     19.8768 -0.000185978
     20.1016  -0.00018595
     20.3288 -0.000185946
     20.5587 -0.000185902
     20.7911 -0.000185922
     21.0262 -0.000185855
     21.2639 -0.000185883
     21.5044  -0.00018582
     21.7475 -0.000185834
     21.9934 -0.000185786
     22.2421 -0.000185783
     22.4935 -0.000185751
     22.7479 -0.000185737
     23.0051 -0.000185698
     23.2652 -0.000185694
     23.5282  -0.00018565
     23.7942 -0.000185648
     24.0633 -0.000185596
     24.3353 -0.000185597
     24.6105 -0.000185545
     24.8888 -0.000185543
     25.1702 -0.000185487
     25.4547 -0.000185488
     25.7425 -0.000185434
     26.0336 -0.000185425
      26.328 -0.000185374
     26.6256 -0.000185365
     26.9267 -0.000185312
     27.2311 -0.000185301
      27.539 -0.000185247
     27.8504 -0.000185232
     28.1653 -0.000185178
     28.4837 -0.000185162
     28.8058 -0.000185106
     29.1315 -0.000185089
     29.4609 -0.000185031
      29.794 -0.000185011
     30.1308 -0.000184954
     30.4715  -0.00018493
      30.816 -0.000184872
     31.1644 -0.000184845
     31.5168 -0.000184787
     31.8731 -0.000184758
     32.2335 -0.000184696
      32.598 -0.000184665
     32.9665 -0.000184602
     33.3393 -0.000184569
     33.7162 -0.000184504
     34.0974 -0.000184468
      34.483 -0.000184403
     34.8729 -0.000184362
     35.2671 -0.000184295
     35.6659 -0.000184251
     36.0691 -0.000184183
      36.477 -0.000184137
     36.8894 -0.000184065
     37.3065 -0.000184017
     37.7283 -0.000183942
     38.1549  -0.00018389
     38.5863 -0.000183814
     39.0225 -0.000183759
     39.4638  -0.00018368
       39.91 -0.000183621
     40.3612  -0.00018354
     40.8175 -0.000183477
      41.279 -0.000183392
     41.7458 -0.000183326
     42.2178 -0.000183239
     42.6951 -0.000183169
     43.1778 -0.000183078
      43.666 -0.000183004
     44.1597  -0.00018291
      44.659 -0.000182831
      45.164 -0.000182735
     45.6746 -0.000182652
      46.191 -0.000182551
     46.7133 -0.000182464
     47.2415 -0.000182359
     47.7756 -0.000182267
     48.3158 -0.000182158
     48.8621 -0.000182062
     49.4145 -0.000181948
     49.9732 -0.000181846
     50.5383 -0.000181729
     51.1097 -0.000181621
     51.6875 -0.000181499
      52.272 -0.000181386
      52.863 -0.000181259
     53.4607 -0.000181141
     54.0651 -0.000181008
     54.6764 -0.000180884
     55.2946 -0.000180745
     55.9198 -0.000180615
     56.5521 -0.000180471
     57.1915 -0.000180334
     57.8381 -0.000180184
      58.492 -0.000180041
     59.1534 -0.000179884
     59.8222 -0.000179734
     60.4986 -0.000179571
     61.1826 -0.000179413
     61.8744 -0.000179243
      62.574 -0.000179078
     63.2815   -0.0001789
      63.997 -0.000178728
     64.7205 -0.000178542
     65.4523 -0.000178362
     66.1923 -0.000178168
     66.9408 -0.000177979
     67.6976 -0.000177777
      68.463 -0.000177579
     69.2371 -0.000177368
       70.02 -0.000177161
     70.8116 -0.000176941
     71.6123 -0.000176724
      72.422 -0.000176494
     73.2408 -0.000176267
     74.0689 -0.000176028
     74.9064  -0.00017579
     75.7533  -0.00017554
     76.6098 -0.000175291
      77.476  -0.00017503
      78.352  -0.00017477
     79.2379 -0.000174498
     80.1338 -0.000174226
     81.0398 -0.000173941
     81.9561 -0.000173657
     82.8827  -0.00017336
     83.8198 -0.000173063
     84.7676 -0.000172753
      85.726 -0.000172442
     86.6952 -0.000172118
     87.6755 -0.000171793
     88.6668 -0.000171456
     89.6693 -0.000171116
     90.6831 -0.000170764
     91.7084 -0.000170409
     92.7454 -0.000170041
      93.794  -0.00016967
     94.8545 -0.000169286
     95.9269 -0.000168898
     97.0115 -0.000168497
     98.1084 -0.000168093
     99.2177 -0.000167674
