        0.01  4.22777e-09
   0.0101131  4.39905e-09
   0.0102274  4.57462e-09
    0.010343  4.75846e-09
     0.01046  4.94976e-09
   0.0105783  5.14889e-09
   0.0106979  5.35524e-09
   0.0108188  5.56906e-09
   0.0109411  5.79221e-09
   0.0110648   6.0248e-09
   0.0111899   6.2674e-09
   0.0113165  6.51986e-09
   0.0114444  6.78106e-09
   0.0115738  7.05389e-09
   0.0117047  7.33674e-09
    0.011837  7.63035e-09
   0.0119709   7.9371e-09
   0.0121062  8.25578e-09
   0.0122431  8.58696e-09
   0.0123815  8.93157e-09
   0.0125215  9.29008e-09
   0.0126631  9.66262e-09
   0.0128062  1.00504e-08
    0.012951  1.04541e-08
   0.0130975  1.08737e-08
   0.0132456  1.13106e-08
   0.0133953  1.17641e-08
   0.0135468   1.2236e-08
   0.0136999  1.27269e-08
   0.0138548  1.32377e-08
   0.0140115  1.37695e-08
   0.0141699  1.43217e-08
   0.0143301  1.48967e-08
   0.0144921  1.54947e-08
    0.014656  1.61168e-08
   0.0148217  1.67626e-08
   0.0149893  1.74367e-08
   0.0151588  1.81362e-08
   0.0153302  1.88639e-08
   0.0155035  1.96211e-08
   0.0156788  2.04086e-08
   0.0158561  2.12275e-08
   0.0160353  2.20796e-08
   0.0162166  2.29652e-08
      0.0164  2.38871e-08
   0.0165854  2.48457e-08
   0.0167729  2.58434e-08
   0.0169626  2.68804e-08
   0.0171544  2.79592e-08
   0.0173483  2.90816e-08
   0.0175445  3.02494e-08
   0.0177429  3.14635e-08
   0.0179435  3.27259e-08
   0.0181463  3.40389e-08
   0.0183515  3.54053e-08
    0.018559  3.68262e-08
   0.0187688  3.83035e-08
   0.0189811  3.98418e-08
   0.0191957  4.14408e-08
   0.0194127  4.31037e-08
   0.0196322  4.48334e-08
   0.0198542  4.66339e-08
   0.0200786  4.85039e-08
   0.0203057  5.04519e-08
   0.0205353  5.24767e-08
   0.0207674  5.45827e-08
   0.0210022  5.67735e-08
   0.0212397  5.90524e-08
   0.0214799  6.14229e-08
   0.0217227  6.38873e-08
   0.0219683  6.64516e-08
   0.0222167  6.91182e-08
   0.0224679  7.18925e-08
   0.0227219  7.47779e-08
   0.0229788  7.77791e-08
   0.0232387  8.09017e-08
   0.0235014  8.41483e-08
   0.0237671  8.75248e-08
   0.0240358  9.10378e-08
   0.0243076  9.46917e-08
   0.0245824  9.84924e-08
   0.0248604  1.02446e-07
   0.0251415  1.06557e-07
   0.0254257  1.10833e-07
   0.0257132  1.15282e-07
   0.0260039  1.19908e-07
   0.0262979  1.24721e-07
   0.0265953  1.29728e-07
    0.026896  1.34934e-07
   0.0272001   1.4035e-07
   0.0275076  1.45983e-07
   0.0278186  1.51841e-07
   0.0281332  1.57936e-07
   0.0284513  1.64275e-07
   0.0287729  1.70867e-07
   0.0290983  1.77726e-07
   0.0294273  1.84859e-07
     0.02976  1.92278e-07
   0.0300965  1.99995e-07
   0.0304368  2.08023e-07
   0.0307809  2.16371e-07
   0.0311289  2.25054e-07
   0.0314809  2.34088e-07
   0.0318368  2.43483e-07
   0.0321968  2.53256e-07
   0.0325608  2.63419e-07
    0.032929  2.73993e-07
   0.0333013   2.8499e-07
   0.0336778  2.96426e-07
   0.0340586  3.08325e-07
   0.0344437  3.20699e-07
   0.0348331   3.3357e-07
   0.0352269  3.46957e-07
   0.0356252  3.60881e-07
    0.036028  3.75365e-07
   0.0364354  3.90433e-07
   0.0368473  4.06101e-07
    0.037264  4.22403e-07
   0.0376853  4.39355e-07
   0.0381114  4.56989e-07
   0.0385423   4.7533e-07
   0.0389781  4.94408e-07
   0.0394188  5.14251e-07
   0.0398645  5.34891e-07
   0.0403152  5.56358e-07
    0.040771  5.78685e-07
    0.041232  6.01913e-07
   0.0416982  6.26071e-07
   0.0421697    6.512e-07
   0.0426464  6.77331e-07
   0.0431286  7.04517e-07
   0.0436163  7.32797e-07
   0.0441094  7.62204e-07
   0.0446081  7.92794e-07
   0.0451125  8.24615e-07
   0.0456226  8.57713e-07
   0.0461384  8.92135e-07
   0.0466601  9.27944e-07
   0.0471876  9.65182e-07
   0.0477212  1.00392e-06
   0.0482607  1.04421e-06
   0.0488064  1.08613e-06
   0.0493582  1.12971e-06
   0.0499163  1.17506e-06
   0.0504807  1.22222e-06
   0.0510514  1.27127e-06
   0.0516286  1.32229e-06
   0.0522124  1.37537e-06
   0.0528027  1.43056e-06
   0.0533997  1.48798e-06
   0.0540035   1.5477e-06
   0.0546141  1.60982e-06
   0.0552316  1.67443e-06
   0.0558561  1.74163e-06
   0.0564876  1.81153e-06
   0.0571263  1.88424e-06
   0.0577722  1.95986e-06
   0.0584254  2.03852e-06
    0.059086  2.12033e-06
    0.059754  2.20543e-06
   0.0604296  2.29394e-06
   0.0611129  2.38601e-06
   0.0618039  2.48178e-06
   0.0625027  2.58139e-06
   0.0632093  2.68498e-06
    0.063924  2.79274e-06
   0.0646468  2.90483e-06
   0.0653777  3.02141e-06
   0.0661169  3.14268e-06
   0.0668645  3.26882e-06
   0.0676205  3.40001e-06
    0.068385  3.53646e-06
   0.0691582  3.67839e-06
   0.0699402  3.82603e-06
   0.0707309  3.97957e-06
   0.0715307  4.13931e-06
   0.0723394  4.30542e-06
   0.0731573  4.47822e-06
   0.0739845  4.65796e-06
    0.074821   4.8449e-06
    0.075667  5.03936e-06
   0.0765225  5.24161e-06
   0.0773877  5.45197e-06
   0.0782627  5.67079e-06
   0.0791476  5.89839e-06
   0.0800424  6.13509e-06
   0.0809474  6.38132e-06
   0.0818627  6.63745e-06
   0.0827883  6.90385e-06
   0.0837243  7.18091e-06
   0.0846709   7.4691e-06
   0.0856283  7.76889e-06
   0.0865964  8.08067e-06
   0.0875755  8.40498e-06
   0.0885657  8.74232e-06
   0.0895671  9.09319e-06
   0.0905798  9.45814e-06
   0.0916039  9.83772e-06
   0.0926396  1.02325e-05
   0.0936871  1.06432e-05
   0.0947464  1.10704e-05
   0.0958176  1.15147e-05
    0.096901  1.19768e-05
   0.0979966  1.24575e-05
   0.0991046  1.29575e-05
    0.100225  1.34774e-05
    0.101358  1.40183e-05
    0.102504  1.45809e-05
    0.103663  1.51661e-05
    0.104835  1.57747e-05
    0.106021  1.64082e-05
    0.107219  1.70663e-05
    0.108432  1.77516e-05
    0.109658  1.84641e-05
    0.110898  1.92052e-05
    0.112151  1.99754e-05
    0.113419  2.07771e-05
    0.114702  2.16113e-05
    0.115999  2.24788e-05
     0.11731  2.33805e-05
    0.118637  2.43193e-05
    0.119978  2.52951e-05
    0.121335  2.63106e-05
    0.122706  2.73658e-05
    0.124094  2.84646e-05
    0.125497  2.96069e-05
    0.126916  3.07952e-05
    0.128351  3.20311e-05
    0.129802  3.33164e-05
     0.13127  3.46539e-05
    0.132754  3.60445e-05
    0.134255   3.7491e-05
    0.135773  3.89957e-05
    0.137308  4.05606e-05
     0.13886  4.21879e-05
     0.14043   4.3881e-05
    0.142018  4.56423e-05
    0.143624  4.74743e-05
    0.145248  4.93797e-05
     0.14689  5.13611e-05
    0.148551  5.34226e-05
     0.15023  5.55658e-05
    0.151929  5.77963e-05
    0.153647  6.01161e-05
    0.155384  6.25284e-05
    0.157141   6.5038e-05
    0.158918  6.76485e-05
    0.160714  7.03621e-05
    0.162531  7.31856e-05
    0.164369  7.61233e-05
    0.166228  7.91791e-05
    0.168107  8.23559e-05
    0.170008  8.56615e-05
     0.17193  8.90988e-05
    0.173874  9.26746e-05
     0.17584  9.63939e-05
    0.177828  0.000100262
    0.179839  0.000104286
    0.181872  0.000108471
    0.183928  0.000112823
    0.186008  0.000117352
    0.188111  0.000122061
    0.190238  0.000126959
    0.192389  0.000132054
    0.194564  0.000137353
    0.196764  0.000142865
    0.198989  0.000148599
    0.201238   0.00015456
    0.203514  0.000160765
    0.205815  0.000167216
    0.208142  0.000173926
    0.210495  0.000180904
    0.212875  0.000188164
    0.215282  0.000195715
    0.217716  0.000203569
    0.220178  0.000211739
    0.222667  0.000220234
    0.225185  0.000229073
    0.227731  0.000238265
    0.230306  0.000247827
     0.23291  0.000257772
    0.235543  0.000268114
    0.238206  0.000278872
      0.2409  0.000290066
    0.243623  0.000301702
    0.246378   0.00031381
    0.249163    0.0003264
    0.251981  0.000339501
     0.25483  0.000353124
    0.257711  0.000367292
    0.260625  0.000382031
    0.263571  0.000397356
    0.266552  0.000413305
    0.269565  0.000429885
    0.272613  0.000447135
    0.275696   0.00046508
    0.278813   0.00048374
    0.281965  0.000503148
    0.285153  0.000523336
    0.288377  0.000544333
    0.291638  0.000566177
    0.294935  0.000588891
     0.29827  0.000612521
    0.301642  0.000637094
    0.305053   0.00066266
    0.308502  0.000689247
     0.31199    0.0007169
    0.315517  0.000745659
    0.319085  0.000775581
    0.322693    0.0008067
    0.326341   0.00083906
    0.330031  0.000872726
    0.333762  0.000907735
    0.337536  0.000944156
    0.341353  0.000982041
    0.345212   0.00102143
    0.349115   0.00106241
    0.353062   0.00110503
    0.357054   0.00114936
    0.361091   0.00119547
    0.365174   0.00124343
    0.369303   0.00129332
    0.373479   0.00134521
    0.377701   0.00139916
    0.381972    0.0014553
    0.386291   0.00151368
    0.390658   0.00157439
    0.395075   0.00163754
    0.399542   0.00170323
    0.404059   0.00177155
    0.408628   0.00184262
    0.413248   0.00191652
    0.417921   0.00199341
    0.422646   0.00207336
    0.427424   0.00215651
    0.432257   0.00224301
    0.437144   0.00233297
    0.442087   0.00242655
    0.447086   0.00252389
    0.452141   0.00262511
    0.457253    0.0027304
    0.462423    0.0028399
    0.467651   0.00295379
    0.472939   0.00307226
    0.478286   0.00319546
    0.483694   0.00332362
    0.489162   0.00345688
    0.494693   0.00359551
    0.500286   0.00373969
    0.505943   0.00388966
    0.511663   0.00404562
    0.517449   0.00420787
    0.523299   0.00437658
    0.529216   0.00455208
    0.535199   0.00473458
    0.541251   0.00492444
     0.54737   0.00512186
    0.553559   0.00532721
    0.559818    0.0055408
    0.566148   0.00576295
    0.572549   0.00599398
    0.579022   0.00623425
    0.585569   0.00648418
     0.59219   0.00674413
    0.598885   0.00701445
    0.605657   0.00729565
    0.612505   0.00758809
     0.61943   0.00789223
    0.626434   0.00820858
    0.633516   0.00853754
    0.640679   0.00887972
    0.647923   0.00923561
    0.655249   0.00960575
    0.662657   0.00999066
     0.67015    0.0103911
    0.677727    0.0108074
     0.68539    0.0112405
    0.693139    0.0116909
    0.700976    0.0121593
    0.708902    0.0126465
    0.716917    0.0131532
    0.725023    0.0136802
     0.73322    0.0142282
     0.74151    0.0147981
    0.749894    0.0153909
    0.758373    0.0160075
    0.766947    0.0166486
    0.775619    0.0173154
    0.784389     0.018009
    0.793257    0.0187301
    0.802226    0.0194802
    0.811297    0.0202604
     0.82047    0.0210717
    0.829746    0.0219153
    0.839128    0.0227928
    0.848615    0.0237053
     0.85821    0.0246543
    0.867914    0.0256413
    0.877727    0.0266677
    0.887651    0.0277352
    0.897687    0.0288452
    0.907837    0.0299997
    0.918101    0.0312002
    0.928482    0.0324488
     0.93898    0.0337472
    0.949596    0.0350974
    0.960333    0.0365016
    0.971191    0.0379619
    0.982172    0.0394805
    0.993277    0.0410597
     1.00451    0.0427023
     1.01586     0.044409
     1.02735    0.0461855
     1.03897     0.048033
     1.05071    0.0499524
     1.06259    0.0519495
     1.07461    0.0540273
     1.08676    0.0561869
     1.09905    0.0584331
     1.11147    0.0607671
     1.12404    0.0631961
     1.13675    0.0657214
      1.1496    0.0683467
      1.1626    0.0710775
     1.17574    0.0739156
     1.18904    0.0768693
     1.20248    0.0799383
     1.21608    0.0831313
     1.22983    0.0864506
     1.24373    0.0899006
     1.25779    0.0934887
     1.27201    0.0972197
      1.2864     0.101102
     1.30094     0.105135
     1.31565     0.109329
     1.33053     0.113692
     1.34557     0.118226
     1.36078     0.122939
     1.37617     0.127843
     1.39173      0.13294
     1.40746     0.138237
     1.42338     0.143749
     1.43947     0.149476
     1.45575     0.155434
     1.47221     0.161626
     1.48885     0.168061
     1.50569     0.174756
     1.52271     0.181713
     1.53993     0.188948
     1.55734     0.196468
     1.57495     0.204287
     1.59275     0.212411
     1.61076     0.220861
     1.62897     0.229644
     1.64739     0.238776
     1.66602      0.24827
     1.68485     0.258133
      1.7039      0.26839
     1.72317     0.279055
     1.74265     0.290137
     1.76236     0.301661
     1.78228     0.313632
     1.80243     0.326079
     1.82281     0.339017
     1.84342     0.352465
     1.86427     0.366448
     1.88534      0.38097
     1.90666     0.396071
     1.92822     0.411766
     1.95002     0.428076
     1.97207     0.445029
     1.99437     0.462648
     2.01691     0.480949
     2.03972     0.499981
     2.06278     0.519752
      2.0861     0.540298
     2.10969     0.561654
     2.13354     0.583841
     2.15767     0.606905
     2.18206     0.630859
     2.20673     0.655753
     2.23168      0.68162
     2.25692     0.708506
     2.28244     0.736435
     2.30824     0.765442
     2.33434      0.79559
     2.36073     0.826904
     2.38742     0.859439
     2.41442     0.893249
     2.44172     0.928366
     2.46932     0.964834
     2.49724      1.00273
     2.52548      1.04209
     2.55403      1.08297
     2.58291      1.12544
     2.61211      1.16955
     2.64165      1.21537
     2.67152      1.26295
     2.70172      1.31235
     2.73227      1.36368
     2.76316      1.41696
      2.7944       1.4723
       2.826      1.52977
     2.85795      1.58943
     2.89026      1.65138
     2.92294      1.71571
     2.95599      1.78249
     2.98941      1.85182
     3.02321       1.9238
      3.0574      1.99854
     3.09196      2.07608
     3.12692       2.1566
     3.16228      2.24017
     3.19803       2.3269
     3.23419      2.41691
     3.27076      2.51034
     3.30774      2.60727
     3.34514      2.70787
     3.38296      2.81224
     3.42121      2.92054
     3.45989       3.0329
     3.49901      3.14947
     3.53857      3.27038
     3.57858      3.39582
     3.61904      3.52593
     3.65996      3.66087
     3.70134      3.80082
     3.74319      3.94596
     3.78552      4.09649
     3.82832      4.25254
      3.8716      4.41432
     3.91538      4.58208
     3.95964      4.75593
     4.00441      4.93618
     4.04969      5.12302
     4.09548      5.31665
     4.14178      5.51729
     4.18861      5.72521
     4.23597      5.94065
     4.28387      6.16388
      4.3323      6.39507
     4.38129      6.63461
     4.43082      6.88263
     4.48092      7.13955
     4.53158      7.40555
     4.58282      7.68101
     4.63464      7.96619
     4.68704      8.26138
     4.74003       8.5669
     4.79363      8.88315
     4.84782      9.21031
     4.90264      9.54893
     4.95807      9.89918
     5.01413      10.2615
     5.07082      10.6362
     5.12815      11.0237
     5.18613      11.4244
     5.24477      11.8387
     5.30407      12.2669
     5.36404      12.7094
     5.42469      13.1667
     5.48603      13.6392
     5.54805      14.1272
     5.61078      14.6313
     5.67422      15.1519
     5.73838      15.6894
     5.80326      16.2442
     5.86887      16.8168
     5.93523      17.4077
     6.00234      18.0173
      6.0702       18.646
     6.13883      19.2944
     6.20824      19.9629
     6.27844       20.652
     6.34942      21.3621
     6.42121      22.0937
     6.49382      22.8474
     6.56724      23.6234
     6.64149      24.4223
     6.71658      25.2446
     6.79253      26.0908
     6.86932      26.9611
     6.94699      27.8561
     7.02554      28.7763
     7.10497      29.7219
     7.18531      30.6936
     7.26655      31.6914
     7.34871      32.7159
      7.4318      33.7674
     7.51582      34.8461
      7.6008      35.9525
     7.68674      37.0867
     7.77365       38.249
     7.86154      39.4395
     7.95043      40.6586
     8.04032      41.9062
     8.13123      43.1825
     8.22317      44.4875
     8.31614       45.821
     8.41017      47.1832
     8.50526      48.5738
     8.60142      49.9927
     8.69868      51.4397
     8.79703      52.9142
     8.89649       54.416
     8.99708      55.9447
     9.09881      57.4995
     9.20168      59.0798
     9.30572       60.685
     9.41094      62.3141
     9.51734       63.966
     9.62495      65.6399
     9.73377      67.3343
     9.84383      69.0482
     9.95513      70.7798
     10.0677       72.528
     10.1815        74.29
     10.2966      76.0648
     10.4131      77.8517
     10.5308      79.6453
     10.6499      81.4459
     10.7703      83.2493
      10.892      85.0525
     11.0152      86.8554
     11.1397      88.6517
     11.2657      90.4408
     11.3931      92.2174
     11.5219      93.9777
     11.6522       95.719
     11.7839      97.4356
     11.9171      99.1242
     12.0519      100.781
     12.1881        102.4
     12.3259      103.976
     12.4653      105.506
     12.6063      106.982
     12.7488      108.399
     12.8929      109.752
     13.0387      111.035
     13.1861       112.24
     13.3352      113.363
      13.486      114.396
     13.6385      115.332
     13.7927      116.165
     13.9486      116.887
     14.1063      117.491
     14.2658      117.971
     14.4271      118.318
     14.5902      118.525
     14.7552      118.585
      14.922       118.49
     15.0908      118.233
     15.2614      117.806
     15.4339      117.203
     15.6084      116.415
     15.7849      115.437
     15.9634      114.261
     16.1439      112.881
     16.3264      111.292
      16.511      109.487
     16.6977      107.461
     16.8865       105.21
     17.0774       102.73
     17.2705      100.016
     17.4658      97.0664
     17.6632      93.8812
     17.8629      90.4563
     18.0649       86.792
     18.2692      82.8895
     18.4757      78.7534
     18.6846      74.3832
     18.8959      69.7838
     19.1095      64.9637
     19.3256      59.9258
     19.5441      54.6815
     19.7651       49.239
     19.9885      43.6129
     20.2145      37.8119
     20.4431      31.8513
     20.6742      25.7507
      20.908      19.5235
     21.1444      13.1929
     21.3835      6.77816
     21.6252     0.305838
     21.8697     -6.20407
      22.117     -12.7246
     22.3671     -19.2271
       22.62     -25.6817
     22.8757     -32.0573
     23.1344     -38.3263
     23.3959     -44.4505
     23.6605     -50.4024
      23.928     -56.1424
     24.1985     -61.6375
     24.4721     -66.8538
     24.7488     -71.7556
     25.0287     -76.3092
     25.3116     -80.4769
     25.5978     -84.2295
     25.8873     -87.5343
     26.1799     -90.3585
      26.476     -92.6772
     26.7753     -94.4619
      27.078     -95.6907
     27.3842     -96.3436
     27.6938      -96.404
     28.0069     -95.8596
     28.3236     -94.7019
     28.6438     -92.9282
     28.9677      -90.539
     29.2952     -87.5423
     29.6265      -83.949
     29.9614     -79.7799
     30.3002     -75.0562
     30.6428     -69.8097
     30.9892     -64.0776
     31.3396     -57.8994
      31.694     -51.3238
     32.0523     -44.4073
     32.4147     -37.2061
     32.7812      -29.785
     33.1519     -22.2113
     33.5267     -14.5603
     33.9058     -6.90399
     34.2891     0.676956
     34.6768      8.10663
     35.0689      15.3046
     35.4654      22.1914
     35.8664      28.6909
     36.2719      34.7283
      36.682      40.2345
     37.0968      45.1457
     37.5162       49.402
     37.9404      52.9549
     38.3693      55.7619
     38.8032      57.7929
     39.2419      59.0257
     39.6856      59.4517
     40.1343      59.0736
     40.5881      57.9064
      41.047      55.9783
     41.5111      53.3294
     41.9804      50.0127
     42.4551      46.0913
     42.9351      41.6411
     43.4205      36.7462
     43.9115      31.4975
      44.408      25.9951
     44.9101      20.3417
     45.4178      14.6434
     45.9314      9.00281
     46.4507      3.52576
     46.9759     -1.69105
      47.507     -6.55601
     48.0442     -10.9887
     48.5874     -14.9178
     49.1367      -18.287
     49.6923     -21.0555
     50.2541     -23.1967
     50.8223     -24.7024
      51.397     -25.5804
     51.9781      -25.855
     52.5658     -25.5664
     53.1601     -24.7687
     53.7612     -23.5277
      54.369      -21.919
     54.9838      -20.024
     55.6054     -17.9284
     56.2341      -15.716
     56.8699     -13.4677
     57.5129     -11.2568
     58.1632     -9.14595
     58.8208     -7.18519
     59.4859     -5.40859
     60.1585     -3.83428
     60.8387     -2.46319
     61.5265     -1.27926
     62.2222    -0.253728
     62.9257     0.655911
     63.6372      1.50026
     64.3567      2.32953
     65.0843      3.20937
     65.8202      4.17453
     66.5644       5.2635
      67.317      6.49598
     68.0782      7.86866
     68.8479      9.35438
     69.6263      10.9009
     70.4136       12.431
     71.2097       13.844
     72.0148      15.0222
     72.8291      15.8366
     73.6525      16.1562
     74.4853       15.859
     75.3274      14.8434
     76.1791        13.04
     77.0404      10.4231
     77.9115      7.02022
     78.7924      2.91992
     79.6833     -1.72636
     80.5842     -6.70383
     81.4953     -11.7431
     82.4168      -16.531
     83.3486     -20.7278
      84.291     -23.9925
      85.244     -26.0067
     86.2079     -26.5055
     87.1826      -25.305
     88.1683     -22.3299
     89.1652     -17.6333
     90.1733     -11.4115
     91.1929     -4.00321
      92.224      4.11668
     93.2667      12.3639
     94.3212      20.0828
     95.3877      26.5958
     96.4662      31.2604
     97.5569      33.5377
     98.6599      33.0533
     99.7754      29.6536
     100.904      23.4441
     102.044      14.8283
     103.198      4.45445
     104.365     -6.76841
     105.545      -17.766
     106.738     -27.3959
     107.945     -34.5693
     109.166     -38.3613
       110.4     -38.1498
     111.648     -33.7234
     112.911     -25.3341
     114.187     -13.7508
     115.478    -0.163848
     116.784      13.8747
     118.104      26.6213
      119.44      36.3905
      120.79      41.7297
     122.156      41.7001
     123.537      36.0254
     124.934      25.2085
     126.346      10.5461
     127.775     -6.02694
      129.22     -22.1141
     130.681     -35.2337
     132.158      -43.197
     133.652     -44.5026
     135.163     -38.6307
     136.692     -26.2307
     138.237     -9.14972
       139.8      9.85235
     141.381      27.4682
     142.979      40.4206
     144.596      46.1213
     146.231      43.1871
     147.884      31.8573
     149.556      14.0588
     151.247     -6.83432
     152.957     -26.5939
     154.687     -40.9906
     156.436     -46.7017
     158.204     -42.1721
     159.993     -28.0777
     161.802     -7.37166
     163.632      15.2653
     165.482      34.4036
     167.353      45.2149
     169.245      44.7192
     171.158      32.7199
     173.094      12.0386
     175.051     -11.9692
      177.03     -32.7867
     179.032     -44.4756
     181.056     -43.4318
     183.103     -29.6513
     185.173     -6.96764
     187.267      17.8731
     189.384      37.1154
     191.525      44.4786
     193.691      37.2927
     195.881      17.6639
     198.096     -7.94578
     200.335      -30.691
     202.601     -42.4187
     204.891     -38.6411
     207.208     -20.5031
     209.551      5.32029
      211.92      28.8978
     214.316      40.8337
     216.739      36.1154
      219.19      16.4743
     221.668     -9.94274
     224.174     -31.7843
     226.709     -39.3437
     229.272     -29.0601
     231.865     -5.50874
     234.486      20.3011
     237.137      35.9759
     239.819      33.7358
      242.53      14.6122
     245.272      -11.665
     248.045     -31.3561
      250.85     -33.9109
     253.686     -17.9092
     256.555      7.73324
     259.455      28.3876
     262.389      32.0655
     265.356      16.6284
     268.356     -8.47146
      271.39     -27.6465
     274.458     -28.8252
     277.562     -11.3944
       280.7      12.9743
     283.874      27.8321
     287.083      23.1125
     290.329      2.40826
     293.612     -19.2296
     296.931     -26.0096
     300.289     -13.1914
     303.684       9.0607
     307.118      23.2971
      310.59      18.4867
     314.102     -0.94875
     317.653     -18.5842
     321.245     -19.7118
     324.877     -3.96851
      328.55      14.2705
     332.265      18.7079
     336.022      5.95489
     339.821       -11.38
     343.663     -16.7657
     347.549     -5.72045
     351.478       9.9781
     355.452      14.4343
     359.471      3.93003
     363.536     -9.58512
     367.646     -11.5702
     371.803     -1.16224
     376.006      9.39237
     380.258      8.32834
     384.557     -1.86547
     388.905     -8.47831
     393.302     -4.34395
     397.749      4.13048
     402.246      6.18209
     406.794     0.482019
     411.394     -4.51614
     416.045      -2.8054
     420.749       1.7716
     425.507      2.68472
     430.318    0.0662001
     435.183     -1.32251
     440.103    -0.383368
     445.079    0.0109201
     450.112     -0.46118
     455.201     0.533648
     460.348      1.77113
     465.553    -0.213817
     470.816     -2.99036
      476.14    -0.708285
     481.523      3.87009
     486.968      1.87952
     492.473     -4.42488
     498.042     -3.00999
     503.673      4.81543
     509.368      3.90512
     515.127     -5.23486
     520.951     -4.43269
     526.841      5.83532
     532.798      4.46492
     538.822     -6.67207
     544.914     -3.84994
     551.075      7.64589
     557.306      2.42149
     563.607     -8.45513
      569.98   -0.0967548
     576.424      8.57537
     582.942     -2.94602
     589.533     -7.36161
     596.198      6.05774
     602.939      4.36149
     609.756     -8.05153
      616.65     0.163755
     623.623      7.54474
     630.674     -4.77128
     637.804     -3.92454
     645.016      7.06154
     652.309     -1.50036
     659.684     -5.20025
     667.143       5.3957
     674.686     0.123685
     682.314     -4.70715
     690.029       4.0004
     697.831     0.248766
     705.721     -3.39728
       713.7      2.99028
     721.769    -0.348064
      729.93     -1.72903
     738.183      1.83296
     746.529    -0.667484
      754.97    -0.282643
     763.506     0.306441
     772.139     0.153725
     780.869     -0.23995
     789.698    -0.415222
     798.627      1.40026
     807.656     -1.92213
     816.788      1.43167
     826.023    0.0105711
     835.363     -1.80535
     844.808      3.18177
     854.359       -3.581
     864.019      2.86574
     873.788     -1.29847
     883.668    -0.631832
     893.659      2.42246
     903.763     -3.70749
     913.982       4.3246
     924.316     -4.35007
     934.766      3.77672
     945.335     -2.95887
     956.024      2.03736
     966.833     -1.16098
     977.765     0.427227
      988.82     0.119476
        1000    -0.471193
