        0.01   0.00332357
   0.0101131   0.00338012
   0.0102274   0.00343758
    0.010343   0.00349603
     0.01046   0.00355552
   0.0105783     0.003616
   0.0106979    0.0036775
   0.0108188   0.00374002
   0.0109411   0.00380362
   0.0110648    0.0038683
   0.0111899   0.00393409
   0.0113165   0.00400104
   0.0114444   0.00406907
   0.0115738   0.00413827
   0.0117047   0.00420868
    0.011837   0.00428023
   0.0119709   0.00435307
   0.0121062   0.00442707
   0.0122431   0.00450238
   0.0123815   0.00457894
   0.0125215   0.00465682
   0.0126631   0.00473604
   0.0128062   0.00481654
    0.012951   0.00489847
   0.0130975   0.00498182
   0.0132456   0.00506655
   0.0133953   0.00515269
   0.0135468   0.00524035
   0.0136999   0.00532943
   0.0138548   0.00542008
   0.0140115   0.00551229
   0.0141699   0.00560603
   0.0143301   0.00570136
   0.0144921   0.00579832
    0.014656   0.00589696
   0.0148217   0.00599725
   0.0149893   0.00609926
   0.0151588   0.00620301
   0.0153302   0.00630851
   0.0155035   0.00641578
   0.0156788    0.0065249
   0.0158561   0.00663589
   0.0160353   0.00674871
   0.0162166   0.00686348
      0.0164   0.00698024
   0.0165854   0.00709894
   0.0167729   0.00721967
   0.0169626   0.00734249
   0.0171544   0.00746738
   0.0173483   0.00759434
   0.0175445   0.00772354
   0.0177429   0.00785492
   0.0179435   0.00798851
   0.0181463   0.00812432
   0.0183515   0.00826251
    0.018559   0.00840304
   0.0187688   0.00854593
   0.0189811   0.00869134
   0.0191957   0.00883915
   0.0194127   0.00898946
   0.0196322   0.00914236
   0.0198542   0.00929787
   0.0200786   0.00945594
   0.0203057   0.00961682
   0.0205353   0.00978039
   0.0207674   0.00994667
   0.0210022    0.0101158
   0.0212397    0.0102879
   0.0214799    0.0104629
   0.0217227    0.0106408
   0.0219683    0.0108218
   0.0222167    0.0110059
   0.0224679     0.011193
   0.0227219    0.0113834
   0.0229788     0.011577
   0.0232387    0.0117739
   0.0235014    0.0119742
   0.0237671    0.0121778
   0.0240358    0.0123849
   0.0243076    0.0125956
   0.0245824    0.0128098
   0.0248604    0.0130277
   0.0251415    0.0132492
   0.0254257    0.0134745
   0.0257132    0.0137037
   0.0260039    0.0139368
   0.0262979    0.0141738
   0.0265953    0.0144149
    0.026896    0.0146601
   0.0272001    0.0149094
   0.0275076    0.0151629
   0.0278186    0.0154208
   0.0281332    0.0156831
   0.0284513    0.0159499
   0.0287729    0.0162211
   0.0290983     0.016497
   0.0294273    0.0167776
     0.02976    0.0170629
   0.0300965    0.0173531
   0.0304368    0.0176483
   0.0307809    0.0179484
   0.0311289    0.0182536
   0.0314809    0.0185641
   0.0318368    0.0188798
   0.0321968    0.0192009
   0.0325608    0.0195275
    0.032929    0.0198596
   0.0333013    0.0201974
   0.0336778    0.0205409
   0.0340586    0.0208902
   0.0344437    0.0212455
   0.0348331    0.0216068
   0.0352269    0.0219743
   0.0356252     0.022348
    0.036028    0.0227281
   0.0364354    0.0231147
   0.0368473    0.0235078
    0.037264    0.0239077
   0.0376853    0.0243142
   0.0381114    0.0247278
   0.0385423    0.0251483
   0.0389781    0.0255761
   0.0394188     0.026011
   0.0398645    0.0264534
   0.0403152    0.0269033
    0.040771    0.0273608
    0.041232    0.0278262
   0.0416982    0.0282995
   0.0421697    0.0287808
   0.0426464    0.0292702
   0.0431286     0.029768
   0.0436163    0.0302744
   0.0441094    0.0307892
   0.0446081    0.0313128
   0.0451125    0.0318454
   0.0456226    0.0323871
   0.0461384    0.0329379
   0.0466601    0.0334981
   0.0471876    0.0340677
   0.0477212    0.0346472
   0.0482607    0.0352364
   0.0488064    0.0358357
   0.0493582    0.0364452
   0.0499163     0.037065
   0.0504807    0.0376954
   0.0510514    0.0383365
   0.0516286    0.0389885
   0.0522124    0.0396516
   0.0528027     0.040326
   0.0533997    0.0410118
   0.0540035    0.0417093
   0.0546141    0.0424187
   0.0552316    0.0431401
   0.0558561    0.0438739
   0.0564876      0.04462
   0.0571263    0.0453789
   0.0577722    0.0461507
   0.0584254    0.0469355
    0.059086    0.0477338
    0.059754    0.0485456
   0.0604296    0.0493712
   0.0611129    0.0502109
   0.0618039    0.0510649
   0.0625027    0.0519334
   0.0632093    0.0528165
    0.063924    0.0537148
   0.0646468    0.0546284
   0.0653777    0.0555574
   0.0661169    0.0565023
   0.0668645    0.0574633
   0.0676205    0.0584406
    0.068385    0.0594345
   0.0691582    0.0604453
   0.0699402    0.0614734
   0.0707309    0.0625188
   0.0715307    0.0635821
   0.0723394    0.0646634
   0.0731573    0.0657631
   0.0739845    0.0668816
    0.074821    0.0680191
    0.075667    0.0691759
   0.0765225    0.0703524
   0.0773877    0.0715489
   0.0782627    0.0727657
   0.0791476    0.0740033
   0.0800424    0.0752617
   0.0809474    0.0765417
   0.0818627    0.0778436
   0.0827883    0.0791675
   0.0837243    0.0805138
   0.0846709     0.081883
   0.0856283    0.0832757
   0.0865964    0.0846919
   0.0875755    0.0861322
   0.0885657    0.0875971
   0.0895671    0.0890869
   0.0905798     0.090602
   0.0916039    0.0921428
   0.0926396    0.0937098
   0.0936871    0.0953037
   0.0947464    0.0969245
   0.0958176    0.0985728
    0.096901     0.100249
   0.0979966     0.101954
   0.0991046     0.103688
    0.100225     0.105451
    0.101358     0.107244
    0.102504     0.109068
    0.103663     0.110923
    0.104835     0.112809
    0.106021     0.114729
    0.107219     0.116679
    0.108432     0.118665
    0.109658     0.120683
    0.110898     0.122735
    0.112151     0.124821
    0.113419     0.126944
    0.114702     0.129104
    0.115999     0.131299
     0.11731     0.133531
    0.118637     0.135803
    0.119978     0.138112
    0.121335     0.140462
    0.122706     0.142849
    0.124094      0.14528
    0.125497      0.14775
    0.126916     0.150263
    0.128351     0.152818
    0.129802     0.155417
     0.13127      0.15806
    0.132754     0.160748
    0.134255     0.163482
    0.135773     0.166262
    0.137308     0.169089
     0.13886     0.171964
     0.14043     0.174888
    0.142018     0.177863
    0.143624     0.180888
    0.145248     0.183964
     0.14689     0.187092
    0.148551     0.190274
     0.15023     0.193509
    0.151929       0.1968
    0.153647     0.200147
    0.155384     0.203551
    0.157141     0.207012
    0.158918     0.210533
    0.160714     0.214112
    0.162531     0.217752
    0.164369     0.221456
    0.166228     0.225223
    0.168107     0.229052
    0.170008     0.232948
     0.17193     0.236909
    0.173874     0.240937
     0.17584     0.245035
    0.177828     0.249201
    0.179839     0.253439
    0.181872     0.257748
    0.183928      0.26213
    0.186008     0.266589
    0.188111     0.271122
    0.190238     0.275732
    0.192389     0.280421
    0.194564     0.285189
    0.196764     0.290038
    0.198989     0.294971
    0.201238     0.299985
    0.203514     0.305087
    0.205815     0.310275
    0.208142      0.31555
    0.210495     0.320915
    0.212875     0.326372
    0.215282     0.331921
    0.217716     0.337565
    0.220178     0.343305
    0.222667     0.349142
    0.225185     0.355079
    0.227731     0.361116
    0.230306     0.367257
     0.23291     0.373501
    0.235543     0.379851
    0.238206     0.386308
      0.2409     0.392878
    0.243623     0.399556
    0.246378     0.406351
    0.249163     0.413258
    0.251981     0.420286
     0.25483     0.427432
    0.257711     0.434698
    0.260625     0.442089
    0.263571     0.449603
    0.266552     0.457249
    0.269565     0.465021
    0.272613     0.472927
    0.275696     0.480969
    0.278813     0.489145
    0.281965      0.49746
    0.285153     0.505916
    0.288377     0.514517
    0.291638     0.523265
    0.294935     0.532159
     0.29827     0.541206
    0.301642     0.550405
    0.305053     0.559763
    0.308502     0.569278
     0.31199     0.578955
    0.315517     0.588795
    0.319085     0.598805
    0.322693     0.608984
    0.326341     0.619334
    0.330031     0.629862
    0.333762     0.640566
    0.337536     0.651455
    0.341353      0.66253
    0.345212     0.673789
    0.349115      0.68524
    0.353062     0.696886
    0.357054     0.708731
    0.361091     0.720776
    0.365174     0.733027
    0.369303     0.745485
    0.373479     0.758156
    0.377701     0.771038
    0.381972     0.784143
    0.386291     0.797469
    0.390658     0.811019
    0.395075     0.824801
    0.399542     0.838817
    0.404059     0.853069
    0.408628     0.867566
    0.413248     0.882308
    0.417921     0.897301
    0.422646     0.912547
    0.427424      0.92805
    0.432257     0.943819
    0.437144     0.959853
    0.442087     0.976162
    0.447086     0.992748
    0.452141      1.00961
    0.457253      1.02677
    0.462423      1.04421
    0.467651      1.06195
    0.472939      1.07999
    0.478286      1.09833
    0.483694      1.11699
    0.489162      1.13596
    0.494693      1.15525
    0.500286      1.17487
    0.505943      1.19483
    0.511663      1.21512
    0.517449      1.23576
    0.523299      1.25674
    0.529216      1.27809
    0.535199      1.29979
    0.541251      1.32186
     0.54737      1.34431
    0.553559      1.36713
    0.559818      1.39034
    0.566148      1.41395
    0.572549      1.43796
    0.579022      1.46237
    0.585569      1.48719
     0.59219      1.51244
    0.598885      1.53811
    0.605657      1.56422
    0.612505      1.59077
     0.61943      1.61777
    0.626434      1.64523
    0.633516      1.67314
    0.640679      1.70154
    0.647923      1.73041
    0.655249      1.75977
    0.662657      1.78963
     0.67015         1.82
    0.677727      1.85087
     0.68539      1.88227
    0.693139       1.9142
    0.700976      1.94667
    0.708902      1.97969
    0.716917      2.01327
    0.725023      2.04741
     0.73322      2.08213
     0.74151      2.11743
    0.749894      2.15334
    0.758373      2.18985
    0.766947      2.22697
    0.775619      2.26473
    0.784389      2.30312
    0.793257      2.34215
    0.802226      2.38185
    0.811297      2.42222
     0.82047      2.46326
    0.829746        2.505
    0.839128      2.54744
    0.848615       2.5906
     0.85821      2.63448
    0.867914      2.67911
    0.877727      2.72448
    0.887651      2.77062
    0.897687      2.81754
    0.907837      2.86524
    0.918101      2.91375
    0.928482      2.96308
     0.93898      3.01323
    0.949596      3.06423
    0.960333      3.11608
    0.971191      3.16881
    0.982172      3.22242
    0.993277      3.27694
     1.00451      3.33238
     1.01586       3.3887
     1.02735      3.44603
     1.03897      3.50431
     1.05071      3.56352
     1.06259      3.62376
     1.07461      3.68504
     1.08676      3.74731
     1.09905      3.81064
     1.11147      3.87498
     1.12404      3.94045
     1.13675      4.00701
      1.1496      4.07465
      1.1626      4.14346
     1.17574      4.21337
     1.18904      4.28452
     1.20248       4.3568
     1.21608      4.43033
     1.22983      4.50506
     1.24373      4.58101
     1.25779      4.65824
     1.27201      4.73677
      1.2864      4.81665
     1.30094      4.89779
     1.31565      4.98032
     1.33053      5.06424
     1.34557       5.1495
     1.36078      5.23618
     1.37617      5.32435
     1.39173      5.41395
     1.40746      5.50501
     1.42338      5.59765
     1.43947      5.69176
     1.45575      5.78748
     1.47221      5.88476
     1.48885      5.98361
     1.50569      6.08417
     1.52271      6.18632
     1.53993       6.2902
     1.55734      6.39577
     1.57495       6.5031
     1.59275      6.61213
     1.61076      6.72302
     1.62897       6.8357
     1.64739      6.95026
     1.66602      7.06672
     1.68485      7.18501
      1.7039      7.30529
     1.72317      7.42756
     1.74265      7.55179
     1.76236      7.67811
     1.78228       7.8064
     1.80243      7.93682
     1.82281      8.06938
     1.84342      8.20409
     1.86427      8.34104
     1.88534      8.48011
     1.90666      8.62152
     1.92822       8.7652
     1.95002      8.91119
     1.97207      9.05957
     1.99437      9.21034
     2.01691      9.36346
     2.03972      9.51915
     2.06278      9.67729
      2.0861      9.83797
     2.10969      10.0013
     2.13354      10.1671
     2.15767      10.3357
     2.18206      10.5069
     2.20673      10.6809
     2.23168      10.8576
     2.25692      11.0372
     2.28244      11.2196
     2.30824      11.4049
     2.33434      11.5931
     2.36073      11.7843
     2.38742      11.9785
     2.41442      12.1758
     2.44172      12.3762
     2.46932      12.5796
     2.49724      12.7863
     2.52548      12.9963
     2.55403      13.2094
     2.58291      13.4259
     2.61211      13.6458
     2.64165      13.8691
     2.67152      14.0958
     2.70172       14.326
     2.73227      14.5597
     2.76316       14.797
      2.7944      15.0379
       2.826      15.2826
     2.85795      15.5309
     2.89026       15.783
     2.92294      16.0389
     2.95599      16.2987
     2.98941      16.5624
     3.02321        16.83
      3.0574      17.1017
     3.09196      17.3773
     3.12692       17.657
     3.16228       17.941
     3.19803       18.229
     3.23419      18.5213
     3.27076      18.8179
     3.30774      19.1188
     3.34514       19.424
     3.38296      19.7336
     3.42121      20.0477
     3.45989      20.3663
     3.49901      20.6895
     3.53857      21.0172
     3.57858      21.3495
     3.61904      21.6865
     3.65996      22.0283
     3.70134      22.3747
     3.74319       22.726
     3.78552      23.0821
     3.82832       23.443
      3.8716      23.8088
     3.91538      24.1797
     3.95964      24.5553
     4.00441      24.9361
     4.04969      25.3219
     4.09548      25.7128
     4.14178      26.1087
     4.18861      26.5098
     4.23597       26.916
     4.28387      27.3275
      4.3323       27.744
     4.38129      28.1658
     4.43082      28.5928
     4.48092      29.0251
     4.53158      29.4626
     4.58282      29.9054
     4.63464      30.3535
     4.68704      30.8069
     4.74003      31.2655
     4.79363      31.7294
     4.84782      32.1985
     4.90264       32.673
     4.95807      33.1527
     5.01413      33.6377
     5.07082      34.1278
     5.12815      34.6231
     5.18613      35.1236
     5.24477      35.6292
     5.30407      36.1399
     5.36404      36.6557
     5.42469      37.1764
     5.48603      37.7022
     5.54805      38.2327
     5.61078      38.7681
     5.67422      39.3082
     5.73838      39.8531
     5.80326      40.4024
     5.86887      40.9563
     5.93523      41.5145
     6.00234      42.0771
      6.0702      42.6437
     6.13883      43.2144
     6.20824       43.789
     6.27844      44.3674
     6.34942      44.9494
     6.42121      45.5348
     6.49382      46.1236
     6.56724      46.7153
     6.64149        47.31
     6.71658      47.9074
     6.79253      48.5073
     6.86932      49.1094
     6.94699      49.7136
     7.02554      50.3195
     7.10497      50.9269
     7.18531      51.5356
     7.26655      52.1452
     7.34871      52.7554
      7.4318       53.366
     7.51582      53.9764
      7.6008      54.5865
     7.68674      55.1959
     7.77365      55.8041
     7.86154      56.4107
     7.95043      57.0154
     8.04032      57.6177
     8.13123      58.2172
     8.22317      58.8133
     8.31614      59.4056
     8.41017      59.9936
     8.50526      60.5766
     8.60142      61.1542
     8.69868      61.7259
     8.79703      62.2909
     8.89649      62.8487
     8.99708      63.3986
     9.09881        63.94
     9.20168      64.4721
     9.30572      64.9944
     9.41094      65.5059
     9.51734      66.0059
     9.62495      66.4938
     9.73377      66.9686
     9.84383      67.4295
     9.95513      67.8757
     10.0677      68.3063
     10.1815      68.7202
     10.2966      69.1166
     10.4131       69.495
     10.5308      69.8535
     10.6499      70.1917
     10.7703      70.5083
      10.892      70.8023
     11.0152      71.0728
     11.1397      71.3184
     11.2657      71.5382
     11.3931      71.7309
     11.5219      71.8952
     11.6522      72.0301
     11.7839      72.1342
     11.9171      72.2064
     12.0519      72.2454
     12.1881      72.2497
     12.3259      72.2183
     12.4653      72.1496
     12.6063      72.0424
     12.7488      71.8954
     12.8929      71.7071
     13.0387      71.4762
     13.1861      71.2014
     13.3352      70.8811
      13.486       70.514
     13.6385      70.0987
     13.7927       69.634
     13.9486      69.1186
     14.1063      68.5508
     14.2658      67.9293
     14.4271      67.2529
     14.5902      66.5203
     14.7552        65.73
      14.922      64.8812
     15.0908      63.9718
     15.2614      63.0018
     15.4339      61.9697
     15.6084       60.874
     15.7849      59.7137
     15.9634      58.4881
     16.1439      57.1964
     16.3264       55.838
      16.511      54.4115
     16.6977      52.9167
     16.8865       51.353
     17.0774      49.7203
     17.2705      48.0177
     17.4658      46.2451
     17.6632      44.4037
     17.8629      42.4919
     18.0649      40.5101
     18.2692      38.4591
     18.4757      36.3406
     18.6846      34.1536
     18.8959      31.8993
     19.1095      29.5801
     19.3256      27.1955
     19.5441      24.7484
     19.7651      22.2398
     19.9885      19.6731
     20.2145      17.0485
     20.4431      14.3688
     20.6742      11.6383
      20.908      8.85789
     21.1444      6.03238
     21.3835      3.16446
     21.6252     0.259488
     21.8697     -2.68046
      22.117     -5.65065
     22.3671       -8.646
       22.62     -11.6612
     22.8757     -14.6905
     23.1344     -17.7304
     23.3959     -20.7723
     23.6605      -23.813
      23.928     -26.8435
     24.1985     -29.8578
     24.4721     -32.8496
     24.7488     -35.8112
     25.0287     -38.7358
     25.3116      -41.613
     25.5978     -44.4377
     25.8873     -47.2012
     26.1799     -49.8929
      26.476     -52.5074
     26.7753     -55.0332
      27.078     -57.4628
     27.3842     -59.7878
     27.6938     -61.9982
     28.0069     -64.0856
     28.3236     -66.0413
     28.6438     -67.8557
     28.9677     -69.5209
     29.2952     -71.0278
     29.6265     -72.3686
     29.9614     -73.5345
     30.3002     -74.5185
     30.6428     -75.3128
     30.9892     -75.9106
     31.3396     -76.3057
      31.694     -76.4922
     32.0523     -76.4648
     32.4147      -76.219
     32.7812     -75.7511
     33.1519     -75.0581
     33.5267     -74.1383
     33.9058     -72.9901
     34.2891     -71.6139
     34.6768     -70.0102
     35.0689     -68.1811
     35.4654     -66.1302
     35.8664     -63.8616
     36.2719     -61.3813
      36.682     -58.6958
     37.0968     -55.8131
     37.5162     -52.7436
     37.9404     -49.4973
     38.3693     -46.0873
     38.8032     -42.5252
     39.2419     -38.8276
     39.6856     -35.0092
     40.1343     -31.0876
     40.5881     -27.0806
      41.047     -23.0078
     41.5111      -18.889
     41.9804     -14.7457
     42.4551     -10.5981
     42.9351      -6.4701
     43.4205     -2.38378
     43.9115      1.63906
      44.408       5.5741
     44.9101      9.39879
     45.4178      13.0901
     45.9314      16.6277
     46.4507      19.9884
     46.9759      23.1525
      47.507      26.1006
     48.0442      28.8152
     48.5874      31.2794
     49.1367      33.4787
     49.6923       35.401
     50.2541      37.0355
     50.8223      38.3745
      51.397      39.4124
     51.9781       40.146
     52.5658      40.5755
     53.1601      40.7034
     53.7612      40.5352
      54.369      40.0794
     54.9838      39.3469
     55.6054      38.3519
     56.2341      37.1108
     56.8699      35.6426
     57.5129      33.9684
     58.1632      32.1115
     58.8208      30.0971
     59.4859       27.951
     60.1585      25.7008
     60.8387      23.3744
     61.5265           21
     62.2222      18.6047
     62.9257      16.2162
     63.6372      13.8597
     64.3567      11.5612
     65.0843      9.33825
     65.8202      7.21414
     66.5644      5.20474
      67.317      3.32215
     68.0782      1.57623
     68.8479   -0.0266503
     69.6263     -1.48468
     70.4136     -2.79977
     71.2097     -3.97711
     72.0148     -5.02591
     72.8291     -5.95854
     73.6525     -6.78981
     74.4853     -7.53718
     75.3274     -8.21932
     76.1791     -8.85602
     77.0404     -9.46683
     77.9115     -10.0705
     78.7924     -10.6837
     79.6833     -11.3205
     80.5842      -11.991
     81.4953     -12.7006
     82.4168     -13.4496
     83.3486     -14.2313
      84.291     -15.0332
      85.244     -15.8355
     86.2079     -16.6116
     87.1826      -17.328
     88.1683     -17.9452
     89.1652     -18.4187
     90.1733        -18.7
     91.1929     -18.7385
      92.224     -18.4831
     93.2667     -17.8851
     94.3212     -16.9003
     95.3877     -15.4926
     96.4662     -13.6337
     97.5569     -11.3108
     98.6599     -8.52614
     99.7754     -5.29973
     100.904     -1.67037
     102.044      2.29385
     103.198      6.51685
     104.365      10.8909
     105.545      15.2875
     106.738      19.5626
     107.945      23.5611
     109.166      27.1146
       110.4      30.0497
     111.648       32.203
     112.911      33.4215
     114.187      33.5713
     115.478      32.5503
     116.784      30.2975
     118.104      26.7989
      119.44      22.0882
      120.79      16.2715
     122.156      9.50184
     123.537      2.00636
     124.934     -5.93969
     126.346     -14.0012
     127.775     -21.8202
      129.22     -28.9993
     130.681     -35.1449
     132.158      -39.876
     133.652     -42.8649
     135.163     -43.8391
     136.692     -42.6157
     138.237     -39.1258
       139.8     -33.4212
     141.381     -25.6915
     142.979     -16.2721
     144.596     -5.61283
     146.231      5.70361
     147.884      17.0124
     149.556      27.6047
     151.247      36.7577
     152.957      43.7931
     154.687      48.1328
     156.436      49.3429
     158.204      47.1924
     159.993      41.6763
     161.802      33.0481
     163.632      21.8125
     165.482      8.72563
     167.353     -5.27056
     169.245     -19.0918
     171.158     -31.5999
     173.094     -41.7077
     175.051     -48.4454
      177.03      -51.109
     179.032      -49.313
     181.056     -43.0598
     183.103     -32.7802
     185.173     -19.3187
     187.267      -3.8754
     189.384      12.0684
     191.525      26.9144
     193.691      39.0923
     195.881      47.2251
     198.096      50.3209
     200.335      47.9008
     202.601      40.0893
     204.891      27.6644
     207.208      11.9709
     209.551     -5.16336
      211.92     -21.6505
     214.316     -35.3996
     216.739     -44.5756
      219.19     -47.8773
     221.668     -44.7465
     224.174     -35.5005
     226.709      -21.333
     229.272     -4.21195
     231.865      13.3977
     234.486      28.8387
     237.137      39.7196
     239.819      44.2734
      242.53      41.6958
     245.272       32.341
     248.045      17.7177
      250.85      0.28786
     253.686     -16.9047
     256.555     -30.7895
     259.455     -38.8012
     262.389     -39.4318
     265.356     -32.5442
     268.356     -19.4841
      271.39      -2.8626
     274.458      13.9206
     277.562      27.3746
       280.7      34.6425
     283.874      34.1913
     287.083      26.1883
     290.329      12.5257
     293.612     -3.55817
     296.931     -18.2102
     300.289     -27.9132
     303.684     -30.3466
     307.118     -25.0415
      310.59     -13.5411
     314.102     0.974371
     317.653      14.5077
     321.245       23.368
     324.877      25.2101
      328.55      19.7518
     332.265      8.86851
     336.022     -3.95707
     339.821     -14.7147
     343.663     -20.1462
     347.549     -18.7958
     351.478     -11.4856
     355.452     -1.00554
     359.471       8.8788
     363.536      14.7844
     367.646      14.7572
     371.803      9.72805
     376.006      1.59074
     380.258      -6.1409
     384.557     -10.5337
     388.905     -10.2497
     393.302     -5.99223
     397.749   -0.0553729
     402.246      4.81563
     406.794      6.71033
     411.394      5.37185
     416.045       2.0472
     420.749     -1.19555
     425.507     -2.80882
     430.318     -2.47385
     435.183     -1.10124
     440.103   -0.0372076
     445.079   -0.0425865
     450.112     -0.75366
     455.201     -1.03227
     460.348    0.0114192
     465.553       2.0868
     470.816      3.67624
      476.14      3.08509
     481.523   -0.0731911
     486.968     -4.12758
     492.473      -6.1611
     498.042     -4.10386
     503.673        1.353
     509.368      6.67351
     515.127      7.73596
     520.951       3.0742
     526.841     -4.43365
     532.798       -9.188
     538.822     -7.08363
     544.914     0.825618
     551.075      8.52027
     557.306      9.55749
     563.607      2.62796
      569.98     -6.74381
     576.424     -10.4732
     582.942     -5.03533
     589.533      4.92668
     596.198      10.3664
     602.939      6.15823
     609.756     -3.74564
      616.65     -9.77858
     623.623     -6.09174
     630.674      3.42291
     637.804      8.96441
     645.016      5.01926
     652.309      -3.7957
     659.684     -7.84414
     667.143     -3.15095
     674.686      4.38529
     682.314      6.15265
     690.029     0.878587
     697.831     -4.48227
     705.721     -3.78358
       713.7      1.03366
     721.769      3.46002
      729.93      1.25486
     738.183     -1.58162
     746.529     -1.45308
      754.97     0.150299
     763.506     0.389378
     772.139   -0.0661759
     780.869     0.630417
     789.698       1.0587
     798.627    -0.801431
     807.656     -2.35022
     816.788    0.0469069
     826.023      3.29021
     835.363       1.2532
     844.808     -3.62212
     854.359     -2.63222
     864.019      3.43209
     873.788      3.75751
     883.668     -2.97418
     893.659     -4.48412
     903.763      2.50839
     913.982       4.7972
     924.316     -2.24181
     934.766     -4.73246
     945.335      2.16396
     956.024      4.31924
     966.833     -2.30858
     977.765     -3.57397
      988.82      2.49932
        1000      2.53728
