        0.01  5.25548e-10
   0.0101131  5.46618e-10
   0.0102274  5.68557e-10
    0.010343  5.91382e-10
     0.01046  6.15135e-10
   0.0105783  6.39812e-10
   0.0106979   6.6548e-10
   0.0108188  6.92175e-10
   0.0109411  7.19969e-10
   0.0110648  7.48863e-10
   0.0111899  7.78928e-10
   0.0113165  8.10196e-10
   0.0114444  8.42741e-10
   0.0115738  8.76534e-10
   0.0117047   9.1169e-10
    0.011837  9.48303e-10
   0.0119709  9.86391e-10
   0.0121062  1.02596e-09
   0.0122431  1.06712e-09
   0.0123815  1.10996e-09
   0.0125215  1.15451e-09
   0.0126631   1.2008e-09
   0.0128062  1.24901e-09
    0.012951  1.29913e-09
   0.0130975  1.35132e-09
   0.0132456  1.40552e-09
   0.0133953  1.46195e-09
   0.0135468  1.52066e-09
   0.0136999  1.58163e-09
   0.0138548   1.6451e-09
   0.0140115  1.71114e-09
   0.0141699  1.77983e-09
   0.0143301  1.85125e-09
   0.0144921  1.92554e-09
    0.014656  2.00283e-09
   0.0148217  2.08323e-09
   0.0149893  2.16685e-09
   0.0151588  2.25383e-09
   0.0153302  2.34427e-09
   0.0155035  2.43834e-09
   0.0156788  2.53621e-09
   0.0158561  2.63805e-09
   0.0160353  2.74386e-09
   0.0162166  2.85398e-09
      0.0164  2.96854e-09
   0.0165854  3.08765e-09
   0.0167729  3.21162e-09
   0.0169626  3.34053e-09
   0.0171544  3.47459e-09
   0.0173483  3.61401e-09
   0.0175445  3.75914e-09
   0.0177429  3.91003e-09
   0.0179435  4.06693e-09
   0.0181463  4.23009e-09
   0.0183515  4.39987e-09
    0.018559  4.57651e-09
   0.0187688  4.76012e-09
   0.0189811  4.95128e-09
   0.0191957     5.15e-09
   0.0194127  5.35662e-09
   0.0196322  5.57164e-09
   0.0198542  5.79531e-09
   0.0200786  6.02781e-09
   0.0203057  6.26979e-09
   0.0205353  6.52146e-09
   0.0207674  6.78312e-09
   0.0210022  7.05533e-09
   0.0212397  7.33855e-09
   0.0214799  7.63316e-09
   0.0217227  7.93945e-09
   0.0219683  8.25807e-09
   0.0222167  8.58955e-09
   0.0224679  8.93427e-09
   0.0227219  9.29282e-09
   0.0229788  9.66577e-09
   0.0232387  1.00538e-08
   0.0235014  1.04573e-08
   0.0237671   1.0877e-08
   0.0240358  1.13135e-08
   0.0243076  1.17676e-08
   0.0245824  1.22398e-08
   0.0248604  1.27312e-08
   0.0251415  1.32422e-08
   0.0254257  1.37735e-08
   0.0257132  1.43264e-08
   0.0260039  1.49013e-08
   0.0262979  1.54994e-08
   0.0265953  1.61215e-08
    0.026896  1.67686e-08
   0.0272001  1.74416e-08
   0.0275076  1.81415e-08
   0.0278186  1.88696e-08
   0.0281332  1.96271e-08
   0.0284513  2.04149e-08
   0.0287729   2.1234e-08
   0.0290983  2.20864e-08
   0.0294273  2.29729e-08
     0.02976  2.38948e-08
   0.0300965  2.48539e-08
   0.0304368  2.58515e-08
   0.0307809  2.68889e-08
   0.0311289   2.7968e-08
   0.0314809  2.90906e-08
   0.0318368  3.02581e-08
   0.0321968  3.14726e-08
   0.0325608  3.27356e-08
    0.032929  3.40497e-08
   0.0333013  3.54162e-08
   0.0336778  3.68376e-08
   0.0340586  3.83161e-08
   0.0344437   3.9854e-08
   0.0348331  4.14533e-08
   0.0352269  4.31169e-08
   0.0356252  4.48474e-08
    0.036028  4.66474e-08
   0.0364354  4.85198e-08
   0.0368473  5.04669e-08
    0.037264  5.24928e-08
   0.0376853  5.45994e-08
   0.0381114  5.67908e-08
   0.0385423  5.90701e-08
   0.0389781   6.1441e-08
   0.0394188  6.39068e-08
   0.0398645  6.64718e-08
   0.0403152  6.91395e-08
    0.040771  7.19142e-08
    0.041232  7.48006e-08
   0.0416982  7.78028e-08
   0.0421697  8.09257e-08
   0.0426464   8.4173e-08
   0.0431286  8.75513e-08
   0.0436163  9.10657e-08
   0.0441094  9.47202e-08
   0.0446081  9.85216e-08
   0.0451125  1.02476e-07
   0.0456226  1.06589e-07
   0.0461384  1.10867e-07
   0.0466601  1.15317e-07
   0.0471876  1.19944e-07
   0.0477212  1.24759e-07
   0.0482607  1.29766e-07
   0.0488064  1.34974e-07
   0.0493582  1.40391e-07
   0.0499163  1.46026e-07
   0.0504807  1.51887e-07
   0.0510514  1.57982e-07
   0.0516286  1.64322e-07
   0.0522124  1.70918e-07
   0.0528027  1.77777e-07
   0.0533997  1.84912e-07
   0.0540035  1.92334e-07
   0.0546141  2.00053e-07
   0.0552316  2.08082e-07
   0.0558561  2.16434e-07
   0.0564876   2.2512e-07
   0.0571263  2.34155e-07
   0.0577722  2.43553e-07
   0.0584254  2.53328e-07
    0.059086  2.63495e-07
    0.059754  2.74069e-07
   0.0604296  2.85069e-07
   0.0611129  2.96511e-07
   0.0618039  3.08411e-07
   0.0625027   3.2079e-07
   0.0632093  3.33663e-07
    0.063924  3.47054e-07
   0.0646468  3.60984e-07
   0.0653777  3.75471e-07
   0.0661169   3.9054e-07
   0.0668645  4.06215e-07
   0.0676205  4.22518e-07
    0.068385  4.39475e-07
   0.0691582  4.57113e-07
   0.0699402   4.7546e-07
   0.0707309   4.9454e-07
   0.0715307   5.1439e-07
   0.0723394  5.35033e-07
   0.0731573  5.56506e-07
   0.0739845  5.78842e-07
    0.074821  6.02072e-07
    0.075667  6.26237e-07
   0.0765225  6.51369e-07
   0.0773877  6.77511e-07
   0.0782627  7.04703e-07
   0.0791476  7.32986e-07
   0.0800424    7.624e-07
   0.0809474  7.92998e-07
   0.0818627  8.24826e-07
   0.0827883   8.5793e-07
   0.0837243   8.9236e-07
   0.0846709  9.28173e-07
   0.0856283  9.65426e-07
   0.0865964  1.00417e-06
   0.0875755  1.04447e-06
   0.0885657  1.08639e-06
   0.0895671  1.12999e-06
   0.0905798  1.17534e-06
   0.0916039  1.22251e-06
   0.0926396  1.27157e-06
   0.0936871  1.32261e-06
   0.0947464  1.37569e-06
   0.0958176   1.4309e-06
    0.096901  1.48832e-06
   0.0979966  1.54805e-06
   0.0991046  1.61018e-06
    0.100225   1.6748e-06
    0.101358    1.742e-06
    0.102504  1.81191e-06
    0.103663  1.88463e-06
    0.104835  1.96026e-06
    0.106021  2.03897e-06
    0.107219  2.12075e-06
    0.108432  2.20591e-06
    0.109658  2.29444e-06
    0.110898  2.38654e-06
    0.112151  2.48224e-06
    0.113419  2.58186e-06
    0.114702  2.68553e-06
    0.115999  2.79331e-06
     0.11731  2.90536e-06
    0.118637  3.02202e-06
    0.119978  3.14326e-06
    0.121335  3.26945e-06
    0.122706  3.40057e-06
    0.124094  3.53711e-06
    0.125497  3.67905e-06
    0.126916   3.8267e-06
    0.128351  3.98027e-06
    0.129802  4.13998e-06
     0.13127  4.30617e-06
    0.132754  4.47895e-06
    0.134255   4.6587e-06
    0.135773  4.84566e-06
    0.137308   5.0401e-06
     0.13886   5.2423e-06
     0.14043  5.45267e-06
    0.142018  5.67152e-06
    0.143624  5.89916e-06
    0.145248  6.13591e-06
     0.14689  6.38211e-06
    0.148551  6.63825e-06
     0.15023  6.90454e-06
    0.151929  7.18169e-06
    0.153647  7.46992e-06
    0.155384  7.76965e-06
    0.157141  8.08146e-06
    0.158918  8.40581e-06
    0.160714  8.74297e-06
    0.162531   9.0938e-06
    0.164369  9.45878e-06
    0.166228  9.83847e-06
    0.168107  1.02332e-05
    0.170008  1.06439e-05
     0.17193  1.10709e-05
    0.173874  1.15152e-05
     0.17584  1.19773e-05
    0.177828  1.24579e-05
    0.179839  1.29579e-05
    0.181872  1.34778e-05
    0.183928  1.40185e-05
    0.186008  1.45811e-05
    0.188111  1.51662e-05
    0.190238  1.57748e-05
    0.192389  1.64078e-05
    0.194564  1.70661e-05
    0.196764  1.77509e-05
    0.198989  1.84632e-05
    0.201238  1.92038e-05
    0.203514  1.99746e-05
    0.205815   2.0776e-05
    0.208142  2.16097e-05
    0.210495  2.24766e-05
    0.212875  2.33784e-05
    0.215282  2.43165e-05
    0.217716  2.52922e-05
    0.220178  2.63071e-05
    0.222667  2.73624e-05
    0.225185  2.84605e-05
    0.227731  2.96023e-05
    0.230306  3.07901e-05
     0.23291  3.20255e-05
    0.235543  3.33102e-05
    0.238206  3.46465e-05
      0.2409   3.6037e-05
    0.243623  3.74824e-05
    0.246378  3.89864e-05
    0.249163  4.05502e-05
    0.251981  4.21775e-05
     0.25483  4.38696e-05
    0.257711  4.56294e-05
    0.260625  4.74601e-05
    0.263571  4.93636e-05
    0.266552  5.13446e-05
    0.269565  5.34039e-05
    0.272613  5.55464e-05
    0.275696  5.77752e-05
    0.278813  6.00927e-05
    0.281965  6.25031e-05
    0.285153  6.50103e-05
    0.288377  6.76181e-05
    0.291638  7.03309e-05
    0.294935  7.31518e-05
     0.29827  7.60864e-05
    0.301642  7.91381e-05
    0.305053  8.23129e-05
    0.308502  8.56145e-05
     0.31199  8.90485e-05
    0.315517  9.26197e-05
    0.319085  9.63353e-05
    0.322693  0.000100199
    0.326341  0.000104218
    0.330031  0.000108398
    0.333762  0.000112745
    0.337536  0.000117267
    0.341353  0.000121971
    0.345212  0.000126862
    0.349115   0.00013195
    0.353062  0.000137241
    0.357054  0.000142745
    0.361091  0.000148469
    0.365174  0.000154424
    0.369303  0.000160616
    0.373479  0.000167058
    0.377701  0.000173756
    0.381972  0.000180724
    0.386291  0.000187971
    0.390658  0.000195507
    0.395075  0.000203346
    0.399542  0.000211499
    0.404059  0.000219978
    0.408628  0.000228799
    0.413248  0.000237972
    0.417921  0.000247514
    0.422646  0.000257436
    0.427424  0.000267755
    0.432257   0.00027849
    0.437144  0.000289653
    0.442087  0.000301265
    0.447086  0.000313342
    0.452141  0.000325902
    0.457253  0.000338965
    0.462423  0.000352552
    0.467651  0.000366681
    0.472939  0.000381379
    0.478286  0.000396662
    0.483694   0.00041256
    0.489162  0.000429091
    0.494693  0.000446287
    0.500286   0.00046417
    0.505943  0.000482771
    0.511663  0.000502114
    0.517449  0.000522236
    0.523299  0.000543158
    0.529216  0.000564921
    0.535199  0.000587551
    0.541251  0.000611093
     0.54737   0.00063557
    0.553559  0.000661031
    0.559818   0.00068751
    0.566148   0.00071505
    0.572549  0.000743689
    0.579022  0.000773472
    0.585569   0.00080445
     0.59219  0.000836667
    0.598885  0.000870169
    0.605657  0.000905017
    0.612505  0.000941255
     0.61943   0.00097894
    0.626434   0.00101814
    0.633516   0.00105889
    0.640679   0.00110128
    0.647923   0.00114537
    0.655249   0.00119122
    0.662657   0.00123889
     0.67015   0.00128848
    0.677727   0.00134004
     0.68539   0.00139367
    0.693139   0.00144943
    0.700976   0.00150743
    0.708902   0.00156774
    0.716917   0.00163046
    0.725023   0.00169568
     0.73322   0.00176351
     0.74151   0.00183404
    0.749894   0.00190739
    0.758373   0.00198367
    0.766947   0.00206299
    0.775619   0.00214548
    0.784389   0.00223126
    0.793257   0.00232046
    0.802226   0.00241321
    0.811297   0.00250968
     0.82047   0.00260998
    0.829746   0.00271427
    0.839128   0.00282273
    0.848615   0.00293551
     0.85821   0.00305278
    0.867914   0.00317474
    0.877727   0.00330154
    0.887651   0.00343339
    0.897687   0.00357049
    0.907837   0.00371306
    0.918101   0.00386129
    0.928482   0.00401544
     0.93898   0.00417571
    0.949596   0.00434234
    0.960333   0.00451562
    0.971191   0.00469579
    0.982172   0.00488312
    0.993277    0.0050779
     1.00451   0.00528046
     1.01586   0.00549088
     1.02735   0.00570988
     1.03897   0.00593758
     1.05071   0.00617409
     1.06259   0.00642014
     1.07461   0.00667607
     1.08676   0.00694203
     1.09905    0.0072186
     1.11147   0.00750593
     1.12404   0.00780487
     1.13675   0.00811561
      1.1496   0.00843856
      1.1626   0.00877443
     1.17574   0.00912341
     1.18904   0.00948651
     1.20248   0.00986369
     1.21608     0.010256
     1.22983    0.0106638
     1.24373    0.0110874
     1.25779     0.011528
     1.27201    0.0119859
      1.2864    0.0124622
     1.30094    0.0129569
     1.31565    0.0134713
     1.33053    0.0140062
     1.34557    0.0145618
     1.36078    0.0151393
     1.37617    0.0157399
     1.39173    0.0163639
     1.40746    0.0170123
     1.42338    0.0176867
     1.43947    0.0183872
     1.45575    0.0191155
     1.47221    0.0198723
     1.48885    0.0206586
     1.50569    0.0214762
     1.52271    0.0223254
     1.53993    0.0232083
     1.55734    0.0241255
     1.57495    0.0250788
     1.59275    0.0260689
     1.61076    0.0270982
     1.62897    0.0281675
     1.64739    0.0292789
     1.66602    0.0304338
     1.68485     0.031633
      1.7039    0.0328794
     1.72317    0.0341748
     1.74265      0.03552
     1.76236    0.0369182
     1.78228    0.0383699
     1.80243    0.0398783
     1.82281    0.0414455
     1.84342    0.0430734
     1.86427    0.0447649
     1.88534    0.0465207
     1.90666    0.0483454
     1.92822    0.0502405
     1.95002    0.0522086
     1.97207    0.0542529
     1.99437    0.0563761
     2.01691    0.0585798
     2.03972    0.0608699
     2.06278    0.0632473
      2.0861    0.0657158
     2.10969    0.0682797
     2.13354    0.0709412
     2.15767    0.0737057
     2.18206    0.0765744
     2.20673    0.0795532
     2.23168    0.0826458
     2.25692    0.0858572
     2.28244    0.0891901
     2.30824    0.0926486
     2.33434    0.0962394
     2.36073    0.0999657
     2.38742     0.103833
     2.41442     0.107848
     2.44172     0.112014
     2.46932     0.116335
     2.49724      0.12082
     2.52548     0.125475
     2.55403     0.130302
     2.58291     0.135312
     2.61211     0.140508
     2.64165     0.145899
     2.67152     0.151491
     2.70172     0.157289
     2.73227     0.163304
     2.76316     0.169541
      2.7944     0.176008
       2.826     0.182716
     2.85795     0.189669
     2.89026     0.196877
     2.92294     0.204351
     2.95599     0.212099
     2.98941     0.220128
     3.02321      0.22845
      3.0574     0.237077
     3.09196     0.246012
     3.12692     0.255272
     3.16228     0.264867
     3.19803     0.274805
     3.23419       0.2851
     3.27076     0.295765
     3.30774     0.306808
     3.34514     0.318244
     3.38296     0.330084
     3.42121     0.342344
     3.45989     0.355034
     3.49901      0.36817
     3.53857     0.381764
     3.57858     0.395833
     3.61904      0.41039
     3.65996      0.42545
     3.70134     0.441028
     3.74319     0.457142
     3.78552     0.473808
     3.82832     0.491038
      3.8716     0.508849
     3.91538     0.527266
     3.95964     0.546293
     4.00441      0.56596
     4.04969     0.586282
     4.09548     0.607275
     4.14178     0.628955
     4.18861     0.651346
     4.23597     0.674465
     4.28387     0.698334
      4.3323     0.722963
     4.38129     0.748385
     4.43082     0.774606
     4.48092     0.801658
     4.53158     0.829553
     4.58282     0.858319
     4.63464     0.887971
     4.68704     0.918527
     4.74003     0.950009
     4.79363     0.982445
     4.84782      1.01584
     4.90264      1.05023
     4.95807      1.08562
     5.01413      1.12204
     5.07082      1.15951
     5.12815      1.19804
     5.18613      1.23765
     5.24477      1.27837
     5.30407      1.32021
     5.36404      1.36317
     5.42469      1.40729
     5.48603      1.45258
     5.54805      1.49904
     5.61078       1.5467
     5.67422      1.59556
     5.73838      1.64564
     5.80326      1.69694
     5.86887      1.74947
     5.93523      1.80324
     6.00234      1.85825
      6.0702      1.91449
     6.13883      1.97198
     6.20824      2.03071
     6.27844      2.09069
     6.34942      2.15187
     6.42121      2.21429
     6.49382      2.27791
     6.56724      2.34271
     6.64149      2.40867
     6.71658      2.47578
     6.79253      2.54401
     6.86932      2.61331
     6.94699      2.68367
     7.02554      2.75504
     7.10497      2.82736
     7.18531      2.90061
     7.26655       2.9747
     7.34871      3.04959
      7.4318       3.1252
     7.51582      3.20146
      7.6008      3.27831
     7.68674      3.35565
     7.77365      3.43338
     7.86154      3.51141
     7.95043      3.58963
     8.04032      3.66792
     8.13123      3.74618
     8.22317      3.82425
     8.31614      3.90201
     8.41017      3.97931
     8.50526        4.056
     8.60142       4.1319
     8.69868      4.20686
     8.79703      4.28067
     8.89649      4.35317
     8.99708      4.42414
     9.09881      4.49339
     9.20168      4.56068
     9.30572       4.6258
     9.41094      4.68852
     9.51734      4.74859
     9.62495      4.80575
     9.73377      4.85975
     9.84383      4.91034
     9.95513      4.95722
     10.0677      5.00013
     10.1815      5.03876
     10.2966      5.07284
     10.4131       5.1021
     10.5308      5.12619
     10.6499      5.14484
     10.7703      5.15774
      10.892      5.16459
     11.0152       5.1651
     11.1397      5.15897
     11.2657      5.14589
     11.3931       5.1256
     11.5219      5.09781
     11.6522      5.06224
     11.7839      5.01868
     11.9171      4.96686
     12.0519      4.90651
     12.1881      4.83753
     12.3259      4.75966
     12.4653      4.67272
     12.6063      4.57661
     12.7488       4.4713
     12.8929      4.35668
     13.0387      4.23264
     13.1861      4.09929
     13.3352      3.95662
      13.486      3.80473
     13.6385      3.64378
     13.7927        3.474
     13.9486      3.29566
     14.1063      3.10897
     14.2658      2.91433
     14.4271      2.71217
     14.5902      2.50303
     14.7552      2.28735
      14.922      2.06591
     15.0908      1.83917
     15.2614      1.60818
     15.4339      1.37367
     15.6084      1.13641
     15.7849     0.897406
     15.9634     0.657701
     16.1439     0.418413
     16.3264     0.180708
      16.511   -0.0543194
     16.6977    -0.285399
     16.8865    -0.511222
     17.0774    -0.730451
     17.2705    -0.941835
     17.4658     -1.14399
     17.6632     -1.33545
     17.8629     -1.51504
     18.0649     -1.68139
     18.2692     -1.83321
     18.4757     -1.96915
     18.6846     -2.08819
     18.8959     -2.18919
     19.1095     -2.27113
     19.3256     -2.33319
     19.5441     -2.37462
     19.7651     -2.39484
     19.9885     -2.39346
     20.2145     -2.37027
     20.4431     -2.32525
     20.6742     -2.25867
      20.908     -2.17093
     21.1444     -2.06279
     21.3835     -1.93521
     21.6252     -1.78951
     21.8697     -1.62712
      22.117     -1.44986
     22.3671     -1.25983
       22.62      -1.0594
     22.8757    -0.851206
     23.1344    -0.637953
     23.3959    -0.422894
     23.6605    -0.209059
      23.928 -3.99907e-05
     24.1985     0.200703
     24.4721     0.389636
     24.7488     0.563136
     25.0287      0.71768
     25.3116     0.849708
     25.5978     0.956082
     25.8873      1.03375
     26.1799      1.07996
      26.476      1.09248
     26.7753      1.06947
      27.078      1.00968
     27.3842     0.912443
     27.6938     0.777855
     28.0069     0.606711
     28.3236     0.400585
     28.6438      0.16203
     28.9677    -0.105745
     29.2952    -0.398423
     29.6265    -0.711078
     29.9614     -1.03758
     30.3002     -1.37149
     30.6428     -1.70531
     30.9892     -2.03101
     31.3396     -2.34031
      31.694     -2.62442
     32.0523     -2.87437
     32.4147      -3.0815
     32.7812      -3.2373
     33.1519     -3.33386
     33.5267     -3.36403
     33.9058      -3.3218
     34.2891     -3.20246
     34.6768     -3.00286
     35.0689     -2.72167
     35.4654     -2.35968
     35.8664     -1.91977
     36.2719      -1.4073
      36.682    -0.829899
     37.0968    -0.197622
     37.5162     0.476797
     37.9404      1.17886
     38.3693      1.89159
     38.8032      2.59699
     39.2419      3.27496
     39.6856      3.90526
     40.1343      4.46714
     40.5881      4.94041
      41.047       5.3059
     41.5111       5.5464
     41.9804      5.64728
     42.4551      5.59725
     42.9351      5.38906
     43.4205      5.02015
     43.9115      4.49295
      44.408      3.81568
     44.9101      3.00215
     45.4178        2.072
     45.9314      1.04979
     46.4507   -0.0339963
     46.9759     -1.14537
      47.507     -2.24667
     48.0442      -3.2986
     48.5874     -4.26063
     49.1367     -5.09364
     49.6923     -5.76127
     50.2541     -6.23125
     50.8223      -6.4778
      51.397     -6.48276
     51.9781     -6.23722
     52.5658     -5.74256
     53.1601     -5.01121
     53.7612     -4.06658
      54.369     -2.94344
     54.9838     -1.68587
     55.6054     -0.34747
     56.2341      1.01275
     56.8699      2.33127
     57.5129      3.54395
     58.1632      4.58911
     58.8208      5.41089
     59.4859      5.96309
     60.1585      6.21181
     60.8387       6.1385
     61.5265      5.74187
     62.2222      5.03877
     62.9257      4.06458
     63.6372      2.87162
     64.3567      1.52745
     65.0843     0.110626
     65.8202     -1.29321
     66.5644     -2.59662
      67.317     -3.71639
     68.0782     -4.57941
     68.8479     -5.12778
     69.6263     -5.32429
     70.4136     -5.15545
     71.2097     -4.63378
     72.0148     -3.79779
     72.8291     -2.70992
     73.6525     -1.45317
     74.4853    -0.124257
     75.3274      1.17263
     76.1791      2.33538
     77.0404      3.27158
     77.9115      3.90742
     78.7924      4.19426
     79.6833       4.1139
     80.5842      3.68083
     81.4953       2.9415
     82.4168      1.97051
     83.3486     0.864214
      84.291    -0.269041
      85.244     -1.31905
     86.2079     -2.18557
     87.1826     -2.78822
     88.1683      -3.0757
     89.1652     -3.03103
     90.1733      -2.6734
     91.1929     -2.05572
      92.224     -1.25841
     93.2667    -0.379501
     94.3212     0.477383
     95.3877       1.2155
     96.4662      1.75691
     97.5569      2.05142
     98.6599      2.08191
     99.7754      1.86507
     100.904      1.44718
     102.044     0.897384
     103.198     0.294093
     104.365    -0.283811
     105.545    -0.768173
     106.738     -1.11099
     107.945     -1.28785
     109.166     -1.29759
       110.4      -1.1592
     111.648     -0.90528
     112.911    -0.574678
     114.187    -0.207505
     115.478     0.160885
     116.784     0.498766
     118.104     0.778288
      119.44     0.973822
      120.79      1.05999
     122.156      1.01471
     123.537     0.823967
     124.934     0.490308
     126.346    0.0412053
     127.775    -0.465879
      129.22     -0.94412
     130.681     -1.29037
     132.158     -1.40614
     133.652     -1.22644
     135.163    -0.745691
     136.692   -0.0352241
     138.237     0.756591
       139.8      1.43347
     141.381      1.79583
     142.979      1.70198
     144.596       1.1227
     146.231     0.171879
     147.884    -0.904618
     149.556     -1.78743
     151.247     -2.17634
     152.957      -1.8962
     154.687    -0.976348
     156.436      0.32792
     158.204      1.59605
     159.993      2.37482
     161.802      2.34036
     163.632      1.44196
     165.482    -0.042712
     167.353     -1.57907
     169.245     -2.56014
     171.158     -2.55068
     173.094     -1.48992
     175.051     0.237069
      177.03      1.92221
     179.032      2.81798
     181.056      2.47463
     183.103     0.984638
     185.173     -1.00829
     187.267     -2.56934
     189.384     -2.90863
     191.525     -1.79977
     193.691     0.253174
     195.881      2.21282
     198.096      3.02601
     200.335      2.20307
     202.601     0.140523
     204.891     -2.02781
     207.208     -3.04445
     209.551     -2.26522
      211.92    -0.107375
     214.316        2.133
     216.739      3.03966
      219.19      1.98998
     221.668    -0.373093
     224.174     -2.48967
     226.709     -2.89858
     229.272      -1.2762
     231.865       1.2559
     234.486      2.86074
     237.137      2.32598
     239.819    0.0247145
      242.53     -2.27653
     245.272     -2.75289
     248.045    -0.998448
      250.85      1.55849
     253.686      2.76734
     256.555      1.58012
     259.455    -0.971268
     262.389     -2.60756
     265.356      -1.8319
     268.356     0.631097
      271.39      2.43742
     274.458      1.83944
     277.562    -0.558635
       280.7      -2.3247
     283.874     -1.65056
     287.083     0.728384
     290.329      2.24807
     293.612      1.26673
     296.931     -1.08011
     300.289     -2.11039
     303.684    -0.665852
     307.118      1.49356
      310.59      1.76296
     314.102    -0.127905
     317.653     -1.75786
     321.245     -1.07491
     324.877     0.949398
      328.55      1.60259
     332.265    0.0762715
     336.022     -1.44594
     339.821    -0.859304
     343.663     0.887604
     347.549      1.22199
     351.478    -0.247105
     355.452     -1.21491
     359.471    -0.265182
     363.536     0.989048
     367.646     0.567552
     371.803    -0.692938
     376.006    -0.695045
     380.258      0.42501
     384.557     0.685953
     388.905    -0.229232
     393.302    -0.603866
     397.749     0.111048
     402.246     0.489853
     406.794    -0.054972
     411.394    -0.367463
     416.045    0.0375206
     420.749     0.242418
     425.507   -0.0331901
     430.318    -0.121698
     435.183     0.017064
     440.103    0.0113286
     445.079    0.0318567
     450.112    0.0708296
     455.201    -0.123781
     460.348   -0.0933464
     465.553     0.244824
     470.816      0.02029
      476.14    -0.343134
     481.523     0.161377
     486.968     0.330577
     492.473    -0.397903
     498.042    -0.125347
     503.673     0.541592
     509.368    -0.254424
     515.127     -0.40267
     520.951      0.60046
     526.841   -0.0729138
     532.798    -0.572749
     538.822     0.601144
     544.914    0.0215511
     551.075    -0.638906
     557.306     0.633736
     563.607   -0.0292341
      569.98    -0.600665
     576.424     0.709598
     582.942    -0.239651
     589.533    -0.401538
     596.198       0.7264
     602.939    -0.537314
     609.756     0.011695
      616.65     0.486543
     623.623    -0.671159
     630.674     0.484944
     637.804   -0.0780139
     645.016    -0.320171
     652.309     0.535562
     659.684    -0.514572
     667.143     0.313953
     674.686   -0.0444485
     682.314    -0.189169
     690.029     0.324831
     697.831    -0.351037
     705.721     0.292983
       713.7    -0.191787
     721.769    0.0864843
      729.93  -0.00385531
     738.183   -0.0442377
     746.529      0.05788
      754.97   -0.0443252
     763.506    0.0134329
     772.139    0.0257111
     780.869   -0.0664321
     789.698     0.104904
     798.627    -0.139761
     807.656     0.171323
     816.788    -0.200833
     826.023      0.22958
     835.363    -0.258306
     844.808     0.286518
     854.359    -0.312069
     864.019     0.330786
     873.788    -0.336367
     883.668     0.320963
     893.659    -0.276709
     903.763      0.19813
     913.982   -0.0857069
     924.316    -0.050487
     934.766      0.18689
     945.335    -0.292503
     956.024     0.332221
     966.833     -0.28349
     977.765      0.15189
      988.82    0.0201307
        1000    -0.163189
