        0.01 -6.08404e-08
   0.0101131  2.38197e-22
   0.0102274 -5.62359e-08
    0.010343  1.08133e-07
     0.01046  2.44851e-22
   0.0105783  9.99462e-08
   0.0106979  2.02944e-22
   0.0108188  9.23836e-08
   0.0109411  8.88195e-08
   0.0110648  8.53924e-08
   0.0111899  8.20975e-08
   0.0113165 -2.09665e-22
   0.0114444  4.39059e-23
   0.0115738  7.29551e-08
   0.0117047  4.20455e-22
    0.011837    -1.09e-24
   0.0119709  6.48303e-08
   0.0121062  6.23296e-08
   0.0122431  4.95542e-23
   0.0123815            0
   0.0125215   4.3203e-22
   0.0126631  2.69714e-24
   0.0128062 -5.11977e-08
    0.012951  4.45918e-22
   0.0130975 -4.73219e-08
   0.0132456  5.48359e-22
   0.0133953   4.3741e-08
   0.0135468  4.20526e-08
   0.0136999  4.04307e-08
   0.0138548  3.88706e-08
   0.0140115  5.13117e-22
   0.0141699  3.59284e-08
   0.0143301  3.45422e-08
   0.0144921  3.32095e-08
    0.014656 -5.50735e-24
   0.0148217  6.13916e-08
   0.0149893 -4.75888e-22
   0.0151588  2.83723e-08
   0.0153302  2.72775e-08
   0.0155035 -5.84435e-23
   0.0156788  4.92218e-25
   0.0158561  4.87922e-22
   0.0160353  2.33052e-08
   0.0162166  2.24059e-08
      0.0164  2.15411e-08
   0.0165854  4.14201e-08
   0.0167729  3.29667e-24
   0.0169626  6.22902e-22
   0.0171544 -1.84038e-08
   0.0173483  -5.7167e-22
   0.0175445  7.06703e-24
   0.0177429  1.63544e-08
   0.0179435 -6.21488e-23
   0.0181463  1.51169e-08
   0.0183515  1.45335e-08
    0.018559  1.39727e-08
   0.0187688 -6.58714e-22
   0.0189811  1.29151e-08
   0.0191957  2.48335e-08
   0.0194127  1.19377e-08
   0.0196322 -5.41268e-22
   0.0198542  2.20683e-08
   0.0200786   2.1217e-08
   0.0203057  -1.0199e-08
   0.0205353  -1.1937e-22
   0.0207674  9.42723e-09
   0.0210022  9.06348e-09
   0.0212397   8.7137e-09
   0.0214799  1.67548e-08
   0.0217227 -1.61084e-08
   0.0219683  1.54869e-08
   0.0222167 -7.12875e-22
   0.0224679  1.43147e-08
   0.0227219  1.37624e-08
   0.0229788  1.32314e-08
   0.0232387  1.27207e-08
   0.0235014            0
   0.0237671  -1.1758e-08
   0.0240358 -1.21125e-21
   0.0243076  1.08681e-08
   0.0245824  1.39819e-22
   0.0248604 -1.00455e-08
   0.0251415  1.37752e-22
   0.0254257  1.23336e-21
   0.0257132  1.49425e-22
   0.0260039  8.58256e-09
   0.0262979  8.25141e-09
   0.0265953  7.93295e-09
    0.026896  7.62684e-09
   0.0272001  7.33255e-09
   0.0275076  7.04965e-09
   0.0278186  1.35553e-08
   0.0281332  6.51606e-09
   0.0284513  -1.6643e-22
   0.0287729  1.33359e-24
   0.0290983  5.79049e-09
   0.0294273  5.56705e-09
     0.02976  1.07045e-08
   0.0300965  1.54371e-08
   0.0304368  9.89431e-09
   0.0307809            0
   0.0311289  9.14552e-09
   0.0314809  4.39629e-09
   0.0318368  8.45335e-09
   0.0321968  1.53932e-21
   0.0325608 -1.67439e-22
    0.032929  1.24571e-21
   0.0333013  3.61108e-09
   0.0336778  3.47175e-09
   0.0340586 -7.39568e-24
   0.0344437  1.09074e-23
   0.0348331  3.08517e-09
   0.0352269  5.93227e-09
   0.0356252  5.70337e-09
    0.036028  1.48823e-21
   0.0364354  1.65488e-21
   0.0368473  1.67851e-21
    0.037264  1.50372e-21
   0.0376853  1.86679e-21
   0.0381114   1.5186e-21
   0.0385423  1.87636e-21
   0.0389781  4.16303e-09
   0.0394188  3.62065e-22
   0.0398645  1.92398e-09
   0.0403152  1.84974e-09
    0.040771  1.58475e-21
    0.041232  3.41949e-09
   0.0416982  1.64377e-09
   0.0421697  3.18282e-21
   0.0426464 -3.62835e-22
   0.0431286  1.20954e-21
   0.0436163  1.62747e-21
   0.0441094  2.70037e-09
   0.0446081  1.64524e-21
   0.0451125  3.28412e-21
   0.0456226  3.29864e-21
   0.0461384  5.37879e-21
   0.0466601  3.72986e-21
   0.0471876 -1.51206e-23
   0.0477212   7.1942e-21
   0.0482607 -1.97108e-09
   0.0488064  1.89502e-09
   0.0493582   3.6438e-09
   0.0499163  3.05365e-21
   0.0504807   -1.684e-09
   0.0510514  1.61903e-09
   0.0516286  3.11312e-09
   0.0522124  1.49649e-09
   0.0528027  7.11452e-21
   0.0533997  2.76647e-09
   0.0540035  7.62761e-21
   0.0546141  7.64865e-21
   0.0552316  7.25747e-21
   0.0558561  6.87873e-21
   0.0564876 -1.13618e-09
   0.0571263  1.52746e-20
   0.0577722  1.05018e-09
   0.0584254  1.00966e-09
    0.059086  9.70702e-10
    0.059754   1.8665e-09
   0.0604296  8.97238e-10
   0.0611129  8.62614e-10
   0.0618039  1.88103e-20
   0.0625027 -7.97326e-10
   0.0632093  1.94128e-20
    0.063924  7.36984e-10
   0.0646468  1.41709e-09
   0.0653777   2.8171e-20
   0.0661169  1.30984e-09
   0.0668645  2.80401e-20
   0.0676205 -6.05351e-10
    0.068385  5.81994e-10
   0.0691582  5.59537e-10
   0.0699402  3.27357e-20
   0.0707309  1.03438e-09
   0.0715307  4.14325e-20
   0.0723394  4.63397e-20
   0.0731573   3.7632e-20
   0.0739845  4.58482e-20
    0.074821  4.24815e-10
    0.075667  4.08422e-10
   0.0765225  7.85326e-10
   0.0773877  6.56526e-20
   0.0782627  7.25888e-10
   0.0791476  3.48939e-10
   0.0800424  7.34361e-20
   0.0809474  9.67593e-10
   0.0818627  3.10085e-10
   0.0827883  8.01327e-20
   0.0837243  5.73233e-10
   0.0846709  2.75557e-10
   0.0856283   1.0323e-19
   0.0865964 -1.01881e-09
   0.0875755  1.23804e-19
   0.0885657  -4.7085e-10
   0.0895671  1.38992e-19
   0.0905798  4.35213e-10
   0.0916039  1.54623e-19
   0.0926396  4.02275e-10
   0.0936871  7.73504e-10
   0.0947464  3.71828e-10
   0.0958176  3.57481e-10
    0.096901  2.12083e-19
   0.0979966  2.22866e-19
   0.0991046  2.33915e-19
    0.100225  3.05419e-10
    0.101358  2.93636e-10
    0.102504  2.86285e-19
    0.103663  3.10165e-19
    0.104835  2.60939e-10
    0.106021  3.52873e-19
    0.107219  2.41191e-10
    0.108432   3.9893e-19
    0.109658  2.22931e-10
    0.110898  4.31804e-19
    0.112151  4.77001e-19
    0.113419  1.98112e-10
    0.114702  1.90464e-10
    0.115999  5.58849e-19
     0.11731  1.76051e-10
    0.118637 -1.69255e-10
    0.119978  3.25451e-10
    0.121335  1.56445e-10
    0.122706  1.50412e-10
    0.124094  1.44605e-10
    0.125497  1.39026e-10
    0.126916 -1.33661e-10
    0.128351  1.28503e-10
    0.129802  2.47091e-10
     0.13127  1.18777e-10
    0.132754  2.28389e-10
    0.134255  1.27197e-18
    0.135773  1.05552e-10
    0.137308  1.43435e-18
     0.13886  1.53484e-18
     0.14043  1.63637e-18
    0.142018  9.01799e-11
    0.143624  1.84392e-18
    0.145248  1.66708e-10
     0.14689  2.10219e-18
    0.148551  7.70455e-11
     0.15023 -7.40736e-11
    0.151929  7.12147e-11
    0.153647  6.84664e-11
    0.155384  2.85642e-18
    0.157141  1.26569e-10
    0.158918 -6.08423e-11
    0.160714  3.43879e-18
    0.162531  5.62387e-11
    0.164369  3.89177e-18
    0.166228  4.13824e-18
    0.168107   4.9976e-11
    0.170008  4.80473e-11
     0.17193  4.98196e-18
    0.173874  1.77644e-10
     0.17584  5.63584e-18
    0.177828  8.20996e-11
    0.179839  6.36614e-18
    0.181872  6.77478e-18
    0.183928  7.23819e-18
    0.186008  1.40285e-10
    0.188111  8.16266e-18
    0.190238  8.72879e-18
    0.192389   6.2332e-11
    0.194564 -5.99271e-11
    0.196764  5.76145e-11
    0.198989  1.11367e-17
    0.201238  5.32546e-11
    0.203514   5.1199e-11
    0.205815  1.34019e-17
    0.208142  4.73242e-11
    0.210495  1.51736e-17
    0.212875  1.61481e-17
    0.215282  4.20547e-11
    0.217716   4.0432e-11
    0.220178  3.88717e-11
    0.222667   3.7372e-11
    0.225185  2.19246e-17
    0.227731  3.45434e-11
    0.230306  3.32104e-11
     0.23291 -3.19288e-11
    0.235543   2.8168e-17
    0.238206  2.99553e-17
      0.2409   5.6747e-11
    0.243623  3.39015e-17
    0.246378  3.60563e-17
    0.249163  3.83617e-17
    0.251981  4.08202e-17
     0.25483  2.33059e-11
    0.257711  4.61582e-17
    0.260625   2.1542e-11
    0.263571   4.1422e-11
    0.266552  1.99116e-11
    0.269565  1.91435e-11
    0.272613  1.84048e-11
    0.275696  1.76944e-11
    0.278813  1.70117e-11
    0.281965  7.56685e-17
    0.285153  1.57243e-11
    0.288377  3.02351e-11
    0.291638  1.45342e-11
    0.294935  2.79467e-11
     0.29827  -1.3434e-11
    0.301642  1.09731e-16
    0.305053  2.48348e-11
    0.308502  1.19383e-11
     0.31199  1.32077e-16
    0.315517  4.41391e-11
    0.319085  1.49487e-16
    0.322693  1.59029e-16
    0.326341  1.96121e-11
    0.330031  1.88553e-11
    0.333762  1.91422e-16
    0.337536  8.71428e-12
    0.341353  1.67558e-11
    0.345212  2.30446e-16
    0.349115  2.45175e-16
    0.353062  1.48902e-11
    0.357054  2.77449e-16
    0.361091  2.95119e-16
    0.365174  1.32322e-11
    0.369303  1.27216e-11
    0.373479   3.5532e-16
    0.377701 -1.17582e-11
    0.381972  4.02053e-16
    0.386291   1.0869e-11
    0.390658 -1.04487e-11
    0.395075  1.00465e-11
    0.399542  9.65887e-12
    0.404059  5.47762e-16
    0.408628  8.92795e-12
    0.413248  8.58352e-12
    0.417921  6.59331e-16
    0.422646  7.93399e-12
    0.427424  7.62795e-12
    0.432257  7.93651e-16
    0.437144  8.44403e-16
    0.442087  8.98256e-16
    0.447086 -6.51537e-12
    0.452141   6.2659e-12
    0.457253  1.08128e-15
    0.462423 -5.78959e-12
    0.467651  5.56853e-12
    0.472939   1.3018e-15
    0.478286  1.38476e-15
    0.483694  4.94884e-12
    0.489162  9.51456e-12
    0.494693  1.66696e-15
    0.500286  4.39828e-12
    0.505943  1.88642e-15
    0.511663  4.06576e-12
    0.517449  2.13483e-15
    0.523299  2.27097e-15
    0.529216  2.41594e-15
    0.535199 -3.46934e-12
    0.541251  6.67858e-12
     0.54737  2.90832e-15
    0.553559  3.09381e-15
    0.559818  5.93579e-12
    0.566148  3.50099e-15
    0.572549  2.74547e-12
    0.579022  2.63992e-12
    0.585569  4.21468e-15
     0.59219  4.48345e-15
    0.598885  2.34722e-12
    0.605657  2.25712e-12
    0.612505  5.39728e-15
     0.61943 -6.23908e-12
    0.626434 -1.99517e-12
    0.633516  6.49757e-15
    0.640679  6.91201e-15
    0.647923   1.7858e-12
    0.655249  1.71764e-12
    0.662657  4.93986e-12
     0.67015  1.58926e-12
    0.677727  1.52884e-12
     0.68539  2.93161e-12
    0.693139  2.81952e-12
    0.700976  1.13352e-14
    0.708902  1.20585e-14
    0.716917 -2.48326e-12
    0.725023  2.41342e-12
     0.73322   1.4516e-14
     0.74151  1.54419e-14
    0.749894  4.28156e-12
    0.758373  1.74745e-14
    0.766947  1.85892e-14
    0.775619  1.97748e-14
    0.784389  3.66498e-12
    0.793257  3.52572e-12
    0.802226  1.70789e-12
    0.811297  3.26351e-12
     0.82047  2.69389e-14
    0.829746  1.52522e-12
    0.839128   2.9081e-12
    0.848615  3.24296e-14
     0.85821  1.36441e-12
    0.867914  3.66985e-14
    0.877727   1.2683e-12
    0.887651  -1.1403e-12
    0.897687   1.1804e-12
    0.907837  4.69959e-14
    0.918101   4.9993e-14
    0.928482  1.06289e-12
     0.93898  5.65742e-14
    0.949596   9.9347e-13
    0.960333  6.40213e-14
    0.971191  9.30756e-13
    0.982172  9.01813e-13
    0.993277  7.70693e-14
     1.00451  8.19861e-14
     1.01586  8.24238e-13
     1.02735  8.01353e-13
     1.03897  -5.8253e-13
     1.05071  7.59942e-13
     1.06259  1.11683e-13
     1.07461   1.1881e-13
     1.08676  7.08402e-13
     1.09905  1.34449e-13
     1.11147  1.21896e-12
     1.12404  1.52145e-13
     1.13675  6.59098e-13
      1.1496  6.50235e-13
      1.1626  6.42768e-13
     1.17574   1.0786e-12
     1.18904   2.0726e-13
     1.20248  6.28915e-13
     1.21608  6.27217e-13
     1.22983  1.00455e-12
     1.24373 -9.75554e-14
     1.25779  6.31288e-13
     1.27201  6.35829e-13
      1.2864  9.64582e-13
     1.30094  6.49968e-13
     1.31565  3.61546e-13
     1.33053  3.84611e-13
     1.34557  6.84702e-13
     1.36078  9.65095e-13
     1.37617  4.62983e-13
     1.39173  4.92511e-13
     1.40746  5.23908e-13
     1.42338  1.01003e-12
     1.43947   1.0281e-12
     1.45575  6.30688e-13
     1.47221  6.70911e-13
     1.48885  7.13682e-13
     1.50569  1.13105e-12
     1.52271  8.07615e-13
     1.53993  5.15429e-13
     1.55734  1.24435e-12
     1.57495  6.54512e-13
     1.59275  1.03417e-12
     1.61076  1.39377e-12
     1.62897  1.17027e-12
     1.64739  1.51632e-12
     1.66602  1.58525e-12
     1.68485  1.15784e-12
      1.7039  1.25735e-12
     1.72317  1.59413e-12
     1.74265  1.69577e-12
     1.76236   1.5896e-12
     1.78228  1.91893e-12
     1.80243  2.04128e-12
     1.82281  2.17144e-12
     1.84342  2.49303e-12
     1.86427   2.6333e-12
     1.88534  2.95239e-12
     1.90666  2.94328e-12
     1.92822  3.11431e-12
     1.95002  3.14644e-12
     1.97207  3.34707e-12
     1.99437   3.5605e-12
     2.01691  3.65375e-12
     2.03972  3.90045e-12
     2.06278   4.0387e-12
      2.0861   4.6778e-12
     2.10969  4.96392e-12
     2.13354  5.15887e-12
     2.15767  5.38231e-12
     2.18206  5.73616e-12
     2.20673  6.20979e-12
     2.23168  6.69947e-12
     2.25692  7.20727e-12
     2.28244  7.64831e-12
     2.30824  7.95129e-12
     2.33434  8.45821e-12
     2.36073  8.92027e-12
     2.38742   9.6449e-12
     2.41442  1.01811e-11
     2.44172  1.07616e-11
     2.46932  1.16519e-11
     2.49724  1.22546e-11
     2.52548  1.32184e-11
     2.55403  1.39251e-11
     2.58291  1.47505e-11
     2.61211  1.57446e-11
     2.64165  1.66908e-11
     2.67152  1.78047e-11
     2.70172  1.90302e-11
     2.73227  2.00898e-11
     2.76316  2.14589e-11
      2.7944  2.28173e-11
       2.826  2.42629e-11
     2.85795  2.57217e-11
     2.89026  2.73606e-11
     2.92294  2.91772e-11
     2.95599  3.08888e-11
     2.98941   3.2999e-11
     3.02321  3.49651e-11
      3.0574  3.73249e-11
     3.09196  3.96961e-11
     3.12692  4.21617e-11
     3.16228  4.49037e-11
     3.19803  4.77586e-11
     3.23419   5.0796e-11
     3.27076  5.39779e-11
     3.30774  5.74165e-11
     3.34514  6.11198e-11
     3.38296  6.49647e-11
     3.42121   6.9103e-11
     3.45989   7.3545e-11
     3.49901  7.82255e-11
     3.53857  8.32038e-11
     3.57858  8.84637e-11
     3.61904  9.40977e-11
     3.65996  1.00157e-10
     3.70134  1.06465e-10
     3.74319  1.13245e-10
     3.78552  1.20487e-10
     3.82832  1.28128e-10
      3.8716  1.36313e-10
     3.91538  1.44965e-10
     3.95964  1.54193e-10
     4.00441  1.64034e-10
     4.04969  1.74429e-10
     4.09548  1.85559e-10
     4.14178  1.97392e-10
     4.18861  2.09914e-10
     4.23597  2.23318e-10
     4.28387   2.3757e-10
      4.3323  2.52647e-10
     4.38129  2.68709e-10
     4.43082  2.85824e-10
     4.48092  3.04013e-10
     4.53158  3.23339e-10
     4.58282    3.439e-10
     4.63464  3.65785e-10
     4.68704  3.89114e-10
     4.74003  4.13836e-10
     4.79363   4.4019e-10
     4.84782   4.6817e-10
     4.90264   4.9794e-10
     4.95807   5.2962e-10
     5.01413   5.6328e-10
     5.07082    5.991e-10
     5.12815  6.37185e-10
     5.18613   6.7773e-10
     5.24477  7.20803e-10
     5.30407  7.66638e-10
     5.36404  8.15374e-10
     5.42469  8.67214e-10
     5.48603  9.22307e-10
     5.54805   9.8092e-10
     5.61078  1.04328e-09
     5.67422  1.10956e-09
     5.73838   1.1801e-09
     5.80326  1.25506e-09
     5.86887  1.33479e-09
     5.93523  1.41958e-09
     6.00234  1.50974e-09
      6.0702  1.60564e-09
     6.13883  1.70759e-09
     6.20824  1.81603e-09
     6.27844  1.93135e-09
     6.34942  2.05395e-09
     6.42121  2.18433e-09
     6.49382  2.32298e-09
     6.56724  2.47041e-09
     6.64149  2.62716e-09
     6.71658  2.79386e-09
     6.79253  2.97112e-09
     6.86932  3.15957e-09
     6.94699  3.35998e-09
     7.02554  3.57307e-09
     7.10497  3.79961e-09
     7.18531  4.04054e-09
     7.26655  4.29667e-09
     7.34871  4.56902e-09
      7.4318  4.85859e-09
     7.51582  5.16643e-09
      7.6008  5.49376e-09
     7.68674  5.84177e-09
     7.77365  6.21176e-09
     7.86154  6.60511e-09
     7.95043  7.02334e-09
     8.04032  7.46793e-09
     8.13123  7.94062e-09
     8.22317  8.44314e-09
     8.31614  8.97732e-09
     8.41017  9.54523e-09
     8.50526  1.01489e-08
     8.60142  1.07907e-08
     8.69868   1.1473e-08
     8.79703  1.21981e-08
     8.89649   1.2969e-08
     8.99708  1.37884e-08
     9.09881  1.46595e-08
     9.20168  1.55853e-08
     9.30572  1.65694e-08
     9.41094  1.76154e-08
     9.51734  1.87271e-08
     9.62495  1.99088e-08
     9.73377  2.11646e-08
     9.84383  2.24994e-08
     9.95513   2.3918e-08
     10.0677  2.54258e-08
     10.1815  2.70276e-08
     10.2966  2.87301e-08
     10.4131  3.05408e-08
     10.5308  3.24632e-08
     10.6499  3.45072e-08
     10.7703  3.66783e-08
      10.892  3.89842e-08
     11.0152  4.14368e-08
     11.1397  4.40408e-08
     11.2657  4.68097e-08
     11.3931  4.97511e-08
     11.5219  5.28752e-08
     11.6522  5.61955e-08
     11.7839  5.97211e-08
     11.9171  6.34667e-08
     12.0519  6.74487e-08
     12.1881  7.16749e-08
     12.3259  7.61661e-08
     12.4653  8.09384e-08
     12.6063  8.60085e-08
     12.7488  9.13902e-08
     12.8929  9.71059e-08
     13.0387  1.03179e-07
     13.1861  1.09628e-07
     13.3352  1.16477e-07
      13.486  1.23752e-07
     13.6385  1.31478e-07
     13.7927   1.3968e-07
     13.9486  1.48388e-07
     14.1063  1.57635e-07
     14.2658  1.67455e-07
     14.4271  1.77881e-07
     14.5902  1.88949e-07
     14.7552  2.00702e-07
      14.922  2.13175e-07
     15.0908  2.26424e-07
     15.2614  2.40479e-07
     15.4339  2.55395e-07
     15.6084  2.71232e-07
     15.7849  2.88042e-07
     15.9634  3.05883e-07
     16.1439  3.24814e-07
     16.3264  3.44899e-07
      16.511  3.66216e-07
     16.6977  3.88836e-07
     16.8865  4.12834e-07
     17.0774   4.3829e-07
     17.2705  4.65301e-07
     17.4658  4.93958e-07
     17.6632  5.24339e-07
     17.8629  5.56573e-07
     18.0649  5.90769e-07
     18.2692  6.27039e-07
     18.4757  6.65481e-07
     18.6846  7.06258e-07
     18.8959  7.49503e-07
     19.1095  7.95335e-07
     19.3256  8.43944e-07
     19.5441  8.95464e-07
     19.7651  9.50084e-07
     19.9885  1.00795e-06
     20.2145   1.0693e-06
     20.4431  1.13434e-06
     20.6742  1.20323e-06
      20.908  1.27625e-06
     21.1444   1.3536e-06
     21.3835  1.43556e-06
     21.6252  1.52235e-06
     21.8697   1.6143e-06
      22.117   1.7117e-06
     22.3671  1.81486e-06
       22.62  1.92408e-06
     22.8757  2.03971e-06
     23.1344  2.16217e-06
     23.3959  2.29176e-06
     23.6605    2.429e-06
      23.928  2.57421e-06
     24.1985  2.72788e-06
     24.4721   2.8905e-06
     24.7488  3.06258e-06
     25.0287  3.24467e-06
     25.3116  3.43719e-06
     25.5978  3.64088e-06
     25.8873  3.85636e-06
     26.1799  4.08407e-06
      26.476    4.325e-06
     26.7753  4.57959e-06
      27.078  4.84871e-06
     27.3842  5.13322e-06
     27.6938  5.43384e-06
     28.0069  5.75147e-06
     28.3236  6.08712e-06
     28.6438   6.4416e-06
     28.9677  6.81609e-06
     29.2952  7.21149e-06
     29.6265  7.62913e-06
     29.9614  8.06985e-06
     30.3002  8.53523e-06
     30.6428  9.02636e-06
     30.9892  9.54452e-06
     31.3396  1.00913e-05
      31.694  1.06683e-05
     32.0523  1.12766e-05
     32.4147  1.19183e-05
     32.7812  1.25948e-05
     33.1519  1.33081e-05
     33.5267  1.40598e-05
     33.9058  1.48521e-05
     34.2891  1.56868e-05
     34.6768  1.65662e-05
     35.0689  1.74925e-05
     35.4654   1.8468e-05
     35.8664   1.9495e-05
     36.2719  2.05761e-05
      36.682  2.17139e-05
     37.0968  2.29115e-05
     37.5162  2.41711e-05
     37.9404  2.54962e-05
     38.3693  2.68894e-05
     38.8032  2.83548e-05
     39.2419  2.98948e-05
     39.6856  3.15136e-05
     40.1343  3.32144e-05
     40.5881  3.50013e-05
      41.047  3.68779e-05
     41.5111  3.88485e-05
     41.9804  4.09172e-05
     42.4551  4.30889e-05
     42.9351  4.53675e-05
     43.4205  4.77578e-05
     43.9115  5.02656e-05
      44.408  5.28951e-05
     44.9101  5.56518e-05
     45.4178  5.85407e-05
     45.9314  6.15689e-05
     46.4507  6.47407e-05
     46.9759   6.8063e-05
      47.507  7.15416e-05
     48.0442  7.51839e-05
     48.5874  7.89954e-05
     49.1367  8.29833e-05
     49.6923  8.71557e-05
     50.2541  9.15186e-05
     50.8223  9.60808e-05
      51.397   0.00010085
     51.9781  0.000105834
     52.5658   0.00011104
     53.1601  0.000116478
     53.7612  0.000122158
      54.369  0.000128086
     54.9838  0.000134275
     55.6054   0.00014073
     56.2341  0.000147466
     56.8699   0.00015449
     57.5129  0.000161813
     58.1632  0.000169448
     58.8208  0.000177403
     59.4859  0.000185691
     60.1585  0.000194325
     60.8387  0.000203314
     61.5265   0.00021267
     62.2222  0.000222411
     62.9257  0.000232545
     63.6372  0.000243089
     64.3567  0.000254065
     65.0843  0.000265454
     65.8202  0.000277306
     66.5644  0.000289626
      67.317  0.000302424
     68.0782   0.00031572
     68.8479  0.000329526
     69.6263  0.000343861
     70.4136  0.000358743
     71.2097  0.000374187
     72.0148  0.000390212
     72.8291  0.000406837
     73.6525  0.000424078
     74.4853  0.000441958
     75.3274  0.000460493
     76.1791  0.000479706
     77.0404  0.000499615
     77.9115  0.000520246
     78.7924  0.000541616
     79.6833   0.00056375
     80.5842  0.000586669
     81.4953  0.000610397
     82.4168  0.000634963
     83.3486  0.000660384
      84.291  0.000686691
      85.244  0.000713908
     86.2079  0.000742065
     87.1826  0.000771184
     88.1683  0.000801296
     89.1652  0.000832431
     90.1733  0.000864616
     91.1929  0.000897885
      92.224  0.000932267
     93.2667   0.00096779
     94.3212   0.00100449
     95.3877    0.0010424
     96.4662   0.00108156
     97.5569   0.00112199
     98.6599   0.00116373
     99.7754   0.00120681
     100.904    0.0012513
     102.044   0.00129716
     103.198   0.00134451
     104.365   0.00139335
     105.545   0.00144371
     106.738   0.00149562
     107.945   0.00154915
     109.166   0.00160433
       110.4   0.00166115
     111.648   0.00171968
     112.911   0.00177999
     114.187   0.00184201
     115.478   0.00190587
     116.784   0.00197159
     118.104   0.00203913
      119.44   0.00210864
      120.79      0.00218
     122.156   0.00225336
     123.537   0.00232866
     124.934   0.00240598
     126.346   0.00248526
     127.775   0.00256662
      129.22   0.00265001
     130.681   0.00273542
     132.158   0.00282286
     133.652   0.00291237
     135.163   0.00300394
     136.692   0.00309761
     138.237   0.00319325
       139.8   0.00329096
     141.381    0.0033907
     142.979   0.00349239
     144.596   0.00359612
     146.231   0.00370178
     147.884   0.00380933
     149.556    0.0039188
     151.247   0.00403012
     152.957   0.00414326
     154.687   0.00425821
     156.436   0.00437485
     158.204   0.00449311
     159.993   0.00461306
     161.802   0.00473455
     163.632   0.00485758
     165.482   0.00498199
     167.353   0.00510777
     169.245   0.00523482
     171.158   0.00536305
     173.094   0.00549249
     175.051    0.0056229
      177.03   0.00575424
     179.032   0.00588644
     181.056   0.00601935
     183.103   0.00615289
     185.173   0.00628691
     187.267   0.00642136
     189.384     0.006556
     191.525   0.00669076
     193.691   0.00682553
     195.881   0.00696008
     198.096   0.00709429
     200.335   0.00722792
     202.601   0.00736094
     204.891   0.00749298
     207.208     0.007624
     209.551   0.00775363
      211.92   0.00788181
     214.316   0.00800837
     216.739   0.00813287
      219.19   0.00825519
     221.668     0.008375
     224.174   0.00849209
     226.709    0.0086062
     229.272   0.00871699
     231.865   0.00882424
     234.486   0.00892753
     237.137   0.00902664
     239.819   0.00912124
      242.53   0.00921094
     245.272   0.00929543
     248.045   0.00937435
      250.85   0.00944736
     253.686   0.00951382
     256.555   0.00957407
     259.455     0.009627
     262.389   0.00967249
     265.356   0.00971011
     268.356   0.00973945
      271.39   0.00976012
     274.458   0.00977169
     277.562   0.00977374
       280.7   0.00976586
     283.874   0.00974762
     287.083   0.00971861
     290.329    0.0096784
     293.612   0.00962657
     296.931   0.00956274
     300.289   0.00948646
     303.684   0.00939739
     307.118   0.00929511
      310.59    0.0091793
     314.102   0.00904957
     317.653   0.00890563
     321.245   0.00874712
     324.877   0.00857382
      328.55   0.00838545
     332.265   0.00818178
     336.022   0.00796264
     339.821   0.00772792
     343.663   0.00747748
     347.549   0.00721124
     351.478   0.00692929
     355.452   0.00663158
     359.471   0.00631826
     363.536   0.00598945
     367.646   0.00564549
     371.803   0.00528663
     376.006   0.00491333
     380.258   0.00452584
     384.557   0.00412493
     388.905   0.00371109
     393.302   0.00328509
     397.749   0.00284769
     402.246   0.00239984
     406.794   0.00194248
     411.394   0.00147668
     416.045   0.00100375
     420.749  0.000524852
     425.507    4.133e-05
     430.318 -0.000445188
     435.183 -0.000933159
     440.103  -0.00142096
     445.079  -0.00190688
     450.112   -0.0023891
     455.201  -0.00286556
     460.348   -0.0033344
     465.553  -0.00379352
     470.816  -0.00424076
      476.14  -0.00467416
     481.523  -0.00509136
     486.968  -0.00549032
     492.473  -0.00586869
     498.042  -0.00622451
     503.673  -0.00655548
     509.368   -0.0068596
     515.127  -0.00713483
     520.951  -0.00737929
     526.841  -0.00759121
     532.798  -0.00776895
     538.822  -0.00791104
     544.914   -0.0080162
     551.075   -0.0080834
     557.306  -0.00811182
     563.607  -0.00810092
      569.98  -0.00805045
     576.424  -0.00796048
     582.942   -0.0078314
     589.533  -0.00766396
     596.198  -0.00745927
     602.939   -0.0072188
     609.756   -0.0069444
      616.65  -0.00663832
     623.623  -0.00630312
     630.674  -0.00594188
     637.804  -0.00555794
     645.016  -0.00515488
     652.309  -0.00473679
     659.684  -0.00430796
     667.143  -0.00387285
     674.686  -0.00343621
     682.314   -0.0030029
     690.029  -0.00257779
     697.831  -0.00216588
     705.721  -0.00177205
       713.7  -0.00140105
     721.769  -0.00105738
      729.93  -0.00074523
     738.183 -0.000468441
     746.529 -0.000230351
      754.97 -3.36972e-05
     763.506  0.000119378
     772.139  0.000227496
     780.869  0.000290037
     789.698  0.000307241
     798.627  0.000280217
     807.656  0.000210982
     816.788  0.000102434
     826.023 -4.16211e-05
     835.363 -0.000216556
     844.808 -0.000416924
     854.359 -0.000636599
     864.019 -0.000868917
     873.788  -0.00110669
     883.668  -0.00134249
     893.659   -0.0015687
     903.763  -0.00177783
     913.982  -0.00196267
     924.316   -0.0021163
     934.766  -0.00223309
     945.335  -0.00230752
     956.024  -0.00233571
     966.833  -0.00231494
     977.765  -0.00224395
      988.82  -0.00212302
        1000  -0.00195409
