        0.01  1.82672e-10
   0.0101131  1.90061e-10
   0.0102274  1.97731e-10
    0.010343  2.05593e-10
     0.01046  2.13825e-10
   0.0105783  2.22407e-10
   0.0106979  2.31253e-10
   0.0108188  2.40715e-10
   0.0109411   2.5027e-10
   0.0110648  2.60323e-10
   0.0111899  2.70844e-10
   0.0113165    2.818e-10
   0.0114444  2.93057e-10
   0.0115738  3.04809e-10
   0.0117047  3.17079e-10
    0.011837  3.29836e-10
   0.0119709  3.43044e-10
   0.0121062  3.56782e-10
   0.0122431  3.71163e-10
   0.0123815  3.86048e-10
   0.0125215  4.01499e-10
   0.0126631  4.17577e-10
   0.0128062  4.34387e-10
    0.012951  4.51781e-10
   0.0130975  4.69998e-10
   0.0132456  4.88852e-10
   0.0133953   5.0857e-10
   0.0135468  5.28825e-10
   0.0136999  5.50018e-10
   0.0138548  5.72166e-10
   0.0140115  5.95125e-10
   0.0141699   6.1901e-10
   0.0143301  6.43837e-10
   0.0144921  6.69782e-10
    0.014656  6.96534e-10
   0.0148217  7.24504e-10
   0.0149893  7.53609e-10
   0.0151588  7.83849e-10
   0.0153302  8.15369e-10
   0.0155035  8.48014e-10
   0.0156788  8.82127e-10
   0.0158561  9.17476e-10
   0.0160353  9.54325e-10
   0.0162166  9.92565e-10
      0.0164   1.0325e-09
   0.0165854  1.07383e-09
   0.0167729  1.11697e-09
   0.0169626   1.1618e-09
   0.0171544  1.20839e-09
   0.0173483  1.25694e-09
   0.0175445  1.30741e-09
   0.0177429  1.35988e-09
   0.0179435  1.41438e-09
   0.0181463  1.47123e-09
   0.0183515  1.53026e-09
    0.018559  1.59167e-09
   0.0187688  1.65558e-09
   0.0189811  1.72206e-09
   0.0191957  1.79112e-09
   0.0194127  1.86299e-09
   0.0196322  1.93779e-09
   0.0198542  2.01562e-09
   0.0200786  2.09643e-09
   0.0203057  2.18068e-09
   0.0205353  2.26816e-09
   0.0207674  2.35926e-09
   0.0210022   2.4539e-09
   0.0212397  2.55239e-09
   0.0214799  2.65483e-09
   0.0217227  2.76136e-09
   0.0219683  2.87216e-09
   0.0222167  2.98746e-09
   0.0224679  3.10732e-09
   0.0227219  3.23206e-09
   0.0229788  3.36182e-09
   0.0232387   3.4967e-09
   0.0235014  3.63711e-09
   0.0237671  3.78308e-09
   0.0240358  3.93488e-09
   0.0243076  4.09281e-09
   0.0245824   4.2571e-09
   0.0248604  4.42796e-09
   0.0251415  4.60575e-09
   0.0254257   4.7905e-09
   0.0257132  4.98285e-09
   0.0260039  5.18276e-09
   0.0262979  5.39073e-09
   0.0265953  5.60713e-09
    0.026896  5.83224e-09
   0.0272001  6.06623e-09
   0.0275076  6.30979e-09
   0.0278186  6.56298e-09
   0.0281332  6.82639e-09
   0.0284513  7.10046e-09
   0.0287729  7.38531e-09
   0.0290983  7.68182e-09
   0.0294273  7.99011e-09
     0.02976  8.31078e-09
   0.0300965  8.64433e-09
   0.0304368  8.99127e-09
   0.0307809  9.35216e-09
   0.0311289  9.72743e-09
   0.0314809  1.01179e-08
   0.0318368   1.0524e-08
   0.0321968  1.09464e-08
   0.0325608  1.13857e-08
    0.032929  1.18427e-08
   0.0333013   1.2318e-08
   0.0336778  1.28124e-08
   0.0340586  1.33266e-08
   0.0344437  1.38616e-08
   0.0348331  1.44178e-08
   0.0352269  1.49964e-08
   0.0356252  1.55983e-08
    0.036028  1.62243e-08
   0.0364354  1.68756e-08
   0.0368473  1.75528e-08
    0.037264  1.82574e-08
   0.0376853  1.89902e-08
   0.0381114  1.97523e-08
   0.0385423  2.05451e-08
   0.0389781  2.13697e-08
   0.0394188  2.22274e-08
   0.0398645  2.31195e-08
   0.0403152  2.40473e-08
    0.040771  2.50124e-08
    0.041232  2.60163e-08
   0.0416982  2.70605e-08
   0.0421697  2.81467e-08
   0.0426464  2.92762e-08
   0.0431286  3.04512e-08
   0.0436163  3.16735e-08
   0.0441094  3.29446e-08
   0.0446081  3.42668e-08
   0.0451125  3.56422e-08
   0.0456226  3.70728e-08
   0.0461384  3.85606e-08
   0.0466601  4.01084e-08
   0.0471876  4.17179e-08
   0.0477212  4.33925e-08
   0.0482607  4.51339e-08
   0.0488064  4.69455e-08
   0.0493582  4.88296e-08
   0.0499163  5.07894e-08
   0.0504807  5.28279e-08
   0.0510514  5.49479e-08
   0.0516286  5.71532e-08
   0.0522124  5.94473e-08
   0.0528027   6.1833e-08
   0.0533997  6.43147e-08
   0.0540035  6.68961e-08
   0.0546141  6.95811e-08
   0.0552316  7.23737e-08
   0.0558561  7.52785e-08
   0.0564876  7.82997e-08
   0.0571263  8.14423e-08
   0.0577722   8.4711e-08
   0.0584254  8.81108e-08
    0.059086  9.16473e-08
    0.059754  9.53252e-08
   0.0604296   9.9151e-08
   0.0611129  1.03131e-07
   0.0618039   1.0727e-07
   0.0625027  1.11575e-07
   0.0632093  1.16053e-07
    0.063924  1.20711e-07
   0.0646468  1.25556e-07
   0.0653777  1.30595e-07
   0.0661169  1.35836e-07
   0.0668645  1.41288e-07
   0.0676205  1.46959e-07
    0.068385  1.52857e-07
   0.0691582  1.58992e-07
   0.0699402  1.65373e-07
   0.0707309   1.7201e-07
   0.0715307  1.78914e-07
   0.0723394  1.86094e-07
   0.0731573  1.93563e-07
   0.0739845  2.01332e-07
    0.074821  2.09412e-07
    0.075667  2.17817e-07
   0.0765225  2.26559e-07
   0.0773877  2.35652e-07
   0.0782627   2.4511e-07
   0.0791476  2.54948e-07
   0.0800424  2.65179e-07
   0.0809474  2.75822e-07
   0.0818627  2.86893e-07
   0.0827883  2.98407e-07
   0.0837243  3.10383e-07
   0.0846709   3.2284e-07
   0.0856283  3.35798e-07
   0.0865964  3.49274e-07
   0.0875755  3.63292e-07
   0.0885657  3.77873e-07
   0.0895671  3.93039e-07
   0.0905798  4.08814e-07
   0.0916039  4.25221e-07
   0.0926396  4.42286e-07
   0.0936871  4.60038e-07
   0.0947464  4.78502e-07
   0.0958176  4.97706e-07
    0.096901  5.17682e-07
   0.0979966  5.38458e-07
   0.0991046  5.60069e-07
    0.100225  5.82544e-07
    0.101358   6.0592e-07
    0.102504  6.30238e-07
    0.103663  6.55533e-07
    0.104835  6.81841e-07
    0.106021  7.09222e-07
    0.107219  7.37669e-07
    0.108432  7.67293e-07
    0.109658  7.98088e-07
    0.110898  8.30122e-07
    0.112151  8.63415e-07
    0.113419  8.98066e-07
    0.114702  9.34127e-07
    0.115999  9.71621e-07
     0.11731   1.0106e-06
    0.118637  1.05118e-06
    0.119978  1.09336e-06
    0.121335  1.13725e-06
    0.122706  1.18286e-06
    0.124094  1.23036e-06
    0.125497  1.27974e-06
    0.126916   1.3311e-06
    0.128351  1.38452e-06
    0.129802  1.44008e-06
     0.13127  1.49789e-06
    0.132754    1.558e-06
    0.134255  1.62053e-06
    0.135773  1.68557e-06
    0.137308  1.75321e-06
     0.13886  1.82355e-06
     0.14043  1.89673e-06
    0.142018  1.97287e-06
    0.143624  2.05206e-06
    0.145248  2.13442e-06
     0.14689  2.22007e-06
    0.148551  2.30918e-06
     0.15023  2.40182e-06
    0.151929  2.49824e-06
    0.153647  2.59851e-06
    0.155384  2.70279e-06
    0.157141  2.81127e-06
    0.158918  2.92411e-06
    0.160714  3.04141e-06
    0.162531  3.16346e-06
    0.164369  3.29045e-06
    0.166228  3.42254e-06
    0.168107  3.55986e-06
    0.170008  3.70275e-06
     0.17193  3.85134e-06
    0.173874  4.00591e-06
     0.17584  4.16668e-06
    0.177828  4.33389e-06
    0.179839  4.50786e-06
    0.181872  4.68873e-06
    0.183928  4.87687e-06
    0.186008  5.07263e-06
    0.188111   5.2762e-06
    0.190238  5.48795e-06
    0.192389   5.7082e-06
    0.194564  5.93726e-06
    0.196764  6.17555e-06
    0.198989  6.42342e-06
    0.201238   6.6811e-06
    0.203514  6.94931e-06
    0.205815  7.22819e-06
    0.208142  7.51826e-06
    0.210495  7.81993e-06
    0.212875  8.13376e-06
    0.215282   8.4602e-06
    0.217716   8.7997e-06
    0.220178   9.1529e-06
    0.222667  9.52015e-06
    0.225185  9.90226e-06
    0.227731  1.02996e-05
    0.230306   1.0713e-05
     0.23291  1.11429e-05
    0.235543    1.159e-05
    0.238206  1.20551e-05
      0.2409   1.2539e-05
    0.243623  1.30421e-05
    0.246378  1.35655e-05
    0.249163  1.41098e-05
    0.251981  1.46762e-05
     0.25483  1.52651e-05
    0.257711  1.58776e-05
    0.260625  1.65148e-05
    0.263571  1.71774e-05
    0.266552  1.78669e-05
    0.269565  1.85837e-05
    0.272613  1.93295e-05
    0.275696  2.01053e-05
    0.278813  2.09121e-05
    0.281965  2.17512e-05
    0.285153   2.2624e-05
    0.288377  2.35318e-05
    0.291638  2.44762e-05
    0.294935  2.54583e-05
     0.29827    2.648e-05
    0.301642  2.75424e-05
    0.305053  2.86478e-05
    0.308502  2.97973e-05
     0.31199  3.09929e-05
    0.315517  3.22364e-05
    0.319085  3.35301e-05
    0.322693  3.48757e-05
    0.326341  3.62749e-05
    0.330031  3.77305e-05
    0.333762  3.92443e-05
    0.337536  4.08191e-05
    0.341353  4.24572e-05
    0.345212  4.41606e-05
    0.349115  4.59325e-05
    0.353062  4.77753e-05
    0.357054  4.96923e-05
    0.361091  5.16862e-05
    0.365174  5.37602e-05
    0.369303  5.59173e-05
    0.373479  5.81611e-05
    0.377701  6.04943e-05
    0.381972  6.29218e-05
    0.386291  6.54465e-05
    0.390658  6.80719e-05
    0.395075  7.08031e-05
    0.399542  7.36439e-05
    0.404059  7.65983e-05
    0.408628  7.96718e-05
    0.413248  8.28681e-05
    0.417921  8.61933e-05
    0.422646  8.96511e-05
    0.427424  9.32474e-05
    0.432257  9.69886e-05
    0.437144  0.000100879
    0.442087  0.000104927
    0.447086  0.000109137
    0.452141  0.000113515
    0.457253  0.000118069
    0.462423  0.000122805
    0.467651  0.000127732
    0.472939  0.000132856
    0.478286  0.000138185
    0.483694  0.000143729
    0.489162  0.000149494
    0.494693  0.000155491
    0.500286  0.000161728
    0.505943  0.000168216
    0.511663  0.000174963
    0.517449  0.000181982
    0.523299  0.000189281
    0.529216  0.000196873
    0.535199  0.000204769
    0.541251  0.000212983
     0.54737  0.000221525
    0.553559   0.00023041
    0.559818  0.000239652
    0.566148  0.000249264
    0.572549  0.000259261
    0.579022  0.000269658
    0.585569  0.000280473
     0.59219  0.000291722
    0.598885   0.00030342
    0.605657   0.00031559
    0.612505  0.000328246
     0.61943  0.000341409
    0.626434    0.0003551
    0.633516  0.000369338
    0.640679  0.000384149
    0.647923  0.000399553
    0.655249  0.000415575
    0.662657  0.000432237
     0.67015  0.000449569
    0.677727  0.000467595
     0.68539  0.000486343
    0.693139  0.000505842
    0.700976  0.000526122
    0.708902  0.000547216
    0.716917  0.000569154
    0.725023  0.000591971
     0.73322  0.000615701
     0.74151  0.000640382
    0.749894  0.000666053
    0.758373  0.000692753
    0.766947   0.00072052
    0.775619  0.000749402
    0.784389  0.000779441
    0.793257  0.000810678
    0.802226   0.00084317
    0.811297  0.000876965
     0.82047  0.000912111
    0.829746  0.000948661
    0.839128   0.00098668
    0.848615   0.00102622
     0.85821   0.00106734
    0.867914   0.00111011
    0.877727   0.00115459
    0.887651   0.00120085
    0.897687   0.00124896
    0.907837     0.001299
    0.918101   0.00135104
    0.928482   0.00140516
     0.93898   0.00146145
    0.949596   0.00151999
    0.960333   0.00158087
    0.971191   0.00164419
    0.982172   0.00171005
    0.993277   0.00177853
     1.00451   0.00184977
     1.01586    0.0019238
     1.02735   0.00200086
     1.03897   0.00208101
     1.05071   0.00216428
     1.06259   0.00225093
     1.07461   0.00234109
     1.08676   0.00243481
     1.09905   0.00253229
     1.11147    0.0026336
     1.12404   0.00273904
     1.13675   0.00284867
      1.1496   0.00296265
      1.1626   0.00308123
     1.17574   0.00320448
     1.18904   0.00333276
     1.20248   0.00346606
     1.21608   0.00360477
     1.22983   0.00374897
     1.24373   0.00389888
     1.25779    0.0040548
     1.27201   0.00421695
      1.2864   0.00438569
     1.30094     0.004561
     1.31565   0.00474338
     1.33053   0.00493309
     1.34557   0.00513025
     1.36078   0.00533528
     1.37617   0.00554859
     1.39173   0.00577035
     1.40746   0.00600087
     1.42338   0.00624075
     1.43947   0.00649004
     1.45575    0.0067494
     1.47221   0.00701902
     1.48885   0.00729928
     1.50569   0.00759091
     1.52271   0.00789396
     1.53993   0.00820922
     1.55734   0.00853694
     1.57495   0.00887776
     1.59275   0.00923196
     1.61076   0.00960043
     1.62897   0.00998348
     1.64739    0.0103819
     1.66602    0.0107961
     1.68485    0.0112266
      1.7039    0.0116743
     1.72317      0.01214
     1.74265    0.0126239
     1.76236    0.0131273
     1.78228    0.0136504
     1.80243    0.0141944
     1.82281      0.01476
     1.84342     0.015348
     1.86427    0.0159596
     1.88534    0.0165949
     1.90666    0.0172558
     1.92822    0.0179428
     1.95002    0.0186569
     1.97207    0.0193995
     1.99437    0.0201715
     2.01691    0.0209735
     2.03972    0.0218079
     2.06278     0.022675
      2.0861    0.0235764
     2.10969    0.0245136
     2.13354    0.0254876
     2.15767    0.0265005
     2.18206    0.0275528
     2.20673    0.0286469
     2.23168    0.0297841
     2.25692    0.0309666
     2.28244    0.0321955
     2.30824    0.0334724
     2.33434       0.0348
     2.36073    0.0361796
     2.38742    0.0376135
     2.41442    0.0391044
     2.44172    0.0406536
     2.46932    0.0422631
     2.49724    0.0439364
     2.52548    0.0456756
     2.55403    0.0474825
     2.58291    0.0493607
     2.61211    0.0513121
     2.64165    0.0533407
     2.67152    0.0554484
     2.70172    0.0576381
     2.73227     0.059914
     2.76316    0.0622785
      2.7944    0.0647354
       2.826    0.0672888
     2.85795    0.0699412
     2.89026    0.0726969
     2.92294    0.0755604
     2.95599    0.0785355
     2.98941     0.081626
     3.02321    0.0848368
      3.0574    0.0881732
     3.09196    0.0916374
     3.12692    0.0952369
     3.16228    0.0989765
     3.19803      0.10286
     3.23419     0.106894
     3.27076     0.111085
     3.30774     0.115437
     3.34514     0.119957
     3.38296     0.124651
     3.42121     0.129526
     3.45989     0.134588
     3.49901     0.139846
     3.53857     0.145305
     3.57858     0.150974
     3.61904      0.15686
     3.65996     0.162971
     3.70134     0.169316
     3.74319     0.175904
     3.78552     0.182744
     3.82832     0.189843
      3.8716     0.197212
     3.91538     0.204863
     3.95964     0.212802
     4.00441     0.221043
     4.04969     0.229598
     4.09548     0.238475
     4.14178     0.247686
     4.18861     0.257245
     4.23597     0.267164
     4.28387     0.277458
      4.3323     0.288135
     4.38129     0.299214
     4.43082     0.310705
     4.48092     0.322627
     4.53158     0.334993
     4.58282      0.34782
     4.63464     0.361123
     4.68704     0.374918
     4.74003     0.389223
     4.79363     0.404058
     4.84782     0.419436
     4.90264     0.435385
     4.95807     0.451915
     5.01413     0.469052
     5.07082     0.486813
     5.12815     0.505221
     5.18613     0.524298
     5.24477     0.544069
     5.30407     0.564554
     5.36404     0.585778
     5.42469     0.607766
     5.48603     0.630544
     5.54805     0.654132
     5.61078     0.678565
     5.67422     0.703867
     5.73838     0.730068
     5.80326     0.757192
     5.86887      0.78527
     5.93523     0.814338
     6.00234     0.844422
      6.0702     0.875552
     6.13883     0.907764
     6.20824     0.941092
     6.27844     0.975572
     6.34942      1.01123
     6.42121      1.04811
     6.49382      1.08625
     6.56724      1.12568
     6.64149      1.16644
     6.71658      1.20857
     6.79253      1.25211
     6.86932      1.29709
     6.94699      1.34357
     7.02554      1.39157
     7.10497      1.44115
     7.18531      1.49235
     7.26655       1.5452
     7.34871      1.59975
      7.4318      1.65605
     7.51582      1.71413
      7.6008      1.77405
     7.68674      1.83585
     7.77365      1.89958
     7.86154      1.96527
     7.95043      2.03298
     8.04032      2.10275
     8.13123      2.17463
     8.22317      2.24866
     8.31614      2.32488
     8.41017      2.40335
     8.50526      2.48411
     8.60142      2.56719
     8.69868      2.65265
     8.79703      2.74052
     8.89649      2.83084
     8.99708      2.92366
     9.09881      3.01902
     9.20168      3.11693
     9.30572      3.21746
     9.41094      3.32062
     9.51734      3.42645
     9.62495      3.53498
     9.73377      3.64622
     9.84383      3.76021
     9.95513      3.87696
     10.0677       3.9965
     10.1815      4.11879
     10.2966      4.24388
     10.4131      4.37188
     10.5308      4.50255
     10.6499      4.63609
     10.7703      4.77236
      10.892      4.91131
     11.0152      5.05314
     11.1397      5.19756
     11.2657      5.34475
     11.3931      5.49453
     11.5219      5.64682
     11.6522      5.80165
     11.7839      5.95883
     11.9171      6.11835
     12.0519      6.28023
     12.1881       6.4441
     12.3259      6.61008
     12.4653        6.778
     12.6063      6.94771
     12.7488      7.11892
     12.8929      7.29155
     13.0387      7.46553
     13.1861      7.64052
     13.3352       7.8164
      13.486      7.99294
     13.6385      8.16986
     13.7927      8.34688
     13.9486      8.52371
     14.1063      8.70015
     14.2658      8.87585
     14.4271      9.05048
     14.5902      9.22365
     14.7552       9.3951
      14.922      9.56429
     15.0908      9.73101
     15.2614      9.89461
     15.4339      10.0547
     15.6084       10.211
     15.7849      10.3628
     15.9634      10.5098
     16.1439      10.6513
     16.3264      10.7867
      16.511      10.9157
     16.6977      11.0376
     16.8865      11.1518
     17.0774      11.2576
     17.2705      11.3545
     17.4658      11.4418
     17.6632      11.5189
     17.8629      11.5851
     18.0649      11.6398
     18.2692      11.6823
     18.4757      11.7119
     18.6846      11.7279
     18.8959      11.7297
     19.1095      11.7166
     19.3256       11.688
     19.5441      11.6432
     19.7651      11.5815
     19.9885      11.5025
     20.2145      11.4054
     20.4431      11.2898
     20.6742      11.1551
      20.908      11.0008
     21.1444      10.8266
     21.3835      10.6319
     21.6252      10.4167
     21.8697      10.1804
      22.117      9.92299
     22.3671      9.64424
       22.62      9.34419
     22.8757      9.02293
     23.1344      8.68038
     23.3959      8.31709
     23.6605      7.93302
      23.928      7.52896
     24.1985      7.10537
     24.4721      6.66285
     24.7488      6.20226
     25.0287      5.72442
     25.3116      5.23083
     25.5978      4.72223
     25.8873      4.20004
     26.1799      3.66619
      26.476      3.12164
     26.7753       2.5688
      27.078      2.00927
     27.3842      1.44501
     27.6938     0.878441
     28.0069     0.311763
     28.3236    -0.252707
     28.6438    -0.812185
     28.9677     -1.36432
     29.2952     -1.90615
     29.6265     -2.43516
     29.9614     -2.94811
     30.3002     -3.44254
     30.6428     -3.91533
     30.9892     -4.36355
     31.3396     -4.78456
      31.694     -5.17549
     32.0523     -5.53348
     32.4147      -5.8561
     32.7812     -6.14084
     33.1519     -6.38546
     33.5267     -6.58779
     33.9058     -6.74609
     34.2891     -6.85873
     34.6768      -6.9245
     35.0689     -6.94245
     35.4654       -6.912
     35.8664       -6.833
     36.2719     -6.70568
      36.682     -6.53073
     37.0968     -6.30924
     37.5162     -6.04292
     37.9404     -5.73378
     38.3693     -5.38452
     38.8032     -4.99801
     39.2419     -4.57803
     39.6856     -4.12846
     40.1343     -3.65381
     40.5881     -3.15892
      41.047      -2.6491
     41.5111     -2.12986
     41.9804     -1.60711
     42.4551     -1.08675
     42.9351    -0.575135
     43.4205   -0.0784424
     43.9115     0.397258
      44.408      0.84573
     44.9101      1.26116
     45.4178        1.638
     45.9314       1.9713
     46.4507      2.25634
     46.9759      2.48927
      47.507      2.66689
     48.0442      2.78689
     48.5874      2.84778
     49.1367      2.84914
     49.6923      2.79156
     50.2541      2.67675
     50.8223      2.50749
      51.397      2.28769
     51.9781      2.02244
     52.5658      1.71777
     53.1601      1.38079
     53.7612      1.01936
      54.369     0.642295
     54.9838     0.258755
     55.6054    -0.121368
     56.2341    -0.488275
     56.8699    -0.831995
     57.5129     -1.14287
     58.1632     -1.41177
     58.8208     -1.63027
     59.4859     -1.79109
     60.1585     -1.88817
     60.8387     -1.91704
     61.5265     -1.87498
     62.2222     -1.76126
     62.9257      -1.5772
     63.6372     -1.32633
     64.3567     -1.01425
     65.0843    -0.649518
     65.8202    -0.241596
     66.5644     0.197339
      67.317     0.653415
     68.0782       1.1117
     68.8479      1.55607
     69.6263      1.97008
     70.4136      2.33735
     71.2097      2.64199
     72.0148      2.86949
     72.8291      3.00718
     73.6525      3.04482
     74.4853      2.97526
     75.3274      2.79493
     76.1791      2.50419
     77.0404      2.10775
     77.9115      1.61472
     78.7924      1.03875
     79.6833     0.397646
     80.5842    -0.286747
     81.4953    -0.989452
     82.4168     -1.68296
     83.3486     -2.33808
      84.291     -2.92549
      85.244     -3.41655
     86.2079      -3.7851
     87.1826     -4.00844
     88.1683     -4.06907
     89.1652     -3.95575
     90.1733     -3.66466
     91.1929     -3.20012
      92.224     -2.57524
     93.2667     -1.81194
     94.3212     -0.94048
     95.3877    0.0013631
     96.4662     0.969386
     97.5569      1.91524
     98.6599      2.78845
     99.7754       3.5392
     100.904      4.12134
     102.044      4.49432
     103.198      4.62872
     104.365      4.50544
     105.545      4.12074
     106.738      3.48636
     107.945      2.62969
     109.166      1.59443
       110.4     0.439753
     111.648    -0.765368
     112.911     -1.94425
     114.187     -3.01449
     115.478     -3.89981
     116.784     -4.53049
     118.104     -4.85096
      119.44      -4.8262
      120.79       -4.445
     122.156     -3.72277
     123.537     -2.70369
     124.934     -1.45749
     126.346   -0.0783264
     127.775      1.32579
      129.22      2.63551
     130.681      3.73423
     132.158      4.51762
     133.652      4.90531
     135.163      4.84842
     136.692      4.33771
     138.237      3.40906
       139.8       2.1402
     141.381     0.648342
     142.979    -0.918825
     144.596     -2.40088
     146.231     -3.63551
     147.884     -4.48092
     149.556     -4.83261
     151.247     -4.63723
     152.957     -3.90356
     154.687     -2.70502
     156.436     -1.17699
     158.204     0.497874
     159.993      2.11176
     161.802      3.45258
     163.632      4.33681
     165.482       4.6343
     167.353      4.29204
     169.245      3.34559
     171.158      1.92024
     173.094      0.21595
     175.051     -1.51327
      177.03     -3.00185
     179.032     -4.01143
     181.056     -4.37058
     183.103     -4.01008
     185.173      -2.9793
     187.267     -1.44471
     189.384     0.330654
     191.525      2.03209
     193.691      3.34693
     195.881      4.02286
     198.096      3.92277
     200.335      3.05748
     202.601       1.5902
     204.891    -0.183702
     207.208     -1.89861
     209.551     -3.18679
      211.92     -3.76348
     214.316     -3.49443
     216.739     -2.43413
      219.19    -0.823312
     221.668     0.957616
     224.174      2.47717
     226.709      3.35666
     229.272      3.36942
     231.865      2.50855
     234.486       1.0002
     237.137    -0.749343
     239.819     -2.25666
      242.53     -3.09416
     245.272     -3.02058
     248.045     -2.05806
      250.85    -0.497819
     253.686      1.17717
     256.555      2.43998
     259.455      2.88534
     262.389      2.37169
     265.356      1.07727
     268.356    -0.547888
      271.39     -1.93195
     274.458     -2.58197
     277.562     -2.26825
       280.7     -1.11976
     283.874     0.414541
     287.083      1.73086
     290.329      2.30981
     293.612      1.92903
     296.931      0.76565
     300.289    -0.671692
     303.684     -1.75418
     307.118     -2.01304
      310.59     -1.35372
     314.102    -0.106193
     317.653      1.12455
     321.245      1.74908
     324.877      1.48325
      328.55     0.494634
     332.265    -0.682622
     336.022     -1.42719
     339.821     -1.36439
     343.663    -0.569853
     347.549     0.477032
     351.478       1.1707
     355.452      1.13484
     359.471     0.440071
     363.536    -0.449786
     367.646    -0.965682
     371.803    -0.843185
     376.006    -0.195369
     380.258       0.4979
     384.557     0.775126
     388.905     0.499159
     393.302   -0.0709881
     397.749    -0.497538
     402.246    -0.500113
     406.794    -0.148755
     411.394     0.232017
     416.045     0.348411
     420.749     0.175918
     425.507   -0.0711781
     430.318    -0.168045
     435.183   -0.0878417
     440.103    0.0161982
     445.079    0.0147157
     450.112   -0.0460177
     455.201   -0.0228005
     460.348     0.109447
     465.553     0.183952
     470.816    0.0397253
      476.14    -0.226653
     481.523    -0.301437
     486.968   -0.0198205
     492.473     0.357616
     498.042     0.371161
     503.673   -0.0758947
     509.368    -0.498844
     515.127    -0.348703
     520.951     0.265537
     526.841     0.600699
     532.798     0.179459
     538.822    -0.513057
     544.914    -0.561744
     551.075     0.153308
     557.306     0.689378
     563.607      0.27699
      569.98    -0.541763
     576.424     -0.59234
     582.942     0.226294
     589.533     0.709261
     596.198     0.116474
     602.939    -0.646251
     609.756    -0.384601
      616.65     0.476192
     623.623      0.53832
     630.674    -0.277495
     637.804    -0.587052
     645.016     0.105063
     652.309      0.56315
     659.684    0.0148752
     667.143    -0.501111
     674.686   -0.0783766
     682.314     0.425701
     690.029    0.0941367
     697.831    -0.349246
     705.721    -0.076011
       713.7     0.273741
     721.769    0.0399053
      729.93    -0.195603
     738.183  -0.00321422
     746.529     0.111668
      754.97   -0.0148072
     763.506   -0.0261818
     772.139  -0.00374791
     780.869   -0.0430313
     789.698    0.0664871
     798.627    0.0643046
     807.656    -0.156052
     816.788  -0.00587533
     826.023     0.219297
     835.363    -0.132157
     844.808    -0.180909
     854.359     0.281634
     864.019  0.000683471
     873.788    -0.311701
     883.668     0.246542
     893.659     0.123965
     903.763    -0.359559
     913.982     0.195164
     924.316     0.176122
     934.766    -0.353309
     945.335      0.18178
     956.024     0.142158
     966.833    -0.309755
     977.765     0.202353
      988.82    0.0451102
        1000     -0.21465
