        0.01  5.24776e-10
   0.0101131  5.45845e-10
   0.0102274  5.67746e-10
    0.010343  5.90517e-10
     0.01046  6.14232e-10
   0.0105783  6.38891e-10
   0.0106979  6.64531e-10
   0.0108188  6.91196e-10
   0.0109411  7.18929e-10
   0.0110648  7.47777e-10
   0.0111899  7.77797e-10
   0.0113165  8.09029e-10
   0.0114444  8.41482e-10
   0.0115738  8.75262e-10
   0.0117047  9.10406e-10
    0.011837   9.4693e-10
   0.0119709  9.84953e-10
   0.0121062  1.02447e-09
   0.0122431   1.0656e-09
   0.0123815  1.10836e-09
   0.0125215  1.15284e-09
   0.0126631  1.19912e-09
   0.0128062  1.24722e-09
    0.012951  1.29728e-09
   0.0130975  1.34937e-09
   0.0132456  1.40353e-09
   0.0133953  1.45984e-09
   0.0135468  1.51845e-09
   0.0136999  1.57936e-09
   0.0138548  1.64276e-09
   0.0140115   1.7087e-09
   0.0141699  1.77728e-09
   0.0143301   1.8486e-09
   0.0144921  1.92279e-09
    0.014656  1.99998e-09
   0.0148217  2.08024e-09
   0.0149893  2.16374e-09
   0.0151588   2.2506e-09
   0.0153302  2.34093e-09
   0.0155035  2.43486e-09
   0.0156788   2.5326e-09
   0.0158561  2.63426e-09
   0.0160353  2.73994e-09
   0.0162166  2.84991e-09
      0.0164  2.96431e-09
   0.0165854  3.08327e-09
   0.0167729    3.207e-09
   0.0169626  3.33575e-09
   0.0171544  3.46965e-09
   0.0173483  3.60886e-09
   0.0175445  3.75374e-09
   0.0177429  3.90442e-09
   0.0179435  4.06112e-09
   0.0181463  4.22405e-09
   0.0183515   4.3936e-09
    0.018559  4.56994e-09
   0.0187688  4.75333e-09
   0.0189811  4.94418e-09
   0.0191957  5.14261e-09
   0.0194127  5.34897e-09
   0.0196322  5.56366e-09
   0.0198542  5.78699e-09
   0.0200786  6.01917e-09
   0.0203057  6.26083e-09
   0.0205353  6.51212e-09
   0.0207674  6.77339e-09
   0.0210022  7.04523e-09
   0.0212397  7.32804e-09
   0.0214799  7.62221e-09
   0.0217227  7.92805e-09
   0.0219683  8.24623e-09
   0.0222167  8.57722e-09
   0.0224679  8.92147e-09
   0.0227219  9.27949e-09
   0.0229788  9.65191e-09
   0.0232387  1.00394e-08
   0.0235014  1.04423e-08
   0.0237671  1.08613e-08
   0.0240358  1.12972e-08
   0.0243076  1.17507e-08
   0.0245824  1.22223e-08
   0.0248604  1.27129e-08
   0.0251415  1.32232e-08
   0.0254257  1.37538e-08
   0.0257132  1.43058e-08
   0.0260039  1.48799e-08
   0.0262979  1.54771e-08
   0.0265953  1.60984e-08
    0.026896  1.67445e-08
   0.0272001  1.74165e-08
   0.0275076  1.81154e-08
   0.0278186  1.88425e-08
   0.0281332  1.95989e-08
   0.0284513  2.03855e-08
   0.0287729  2.12034e-08
   0.0290983  2.20546e-08
   0.0294273  2.29398e-08
     0.02976  2.38604e-08
   0.0300965  2.48181e-08
   0.0304368  2.58142e-08
   0.0307809  2.68502e-08
   0.0311289  2.79277e-08
   0.0314809  2.90487e-08
   0.0318368  3.02144e-08
   0.0321968  3.14272e-08
   0.0325608  3.26884e-08
    0.032929  3.40005e-08
   0.0333013   3.5365e-08
   0.0336778  3.67843e-08
   0.0340586  3.82607e-08
   0.0344437  3.97964e-08
   0.0348331  4.13934e-08
   0.0352269  4.30545e-08
   0.0356252  4.47825e-08
    0.036028  4.65799e-08
   0.0364354  4.84495e-08
   0.0368473  5.03937e-08
    0.037264  5.24167e-08
   0.0376853  5.45203e-08
   0.0381114  5.67084e-08
   0.0385423  5.89844e-08
   0.0389781  6.13518e-08
   0.0394188   6.3814e-08
   0.0398645  6.63752e-08
   0.0403152   6.9039e-08
    0.040771  7.18096e-08
    0.041232  7.46918e-08
   0.0416982  7.76895e-08
   0.0421697  8.08078e-08
   0.0426464  8.40503e-08
   0.0431286  8.74237e-08
   0.0436163  9.09328e-08
   0.0441094  9.45819e-08
   0.0446081  9.83777e-08
   0.0451125  1.02326e-07
   0.0456226  1.06433e-07
   0.0461384  1.10705e-07
   0.0466601  1.15148e-07
   0.0471876  1.19769e-07
   0.0477212  1.24576e-07
   0.0482607  1.29575e-07
   0.0488064  1.34776e-07
   0.0493582  1.40185e-07
   0.0499163  1.45811e-07
   0.0504807  1.51663e-07
   0.0510514  1.57749e-07
   0.0516286   1.6408e-07
   0.0522124  1.70666e-07
   0.0528027  1.77515e-07
   0.0533997  1.84639e-07
   0.0540035   1.9205e-07
   0.0546141  1.99757e-07
   0.0552316  2.07774e-07
   0.0558561  2.16113e-07
   0.0564876  2.24786e-07
   0.0571263  2.33807e-07
   0.0577722  2.43191e-07
   0.0584254  2.52951e-07
    0.059086  2.63103e-07
    0.059754  2.73661e-07
   0.0604296  2.84643e-07
   0.0611129  2.96068e-07
   0.0618039   3.0795e-07
   0.0625027  3.20309e-07
   0.0632093  3.33162e-07
    0.063924  3.46533e-07
   0.0646468  3.60441e-07
   0.0653777  3.74906e-07
   0.0661169  3.89952e-07
   0.0668645  4.05603e-07
   0.0676205   4.2188e-07
    0.068385   4.3881e-07
   0.0691582   4.5642e-07
   0.0699402  4.74739e-07
   0.0707309  4.93789e-07
   0.0715307  5.13608e-07
   0.0723394  5.34218e-07
   0.0731573  5.55657e-07
   0.0739845  5.77957e-07
    0.074821  6.01151e-07
    0.075667  6.25277e-07
   0.0765225   6.5037e-07
   0.0773877   6.7647e-07
   0.0782627  7.03617e-07
   0.0791476  7.31855e-07
   0.0800424  7.61222e-07
   0.0809474  7.91771e-07
   0.0818627  8.23547e-07
   0.0827883  8.56597e-07
   0.0837243  8.90971e-07
   0.0846709  9.26725e-07
   0.0856283  9.63917e-07
   0.0865964   1.0026e-06
   0.0875755  1.04283e-06
   0.0885657  1.08468e-06
   0.0895671  1.12821e-06
   0.0905798  1.17348e-06
   0.0916039  1.22057e-06
   0.0926396  1.26955e-06
   0.0936871   1.3205e-06
   0.0947464   1.3735e-06
   0.0958176  1.42861e-06
    0.096901  1.48594e-06
   0.0979966  1.54557e-06
   0.0991046  1.60759e-06
    0.100225  1.67209e-06
    0.101358  1.73918e-06
    0.102504  1.80897e-06
    0.103663  1.88156e-06
    0.104835  1.95706e-06
    0.106021  2.03563e-06
    0.107219  2.11727e-06
    0.108432  2.20228e-06
    0.109658  2.29065e-06
    0.110898  2.38258e-06
    0.112151  2.47812e-06
    0.113419  2.57755e-06
    0.114702  2.68103e-06
    0.115999  2.78862e-06
     0.11731  2.90047e-06
    0.118637  3.01691e-06
    0.119978  3.13793e-06
    0.121335  3.26388e-06
    0.122706  3.39476e-06
    0.124094  3.53103e-06
    0.125497  3.67271e-06
    0.126916  3.82008e-06
    0.128351  3.97336e-06
    0.129802  4.13276e-06
     0.13127  4.29862e-06
    0.132754  4.47107e-06
    0.134255  4.65047e-06
    0.135773  4.83706e-06
    0.137308  5.03112e-06
     0.13886  5.23291e-06
     0.14043  5.44286e-06
    0.142018  5.66127e-06
    0.143624  5.88845e-06
    0.145248  6.12471e-06
     0.14689   6.3704e-06
    0.148551  6.62601e-06
     0.15023  6.89175e-06
    0.151929  7.16831e-06
    0.153647  7.45593e-06
    0.155384  7.75501e-06
    0.157141  8.06615e-06
    0.158918   8.3898e-06
    0.160714  8.72623e-06
    0.162531  9.07627e-06
    0.164369  9.44045e-06
    0.166228  9.81928e-06
    0.168107  1.02131e-05
    0.170008  1.06229e-05
     0.17193  1.10489e-05
    0.173874  1.14922e-05
     0.17584  1.19532e-05
    0.177828  1.24326e-05
    0.179839  1.29315e-05
    0.181872  1.34501e-05
    0.183928  1.39895e-05
    0.186008  1.45507e-05
    0.188111  1.51343e-05
    0.190238  1.57414e-05
    0.192389  1.63728e-05
    0.194564  1.70294e-05
    0.196764  1.77125e-05
    0.198989   1.8423e-05
    0.201238  1.91616e-05
    0.203514  1.99304e-05
    0.205815  2.07297e-05
    0.208142   2.1561e-05
    0.210495  2.24256e-05
    0.212875   2.3325e-05
    0.215282  2.42604e-05
    0.217716  2.52333e-05
    0.220178  2.62453e-05
    0.222667  2.72976e-05
    0.225185  2.83924e-05
    0.227731  2.95309e-05
    0.230306  3.07151e-05
     0.23291  3.19468e-05
    0.235543  3.32275e-05
    0.238206  3.45597e-05
      0.2409  3.59458e-05
    0.243623  3.73866e-05
    0.246378  3.88858e-05
    0.249163  4.04444e-05
    0.251981  4.20664e-05
     0.25483  4.37528e-05
    0.257711  4.55067e-05
    0.260625  4.73311e-05
    0.263571   4.9228e-05
    0.266552  5.12019e-05
    0.269565  5.32538e-05
    0.272613  5.53885e-05
    0.275696  5.76092e-05
    0.278813  5.99181e-05
    0.281965  6.23193e-05
    0.285153   6.4817e-05
    0.288377  6.74146e-05
    0.291638  7.01167e-05
    0.294935  7.29263e-05
     0.29827   7.5849e-05
    0.301642  7.88881e-05
    0.305053  8.20496e-05
    0.308502  8.53372e-05
     0.31199  8.87564e-05
    0.315517   9.2312e-05
    0.319085   9.6011e-05
    0.322693  9.98578e-05
    0.326341  0.000103858
    0.330031  0.000108018
    0.333762  0.000112345
    0.337536  0.000116845
    0.341353  0.000121526
    0.345212  0.000126393
    0.349115  0.000131455
    0.353062  0.000136719
    0.357054  0.000142195
    0.361091  0.000147889
    0.365174  0.000153811
    0.369303   0.00015997
    0.373479  0.000166376
    0.377701  0.000173035
    0.381972  0.000179964
    0.386291  0.000187168
    0.390658  0.000194659
    0.395075  0.000202451
    0.399542  0.000210554
    0.404059   0.00021898
    0.408628  0.000227745
    0.413248  0.000236858
    0.417921  0.000246337
    0.422646  0.000256193
    0.427424  0.000266441
    0.432257  0.000277101
    0.437144  0.000288185
    0.442087  0.000299713
    0.447086  0.000311702
    0.452141  0.000324168
    0.457253  0.000337131
    0.462423  0.000350612
    0.467651   0.00036463
    0.472939  0.000379209
    0.478286  0.000394368
    0.483694  0.000410132
    0.489162  0.000426522
    0.494693  0.000443569
    0.500286  0.000461294
    0.505943  0.000479728
    0.511663  0.000498893
    0.517449  0.000518827
    0.523299   0.00053955
    0.529216  0.000561101
    0.535199  0.000583507
    0.541251   0.00060681
     0.54737  0.000631036
    0.553559  0.000656229
    0.559818  0.000682425
    0.566148  0.000709664
    0.572549  0.000737984
    0.579022  0.000767429
    0.585569  0.000798048
     0.59219  0.000829885
    0.598885  0.000862983
    0.605657  0.000897403
    0.612505  0.000933187
     0.61943   0.00097039
    0.626434   0.00100907
    0.633516   0.00104929
    0.640679    0.0010911
    0.647923   0.00113458
    0.655249   0.00117978
    0.662657   0.00122676
     0.67015   0.00127562
    0.677727   0.00132641
     0.68539   0.00137922
    0.693139   0.00143411
    0.700976   0.00149118
    0.708902   0.00155051
    0.716917   0.00161218
    0.725023    0.0016763
     0.73322   0.00174295
     0.74151   0.00181223
    0.749894   0.00188426
    0.758373   0.00195913
    0.766947   0.00203695
    0.775619   0.00211786
    0.784389   0.00220196
    0.793257   0.00228936
    0.802226   0.00238022
    0.811297   0.00247467
     0.82047   0.00257283
    0.829746   0.00267485
    0.839128    0.0027809
    0.848615   0.00289111
     0.85821   0.00300567
    0.867914   0.00312473
    0.877727   0.00324847
    0.887651   0.00337706
    0.897687    0.0035107
    0.907837   0.00364959
    0.918101   0.00379392
    0.928482   0.00394392
     0.93898   0.00409978
    0.949596   0.00426174
    0.960333   0.00443006
    0.971191   0.00460494
    0.982172   0.00478667
    0.993277   0.00497549
     1.00451   0.00517173
     1.01586   0.00537543
     1.02735    0.0055873
     1.03897   0.00580742
     1.05071   0.00603588
     1.06259   0.00627338
     1.07461   0.00652023
     1.08676   0.00677654
     1.09905   0.00704286
     1.11147    0.0073193
     1.12404   0.00760668
     1.13675   0.00790513
      1.1496   0.00821503
      1.1626   0.00853704
     1.17574   0.00887129
     1.18904   0.00921874
     1.20248   0.00957931
     1.21608   0.00995399
     1.22983     0.010343
     1.24373    0.0107467
     1.25779    0.0111661
     1.27201    0.0116016
      1.2864     0.012054
     1.30094    0.0125233
     1.31565    0.0130108
     1.33053     0.013517
     1.34557    0.0140422
     1.36078    0.0145875
     1.37617    0.0151537
     1.39173    0.0157413
     1.40746     0.016351
     1.42338    0.0169843
     1.43947    0.0176411
     1.45575    0.0183231
     1.47221    0.0190306
     1.48885    0.0197645
     1.50569    0.0205265
     1.52271    0.0213167
     1.53993    0.0221368
     1.55734    0.0229875
     1.57495      0.02387
     1.59275     0.024785
     1.61076    0.0257346
     1.62897    0.0267192
     1.64739    0.0277406
     1.66602    0.0287999
     1.68485    0.0298977
      1.7039    0.0310363
     1.72317    0.0322172
     1.74265     0.033441
     1.76236    0.0347101
     1.78228    0.0360249
     1.80243    0.0373879
     1.82281    0.0388006
     1.84342    0.0402645
     1.86427    0.0417819
     1.88534     0.043353
     1.90666    0.0449814
     1.92822    0.0466683
     1.95002    0.0484152
     1.97207    0.0502248
     1.99437    0.0520989
     2.01691    0.0540383
     2.03972    0.0560477
     2.06278    0.0581272
      2.0861    0.0602797
     2.10969    0.0625081
     2.13354    0.0648136
     2.15767    0.0672002
     2.18206    0.0696682
     2.20673    0.0722217
     2.23168    0.0748629
     2.25692    0.0775954
     2.28244    0.0804204
     2.30824    0.0833401
     2.33434    0.0863594
     2.36073    0.0894794
     2.38742    0.0927039
     2.41442    0.0960367
     2.44172    0.0994791
     2.46932     0.103034
     2.49724     0.106706
     2.52548     0.110498
     2.55403     0.114411
     2.58291     0.118451
     2.61211     0.122619
     2.64165     0.126921
     2.67152     0.131359
     2.70172     0.135933
     2.73227     0.140651
     2.76316     0.145514
      2.7944     0.150526
       2.826     0.155691
     2.85795      0.16101
     2.89026     0.166488
     2.92294     0.172128
     2.95599     0.177933
     2.98941     0.183906
     3.02321     0.190051
      3.0574     0.196372
     3.09196     0.202866
     3.12692     0.209543
     3.16228     0.216403
     3.19803     0.223447
     3.23419     0.230681
     3.27076     0.238104
     3.30774      0.24572
     3.34514      0.25353
     3.38296     0.261536
     3.42121      0.26974
     3.45989     0.278142
     3.49901     0.286745
     3.53857     0.295548
     3.57858     0.304553
     3.61904     0.313757
     3.65996     0.323163
     3.70134     0.332768
     3.74319     0.342572
     3.78552     0.352575
     3.82832     0.362769
      3.8716     0.373155
     3.91538     0.383732
     3.95964     0.394489
     4.00441     0.405428
     4.04969     0.416543
     4.09548     0.427826
     4.14178     0.439269
     4.18861     0.450867
     4.23597      0.46261
     4.28387      0.47449
      4.3323     0.486493
     4.38129     0.498613
     4.43082     0.510831
     4.48092      0.52314
     4.53158      0.53552
     4.58282     0.547959
     4.63464     0.560438
     4.68704     0.572937
     4.74003     0.585437
     4.79363     0.597919
     4.84782     0.610356
     4.90264      0.62273
     4.95807      0.63501
     5.01413     0.647171
     5.07082     0.659182
     5.12815     0.671014
     5.18613     0.682636
     5.24477     0.694013
     5.30407     0.705109
     5.36404     0.715888
     5.42469      0.72631
     5.48603     0.736336
     5.54805      0.74592
     5.61078     0.755022
     5.67422     0.763594
     5.73838     0.771591
     5.80326     0.778962
     5.86887     0.785657
     5.93523     0.791627
     6.00234     0.796817
      6.0702     0.801174
     6.13883     0.804642
     6.20824     0.807168
     6.27844     0.808694
     6.34942     0.809163
     6.42121      0.80852
     6.49382     0.806706
     6.56724     0.803666
     6.64149     0.799345
     6.71658     0.793687
     6.79253     0.786639
     6.86932     0.778152
     6.94699     0.768174
     7.02554     0.756659
     7.10497     0.743567
     7.18531     0.728854
     7.26655      0.71249
     7.34871     0.694443
      7.4318      0.67469
     7.51582     0.653214
      7.6008     0.630002
     7.68674     0.605052
     7.77365     0.578371
     7.86154     0.549975
     7.95043     0.519887
     8.04032     0.488146
     8.13123       0.4548
     8.22317      0.41991
     8.31614     0.383556
     8.41017     0.345821
     8.50526     0.306815
     8.60142      0.26666
     8.69868     0.225488
     8.79703     0.183465
     8.89649     0.140762
     8.99708    0.0975703
     9.09881    0.0541048
     9.20168    0.0106046
     9.30572   -0.0326836
     9.41094   -0.0754841
     9.51734    -0.117497
     9.62495    -0.158414
     9.73377    -0.197895
     9.84383    -0.235592
     9.95513    -0.271129
     10.0677    -0.304122
     10.1815    -0.334152
     10.2966    -0.360818
     10.4131    -0.383704
     10.5308    -0.402332
     10.6499     -0.41629
     10.7703    -0.425117
      10.892    -0.428377
     11.0152     -0.42563
     11.1397    -0.416453
     11.2657     -0.40042
     11.3931     -0.37715
     11.5219    -0.346291
     11.6522    -0.307494
     11.7839    -0.260513
     11.9171    -0.205088
     12.0519    -0.140996
     12.1881   -0.0682323
     12.3259    0.0133345
     12.4653     0.103657
     12.6063     0.202594
     12.7488     0.309818
     12.8929     0.425038
     13.0387      0.54786
     13.1861     0.677596
     13.3352     0.813596
      13.486     0.954984
     13.6385      1.10074
     13.7927      1.24968
     13.9486       1.4005
     14.1063      1.55181
     14.2658      1.70198
     14.4271      1.84925
     14.5902       1.9917
     14.7552      2.12737
      14.922      2.25402
     15.0908      2.36953
     15.2614       2.4714
     15.4339      2.55732
     15.6084      2.62487
     15.7849       2.6716
     15.9634      2.69509
     16.1439        2.693
     16.3264      2.66311
      16.511      2.60333
     16.6977       2.5118
     16.8865      2.38693
     17.0774      2.22745
     17.2705      2.03239
     17.4658      1.80126
     17.6632      1.53423
     17.8629      1.23162
     18.0649     0.894576
     18.2692     0.524893
     18.4757     0.125279
     18.6846    -0.301419
     18.8959    -0.751244
     19.1095     -1.21925
     19.3256     -1.70039
     19.5441      -2.1882
     19.7651       -2.676
     19.9885     -3.15597
     20.2145     -3.62038
     20.4431     -4.06058
     20.6742     -4.46738
      20.908     -4.83188
     21.1444     -5.14465
     21.3835     -5.39665
     21.6252       -5.579
     21.8697     -5.68362
      22.117     -5.70299
     22.3671      -5.6307
       22.62     -5.46167
     22.8757     -5.19243
     23.1344     -4.82104
     23.3959     -4.34813
     23.6605     -3.77573
      23.928     -3.10927
     24.1985     -2.35613
     24.4721     -1.52621
     24.7488    -0.632345
     25.0287     0.310385
     25.3116      1.28343
     25.5978      2.26773
     25.8873      3.24132
     26.1799       4.1801
      26.476      5.06094
     26.7753      5.85813
      27.078      6.54781
     27.3842      7.10674
     27.6938      7.51316
     28.0069      7.74838
     28.3236      7.79707
     28.6438      7.64821
     28.9677      7.29578
     29.2952       6.7397
     29.6265       5.9857
     29.9614      5.04702
     30.3002      3.94238
     30.6428      2.69835
     30.9892      1.34763
     31.3396   -0.0721343
      31.694     -1.51766
     32.0523      -2.9416
     32.4147     -4.29564
     32.7812     -5.53015
     33.1519     -6.59728
     33.5267     -7.45209
     33.9058       -8.056
     34.2891     -8.37744
     34.6768     -8.39474
     35.0689     -8.09717
     35.4654      -7.4867
     35.8664     -6.57855
     36.2719     -5.40177
      36.682     -3.99847
     37.0968     -2.42292
     37.5162    -0.740709
     37.9404     0.975718
     38.3693      2.64779
     38.8032      4.19716
     39.2419      5.54635
     39.6856      6.62621
     40.1343      7.37807
     40.5881      7.75845
      41.047      7.74208
     41.5111      7.32457
     41.9804      6.52389
     42.4551      5.38003
     42.9351      3.95485
     43.4205      2.32836
     43.9115     0.594604
      44.408     -1.14215
     44.9101     -2.77549
     45.4178     -4.20285
     45.9314     -5.33363
     46.4507     -6.09403
     46.9759     -6.43507
      47.507     -6.33587
     48.0442      -5.8065
     48.5874     -4.88864
     49.1367     -3.65313
     49.6923     -2.19513
     50.2541    -0.628443
     50.8223     0.924745
      51.397      2.34261
     51.9781      3.51385
     52.5658      4.34864
     53.1601      4.78582
     53.7612      4.79942
      54.369      4.40131
     54.9838      3.64042
     55.6054      2.59911
     56.2341      1.38419
     56.8699     0.117514
     57.5129     -1.07696
     58.1632      -2.0858
     58.8208     -2.81788
     59.4859      -3.2143
     60.1585     -3.25397
     60.8387     -2.95556
     61.5265     -2.37436
     62.2222      -1.5944
     62.9257    -0.718047
     63.6372     0.147893
     64.3567     0.905121
     65.0843      1.47694
     65.8202      1.81561
     66.5644       1.9077
      67.317       1.7729
     68.0782      1.45797
     68.8479      1.02735
     69.6263     0.551143
     70.4136    0.0935736
     71.2097    -0.296235
     72.0148    -0.589984
     72.8291     -0.78045
     73.6525    -0.877215
     74.4853    -0.899134
     75.3274    -0.865325
     76.1791    -0.787685
     77.0404    -0.667143
     77.9115      -0.4951
     78.7924    -0.260167
     79.6833    0.0416842
     80.5842     0.396435
     81.4953     0.765168
     82.4168      1.08424
     83.3486       1.2749
      84.291      1.26205
      85.244     0.998009
     86.2079     0.485516
     87.1826    -0.207718
     88.1683    -0.950783
     89.1652     -1.57058
     90.1733     -1.89104
     91.1929     -1.78323
      92.224     -1.21262
     93.2667    -0.268429
     94.3212     0.839123
     95.3877      1.81959
     96.4662       2.3763
     97.5569      2.29781
     98.6599      1.53835
     99.7754     0.259035
     100.904     -1.19298
     102.044     -2.36855
     103.198     -2.86078
     104.365     -2.44173
     105.545     -1.17534
     106.738     0.569076
     107.945      2.21174
     109.166      3.14713
       110.4      2.97308
     111.648      1.67298
     112.911    -0.333838
     114.187     -2.30088
     115.478     -3.43334
     116.784     -3.20616
     118.104     -1.62609
      119.44      0.71538
      120.79      2.83273
     122.156      3.76313
     123.537      3.00733
     124.934     0.820951
     126.346     -1.82896
     127.775     -3.67453
      129.22     -3.74723
     130.681     -1.91645
     132.158     0.961513
     133.652      3.40942
     135.163      4.07495
     136.692      2.50047
     138.237    -0.524954
       139.8     -3.31875
     141.381     -4.21743
     142.979     -2.59538
     144.596     0.657082
     146.231      3.55909
     147.884      4.23124
     149.556      2.14412
     151.247     -1.41142
     152.957     -4.05798
     154.687     -3.91314
     156.436    -0.980038
     158.204      2.70127
     159.993      4.42327
     161.802      2.81295
     163.632    -0.989861
     165.482     -4.04489
     167.353     -3.86627
     169.245    -0.507098
     171.158      3.29891
     173.094      4.30098
     175.051      1.54621
      177.03     -2.59866
     179.032     -4.39045
     181.056     -2.10621
     183.103      2.17812
     185.173      4.35778
     187.267      2.23505
     189.384      -2.1356
     191.525     -4.30411
     193.691     -1.95477
     195.881      2.47603
     198.096      4.18635
     200.335       1.2318
     202.601     -3.10336
     204.891     -3.81584
     207.208   -0.0204603
     209.551      3.76562
      211.92      2.89503
     214.316     -1.58699
     216.739     -3.99334
      219.19     -1.17779
     221.668      3.15995
     224.174      3.16767
     226.709     -1.18542
     229.272     -3.80317
     231.865    -0.937561
     234.486      3.23956
     237.137      2.52822
     239.819     -1.99124
      242.53      -3.3441
     245.272     0.578355
     248.045      3.48124
      250.85     0.646516
     253.686     -3.18227
     256.555     -1.53618
     259.455      2.69763
     262.389      2.08709
     265.356     -2.21538
     268.356      -2.3625
      271.39      1.84455
     274.458      2.44053
     277.562     -1.63665
       280.7     -2.37599
     283.874      1.59754
     287.083      2.19424
     290.329     -1.70459
     293.612     -1.88538
     296.931      1.90837
     300.289      1.42244
     303.684     -2.12492
     307.118     -0.78142
      310.59      2.23022
     314.102   -0.0178124
     317.653     -2.07581
     321.245     0.868131
     324.877      1.53656
      328.55     -1.54631
     332.265    -0.606943
     336.022      1.75608
     339.821    -0.493157
     343.663     -1.28154
     347.549      1.30345
     351.478     0.229766
     355.452     -1.33275
     359.471     0.833612
     363.536      0.49301
     367.646     -1.13651
     371.803     0.583591
     376.006     0.444932
     380.258    -0.913347
     384.557     0.521043
     388.905      0.22566
     393.302    -0.652026
     397.749     0.509071
     402.246   -0.0459079
     406.794    -0.327699
     411.394     0.391571
     416.045    -0.204815
     420.749   -0.0232021
     425.507     0.134131
     430.318    -0.107757
     435.183    0.0285763
     440.103   0.00641906
     445.079    0.0409665
     450.112    -0.137659
     455.201     0.213973
     460.348    -0.210321
     465.553     0.107419
     470.816    0.0704726
      476.14    -0.271567
     481.523     0.441389
     486.968    -0.539614
     492.473     0.549489
     498.042    -0.476392
     503.673     0.340101
     509.368    -0.167187
     515.127   -0.0172139
     520.951     0.193075
     526.841    -0.347398
     532.798     0.473805
     538.822    -0.571241
     544.914     0.641255
     551.075    -0.686489
     557.306     0.709156
     563.607    -0.710234
      569.98     0.688095
     576.424    -0.639815
     582.942     0.559729
     589.533    -0.443018
     596.198      0.28607
     602.939   -0.0895936
     609.756    -0.136503
      616.65     0.370988
     623.623    -0.579892
     630.674     0.718075
     637.804    -0.740542
     645.016       0.6173
     652.309    -0.353611
     659.684   0.00516887
     667.143     0.324807
     674.686    -0.514607
     682.314     0.481152
     690.029    -0.237688
     697.831    -0.087359
     705.721     0.307422
       713.7    -0.297753
     721.769    0.0975184
      729.93     0.110011
     738.183    -0.157619
     746.529    0.0578059
      754.97    0.0270586
     763.506  -0.00649628
     772.139   -0.0133573
     780.869   -0.0693862
     789.698      0.11096
     798.627    0.0602492
     807.656    -0.215286
     816.788 -0.000493992
     826.023     0.289265
     835.363   -0.0436829
     844.808    -0.347681
     854.359    0.0237119
     864.019      0.39511
     873.788    0.0923953
     883.668    -0.381858
     893.659    -0.290754
     903.763     0.207502
     913.982     0.434103
     924.316      0.15155
     934.766    -0.272512
     945.335    -0.404991
     956.024    -0.187975
     966.833     0.135958
     977.765     0.319904
      988.82     0.292853
        1000     0.135391
