        0.01  1.58199e-10
   0.0101131  1.64548e-10
   0.0102274  1.71277e-10
    0.010343  1.78066e-10
     0.01046  1.85268e-10
   0.0105783  1.92859e-10
   0.0106979  2.00258e-10
   0.0108188  2.08431e-10
   0.0109411  2.16792e-10
   0.0110648  2.25394e-10
   0.0111899  2.34481e-10
   0.0113165  2.43957e-10
   0.0114444  2.53738e-10
   0.0115738  2.63923e-10
   0.0117047  2.74608e-10
    0.011837  2.85644e-10
   0.0119709   2.9718e-10
   0.0121062  3.09014e-10
   0.0122431  3.21406e-10
   0.0123815  3.34322e-10
   0.0125215  3.47672e-10
   0.0126631  3.61642e-10
   0.0128062  3.76197e-10
    0.012951  3.91241e-10
   0.0130975  4.07049e-10
   0.0132456  4.23324e-10
   0.0133953  4.40184e-10
   0.0135468  4.58023e-10
   0.0136999  4.76355e-10
   0.0138548  4.95518e-10
   0.0140115  5.15318e-10
   0.0141699  5.36083e-10
   0.0143301  5.57569e-10
   0.0144921  5.79904e-10
    0.014656  6.03203e-10
   0.0148217  6.27409e-10
   0.0149893  6.52543e-10
   0.0151588   6.7879e-10
   0.0153302  7.06082e-10
   0.0155035  7.34511e-10
   0.0156788   7.6384e-10
   0.0158561   7.9455e-10
   0.0160353  8.26331e-10
   0.0162166  8.59625e-10
      0.0164  8.94115e-10
   0.0165854  9.29945e-10
   0.0167729  9.67306e-10
   0.0169626  1.00623e-09
   0.0171544   1.0465e-09
   0.0173483  1.08848e-09
   0.0175445  1.13219e-09
   0.0177429  1.17771e-09
   0.0179435  1.22494e-09
   0.0181463  1.27408e-09
   0.0183515  1.32523e-09
    0.018559   1.3784e-09
   0.0187688  1.43382e-09
   0.0189811  1.49126e-09
   0.0191957  1.55119e-09
   0.0194127  1.61333e-09
   0.0196322  1.67809e-09
   0.0198542  1.74556e-09
   0.0200786  1.81549e-09
   0.0203057  1.88842e-09
   0.0205353  1.96429e-09
   0.0207674  2.04306e-09
   0.0210022  2.12504e-09
   0.0212397  2.21035e-09
   0.0214799  2.29908e-09
   0.0217227  2.39141e-09
   0.0219683  2.48727e-09
   0.0222167  2.58707e-09
   0.0224679   2.6909e-09
   0.0227219  2.79898e-09
   0.0229788  2.91129e-09
   0.0232387   3.0282e-09
   0.0235014  3.14978e-09
   0.0237671  3.27612e-09
   0.0240358  3.40761e-09
   0.0243076   3.5444e-09
   0.0245824  3.68668e-09
   0.0248604  3.83462e-09
   0.0251415  3.98855e-09
   0.0254257  4.14867e-09
   0.0257132  4.31509e-09
   0.0260039  4.48825e-09
   0.0262979  4.66844e-09
   0.0265953  4.85583e-09
    0.026896  5.05075e-09
   0.0272001  5.25347e-09
   0.0275076  5.46421e-09
   0.0278186  5.68352e-09
   0.0281332  5.91164e-09
   0.0284513  6.14898e-09
   0.0287729  6.39573e-09
   0.0290983  6.65248e-09
   0.0294273  6.91951e-09
     0.02976  7.19721e-09
   0.0300965  7.48604e-09
   0.0304368  7.78656e-09
   0.0307809  8.09899e-09
   0.0311289  8.42404e-09
   0.0314809  8.76214e-09
   0.0318368  9.11383e-09
   0.0321968  9.47962e-09
   0.0325608  9.86004e-09
    0.032929  1.02558e-08
   0.0333013  1.06675e-08
   0.0336778  1.10956e-08
   0.0340586  1.15409e-08
   0.0344437  1.20041e-08
   0.0348331  1.24859e-08
   0.0352269   1.2987e-08
   0.0356252  1.35082e-08
    0.036028  1.40503e-08
   0.0364354  1.46143e-08
   0.0368473  1.52009e-08
    0.037264   1.5811e-08
   0.0376853  1.64456e-08
   0.0381114  1.71056e-08
   0.0385423  1.77921e-08
   0.0389781  1.85063e-08
   0.0394188   1.9249e-08
   0.0398645  2.00216e-08
   0.0403152  2.08251e-08
    0.040771  2.16609e-08
    0.041232  2.25303e-08
   0.0416982  2.34346e-08
   0.0421697  2.43752e-08
   0.0426464  2.53533e-08
   0.0431286  2.63709e-08
   0.0436163  2.74295e-08
   0.0441094  2.85302e-08
   0.0446081  2.96752e-08
   0.0451125  3.08664e-08
   0.0456226  3.21053e-08
   0.0461384  3.33937e-08
   0.0466601  3.47341e-08
   0.0471876   3.6128e-08
   0.0477212  3.75781e-08
   0.0482607  3.90862e-08
   0.0488064  4.06551e-08
   0.0493582  4.22867e-08
   0.0499163  4.39839e-08
   0.0504807  4.57493e-08
   0.0510514  4.75853e-08
   0.0516286   4.9495e-08
   0.0522124  5.14818e-08
   0.0528027  5.35478e-08
   0.0533997  5.56969e-08
   0.0540035  5.79324e-08
   0.0546141  6.02576e-08
   0.0552316  6.26761e-08
   0.0558561  6.51916e-08
   0.0564876  6.78079e-08
   0.0571263  7.05295e-08
   0.0577722  7.33602e-08
   0.0584254  7.63046e-08
    0.059086  7.93671e-08
    0.059754  8.25521e-08
   0.0604296  8.58654e-08
   0.0611129  8.93118e-08
   0.0618039  9.28965e-08
   0.0625027   9.6625e-08
   0.0632093  1.00503e-07
    0.063924  1.04536e-07
   0.0646468  1.08732e-07
   0.0653777  1.13096e-07
   0.0661169  1.17635e-07
   0.0668645  1.22357e-07
   0.0676205  1.27267e-07
    0.068385  1.32375e-07
   0.0691582  1.37688e-07
   0.0699402  1.43214e-07
   0.0707309  1.48962e-07
   0.0715307  1.54941e-07
   0.0723394  1.61159e-07
   0.0731573  1.67627e-07
   0.0739845  1.74355e-07
    0.074821  1.81352e-07
    0.075667  1.88631e-07
   0.0765225  1.96202e-07
   0.0773877  2.04076e-07
   0.0782627  2.12267e-07
   0.0791476  2.20786e-07
   0.0800424  2.29647e-07
   0.0809474  2.38864e-07
   0.0818627  2.48451e-07
   0.0827883  2.58423e-07
   0.0837243  2.68794e-07
   0.0846709  2.79581e-07
   0.0856283  2.90803e-07
   0.0865964  3.02474e-07
   0.0875755  3.14613e-07
   0.0885657  3.27241e-07
   0.0895671  3.40375e-07
   0.0905798  3.54036e-07
   0.0916039  3.68244e-07
   0.0926396  3.83023e-07
   0.0936871  3.98397e-07
   0.0947464  4.14387e-07
   0.0958176  4.31017e-07
    0.096901  4.48316e-07
   0.0979966  4.66309e-07
   0.0991046  4.85024e-07
    0.100225  5.04488e-07
    0.101358  5.24732e-07
    0.102504  5.45791e-07
    0.103663  5.67697e-07
    0.104835   5.9048e-07
    0.106021  6.14192e-07
    0.107219  6.38827e-07
    0.108432  6.64482e-07
    0.109658  6.91151e-07
    0.110898  7.18893e-07
    0.112151  7.47725e-07
    0.113419  7.77733e-07
    0.114702  8.08962e-07
    0.115999  8.41433e-07
     0.11731  8.75189e-07
    0.118637   9.1033e-07
    0.119978  9.46856e-07
    0.121335   9.8487e-07
    0.122706  1.02437e-06
    0.124094   1.0655e-06
    0.125497  1.10826e-06
    0.126916  1.15274e-06
    0.128351  1.19901e-06
    0.129802  1.24712e-06
     0.13127  1.29719e-06
    0.132754  1.34924e-06
    0.134255  1.40339e-06
    0.135773  1.45972e-06
    0.137308   1.5183e-06
     0.13886  1.57921e-06
     0.14043  1.64259e-06
    0.142018  1.70852e-06
    0.143624  1.77711e-06
    0.145248  1.84843e-06
     0.14689  1.92261e-06
    0.148551  1.99978e-06
     0.15023     2.08e-06
    0.151929   2.1635e-06
    0.153647  2.25034e-06
    0.155384  2.34065e-06
    0.157141  2.43459e-06
    0.158918  2.53232e-06
    0.160714   2.6339e-06
    0.162531   2.7396e-06
    0.164369  2.84957e-06
    0.166228  2.96396e-06
    0.168107  3.08289e-06
    0.170008  3.20663e-06
     0.17193  3.33531e-06
    0.173874  3.46917e-06
     0.17584  3.60841e-06
    0.177828  3.75321e-06
    0.179839  3.90387e-06
    0.181872  4.06051e-06
    0.183928  4.22344e-06
    0.186008  4.39297e-06
    0.188111  4.56927e-06
    0.190238  4.75265e-06
    0.192389  4.94339e-06
    0.194564  5.14176e-06
    0.196764  5.34813e-06
    0.198989  5.56279e-06
    0.201238  5.78594e-06
    0.203514  6.01822e-06
    0.205815  6.25974e-06
    0.208142  6.51095e-06
    0.210495   6.7722e-06
    0.212875  7.04398e-06
    0.215282  7.32668e-06
    0.217716   7.6207e-06
    0.220178  7.92658e-06
    0.222667  8.24463e-06
    0.225185  8.57555e-06
    0.227731  8.91969e-06
    0.230306  9.27767e-06
     0.23291     9.65e-06
    0.235543  1.00372e-05
    0.238206    1.044e-05
      0.2409  1.08591e-05
    0.243623  1.12947e-05
    0.246378  1.17481e-05
    0.249163  1.22194e-05
    0.251981  1.27099e-05
     0.25483  1.32199e-05
    0.257711  1.37504e-05
    0.260625  1.43023e-05
    0.263571  1.48761e-05
    0.266552  1.54732e-05
    0.269565   1.6094e-05
    0.272613  1.67399e-05
    0.275696  1.74118e-05
    0.278813  1.81104e-05
    0.281965  1.88371e-05
    0.285153   1.9593e-05
    0.288377  2.03792e-05
    0.291638  2.11971e-05
    0.294935  2.20476e-05
     0.29827  2.29324e-05
    0.301642  2.38526e-05
    0.305053  2.48099e-05
    0.308502  2.58054e-05
     0.31199  2.68409e-05
    0.315517  2.79178e-05
    0.319085  2.90382e-05
    0.322693  3.02035e-05
    0.326341  3.14153e-05
    0.330031   3.2676e-05
    0.333762   3.3987e-05
    0.337536  3.53509e-05
    0.341353  3.67696e-05
    0.345212  3.82448e-05
    0.349115  3.97793e-05
    0.353062  4.13754e-05
    0.357054  4.30356e-05
    0.361091  4.47624e-05
    0.365174  4.65586e-05
    0.369303  4.84268e-05
    0.373479  5.03701e-05
    0.377701  5.23908e-05
    0.381972  5.44932e-05
    0.386291  5.66798e-05
    0.390658  5.89536e-05
    0.395075   6.1319e-05
    0.399542  6.37793e-05
    0.404059  6.63381e-05
    0.408628      6.9e-05
    0.413248  7.17683e-05
    0.417921  7.46481e-05
    0.422646  7.76429e-05
    0.427424  8.07576e-05
    0.432257  8.39978e-05
    0.437144  8.73676e-05
    0.442087  9.08731e-05
    0.447086  9.45192e-05
    0.452141  9.83113e-05
    0.457253  0.000102255
    0.462423  0.000106358
    0.467651  0.000110624
    0.472939  0.000115063
    0.478286  0.000119678
    0.483694   0.00012448
    0.489162  0.000129472
    0.494693  0.000134667
    0.500286  0.000140068
    0.505943  0.000145688
    0.511663  0.000151532
    0.517449  0.000157611
    0.523299  0.000163933
    0.529216  0.000170509
    0.535199  0.000177348
    0.541251  0.000184462
     0.54737  0.000191861
    0.553559  0.000199557
    0.559818  0.000207561
    0.566148  0.000215887
    0.572549  0.000224546
    0.579022  0.000233551
    0.585569  0.000242919
     0.59219  0.000252662
    0.598885  0.000262795
    0.605657  0.000273335
    0.612505  0.000284298
     0.61943  0.000295699
    0.626434  0.000307558
    0.633516  0.000319891
    0.640679   0.00033272
    0.647923  0.000346063
    0.655249  0.000359941
    0.662657  0.000374374
     0.67015  0.000389387
    0.677727  0.000405001
     0.68539  0.000421241
    0.693139  0.000438131
    0.700976  0.000455698
    0.708902  0.000473971
    0.716917  0.000492974
    0.725023  0.000512739
     0.73322  0.000533295
     0.74151  0.000554675
    0.749894  0.000576913
    0.758373  0.000600042
    0.766947  0.000624095
    0.775619  0.000649115
    0.784389  0.000675137
    0.793257  0.000702198
    0.802226  0.000730345
    0.811297  0.000759621
     0.82047  0.000790068
    0.829746  0.000821732
    0.839128  0.000854668
    0.848615   0.00088892
     0.85821  0.000924545
    0.867914  0.000961599
    0.877727   0.00100013
    0.887651   0.00104021
    0.897687   0.00108189
    0.907837   0.00112525
    0.918101   0.00117033
    0.928482   0.00121722
     0.93898   0.00126599
    0.949596   0.00131671
    0.960333   0.00136946
    0.971191   0.00142432
    0.982172   0.00148138
    0.993277   0.00154072
     1.00451   0.00160245
     1.01586   0.00166659
     1.02735   0.00173336
     1.03897   0.00180281
     1.05071   0.00187496
     1.06259   0.00195004
     1.07461   0.00202817
     1.08676   0.00210938
     1.09905   0.00219386
     1.11147   0.00228164
     1.12404   0.00237301
     1.13675   0.00246802
      1.1496   0.00256679
      1.1626   0.00266955
     1.17574   0.00277636
     1.18904   0.00288753
     1.20248   0.00300306
     1.21608   0.00312327
     1.22983   0.00324825
     1.24373   0.00337818
     1.25779   0.00351331
     1.27201   0.00365386
      1.2864   0.00380011
     1.30094   0.00395206
     1.31565   0.00411015
     1.33053   0.00427458
     1.34557   0.00444549
     1.36078   0.00462321
     1.37617   0.00480812
     1.39173   0.00500036
     1.40746   0.00520019
     1.42338   0.00540815
     1.43947   0.00562426
     1.45575   0.00584911
     1.47221   0.00608287
     1.48885   0.00632585
     1.50569    0.0065787
     1.52271   0.00684146
     1.53993    0.0071148
     1.55734   0.00739897
     1.57495    0.0076945
     1.59275   0.00800164
     1.61076   0.00832116
     1.62897   0.00865334
     1.64739   0.00899882
     1.66602   0.00935807
     1.68485   0.00973141
      1.7039    0.0101197
     1.72317    0.0105236
     1.74265    0.0109434
     1.76236      0.01138
     1.78228    0.0118338
     1.80243    0.0123056
     1.82281    0.0127963
     1.84342    0.0133064
     1.86427     0.013837
     1.88534    0.0143882
     1.90666    0.0149616
     1.92822    0.0155577
     1.95002    0.0161774
     1.97207    0.0168217
     1.99437    0.0174916
     2.01691    0.0181877
     2.03972    0.0189118
     2.06278    0.0196644
      2.0861    0.0204467
     2.10969    0.0212602
     2.13354    0.0221057
     2.15767    0.0229849
     2.18206    0.0238985
     2.20673    0.0248484
     2.23168    0.0258358
     2.25692    0.0268626
     2.28244    0.0279296
     2.30824    0.0290385
     2.33434    0.0301914
     2.36073    0.0313896
     2.38742    0.0326351
     2.41442    0.0339301
     2.44172    0.0352758
     2.46932    0.0366741
     2.49724    0.0381279
     2.52548     0.039639
     2.55403    0.0412091
     2.58291    0.0428413
     2.61211    0.0445372
     2.64165    0.0463004
     2.67152    0.0481324
     2.70172    0.0500359
     2.73227    0.0520145
     2.76316    0.0540703
      2.7944    0.0562067
       2.826    0.0584271
     2.85795    0.0607339
     2.89026    0.0631307
     2.92294    0.0656216
     2.95599    0.0682097
     2.98941    0.0708986
     3.02321    0.0736924
      3.0574    0.0765959
     3.09196    0.0796109
     3.12692     0.082744
     3.16228    0.0859995
     3.19803    0.0893805
     3.23419    0.0928933
     3.27076    0.0965426
     3.30774     0.100333
     3.34514      0.10427
     3.38296      0.10836
     3.42121     0.112608
     3.45989     0.117019
     3.49901     0.121601
     3.53857      0.12636
     3.57858     0.131303
     3.61904     0.136435
     3.65996     0.141765
     3.70134     0.147299
     3.74319     0.153046
     3.78552     0.159014
     3.82832      0.16521
      3.8716     0.171642
     3.91538     0.178321
     3.95964     0.185253
     4.00441     0.192451
     4.04969     0.199923
     4.09548     0.207679
     4.14178     0.215728
     4.18861     0.224084
     4.23597     0.232756
     4.28387     0.241757
      4.3323     0.251095
     4.38129     0.260788
     4.43082     0.270843
     4.48092     0.281278
     4.53158     0.292104
     4.58282     0.303336
     4.63464     0.314989
     4.68704     0.327076
     4.74003     0.339613
     4.79363     0.352619
     4.84782     0.366104
     4.90264     0.380093
     4.95807     0.394598
     5.01413     0.409639
     5.07082     0.425233
     5.12815       0.4414
     5.18613     0.458161
     5.24477     0.475537
     5.30407     0.493547
     5.36404     0.512213
     5.42469     0.531559
     5.48603     0.551607
     5.54805     0.572376
     5.61078     0.593898
     5.67422     0.616194
     5.73838     0.639292
     5.80326     0.663214
     5.86887     0.687988
     5.93523     0.713647
     6.00234     0.740216
      6.0702     0.767721
     6.13883     0.796196
     6.20824     0.825673
     6.27844     0.856184
     6.34942     0.887753
     6.42121     0.920422
     6.49382     0.954227
     6.56724     0.989192
     6.64149      1.02536
     6.71658      1.06276
     6.79253      1.10145
     6.86932      1.14143
     6.94699      1.18278
     7.02554      1.22551
     7.10497      1.26967
     7.18531       1.3153
     7.26655      1.36245
     7.34871      1.41114
      7.4318      1.46143
     7.51582      1.51336
      7.6008      1.56698
     7.68674      1.62232
     7.77365      1.67943
     7.86154      1.73836
     7.95043      1.79915
     8.04032      1.86185
     8.13123      1.92651
     8.22317      1.99317
     8.31614      2.06186
     8.41017      2.13266
     8.50526       2.2056
     8.60142      2.28072
     8.69868      2.35808
     8.79703      2.43771
     8.89649      2.51966
     8.99708      2.60399
     9.09881      2.69072
     9.20168      2.77991
     9.30572      2.87159
     9.41094      2.96582
     9.51734      3.06261
     9.62495      3.16202
     9.73377      3.26407
     9.84383      3.36882
     9.95513      3.47628
     10.0677      3.58649
     10.1815      3.69943
     10.2966      3.81517
     10.4131      3.93383
     10.5308       4.0552
     10.6499      4.17948
     10.7703      4.30656
      10.892      4.43644
     11.0152      4.56929
     11.1397       4.7049
     11.2657      4.84344
     11.3931      4.98477
     11.5219      5.12886
     11.6522      5.27575
     11.7839      5.42528
     11.9171       5.5775
     12.0519      5.73245
     12.1881      5.88982
     12.3259      6.04974
     12.4653      6.21212
     12.6063      6.37683
     12.7488      6.54364
     12.8929      6.71253
     13.0387      6.88347
     13.1861      7.05618
     13.3352       7.2306
      13.486      7.40654
     13.6385      7.58381
     13.7927      7.76219
     13.9486      7.94143
     14.1063      8.12142
     14.2658      8.30188
     14.4271      8.48254
     14.5902      8.66309
     14.7552      8.84333
      14.922      9.02281
     15.0908      9.20139
     15.2614       9.3785
     15.4339      9.55384
     15.6084      9.72711
     15.7849      9.89787
     15.9634      10.0657
     16.1439      10.2301
     16.3264      10.3905
      16.511      10.5467
     16.6977      10.6979
     16.8865      10.8438
     17.0774      10.9837
     17.2705      11.1171
     17.4658      11.2434
     17.6632       11.362
     17.8629      11.4724
     18.0649      11.5738
     18.2692      11.6657
     18.4757      11.7473
     18.6846       11.818
     18.8959      11.8772
     19.1095      11.9241
     19.3256      11.9582
     19.5441      11.9786
     19.7651      11.9848
     19.9885      11.9761
     20.2145      11.9517
     20.4431      11.9111
     20.6742      11.8535
      20.908      11.7785
     21.1444      11.6853
     21.3835      11.5735
     21.6252      11.4425
     21.8697      11.2918
      22.117      11.1209
     22.3671      10.9295
       22.62      10.7172
     22.8757      10.4838
     23.1344      10.2289
     23.3959      9.95259
     23.6605      9.65458
      23.928      9.33511
     24.1985      8.99424
     24.4721      8.63209
     24.7488      8.24903
     25.0287      7.84538
     25.3116      7.42204
     25.5978      6.97928
     25.8873      6.51794
     26.1799      6.03932
      26.476      5.54388
     26.7753      5.03337
      27.078      4.50886
     27.3842       3.9717
     27.6938      3.42376
     28.0069      2.86667
     28.3236      2.30222
     28.6438       1.7327
     28.9677      1.15998
     29.2952      0.58661
     29.6265     0.014712
     29.9614    -0.552775
     30.3002     -1.11367
     30.6428     -1.66502
     30.9892     -2.20399
     31.3396     -2.72798
      31.694     -3.23404
     32.0523     -3.71907
     32.4147     -4.18039
     32.7812     -4.61507
     33.1519     -5.02035
     33.5267     -5.39333
     33.9058     -5.73154
     34.2891     -6.03235
     34.6768     -6.29356
     35.0689     -6.51298
     35.4654     -6.68869
     35.8664     -6.81908
     36.2719     -6.90278
      36.682     -6.93879
     37.0968     -6.92642
     37.5162      -6.8654
     37.9404     -6.75585
     38.3693     -6.59836
     38.8032     -6.39384
     39.2419     -6.14388
     39.6856     -5.85037
     40.1343     -5.51577
     40.5881     -5.14298
      41.047     -4.73546
     41.5111     -4.29704
     41.9804     -3.83209
     42.4551     -3.34521
     42.9351     -2.84168
     43.4205     -2.32692
     43.9115     -1.80652
      44.408     -1.28662
     44.9101    -0.773299
     45.4178    -0.272808
     45.9314     0.208886
     46.4507     0.665437
     46.9759      1.09107
      47.507      1.48012
     48.0442      1.82746
     48.5874      2.12827
     49.1367      2.37846
     49.6923      2.57466
     50.2541      2.71418
     50.8223      2.79533
      51.397      2.81729
     51.9781      2.78029
     52.5658      2.68563
     53.1601      2.53574
     53.7612      2.33408
      54.369      2.08533
     54.9838      1.79507
     55.6054      1.47012
     56.2341      1.11795
     56.8699     0.747007
     57.5129     0.366319
     58.1632   -0.0145856
     58.8208    -0.385829
     59.4859     -0.73757
     60.1585     -1.06001
     60.8387     -1.34383
     61.5265     -1.58025
     62.2222     -1.76176
     62.9257     -1.88168
     63.6372     -1.93493
     64.3567     -1.91818
     65.0843     -1.82953
     65.8202     -1.66979
     66.5644     -1.44146
      67.317     -1.14942
     68.0782    -0.800682
     68.8479    -0.404572
     69.6263    0.0277042
     70.4136     0.483152
     71.2097     0.947088
     72.0148      1.40386
     72.8291      1.83711
     73.6525      2.23012
     74.4853      2.56674
     75.3274       2.8316
     76.1791      3.01107
     77.0404      3.09362
     77.9115      3.07054
     78.7924      2.93648
     79.6833      2.68991
     80.5842      2.33353
     81.4953      1.87442
     82.4168      1.32417
     83.3486     0.698967
      84.291    0.0189358
      85.244    -0.691948
     86.2079     -1.40694
     87.1826     -2.09693
     88.1683     -2.73203
     89.1652     -3.28254
     90.1733     -3.72028
     91.1929     -4.02019
      92.224     -4.16152
     93.2667     -4.12938
     94.3212     -3.91591
     95.3877     -3.52123
     96.4662      -2.9542
     97.5569     -2.23273
     98.6599      -1.3837
     99.7754    -0.442251
     100.904     0.549646
     102.044      1.54242
     103.198      2.48693
     104.365      3.32955
     105.545      4.02029
     106.738      4.51392
     107.945      4.77383
     109.166      4.77394
       110.4      4.50232
     111.648      3.96267
     112.911      3.17479
     114.187      2.17753
     115.478      1.02302
     116.784    -0.221535
     118.104     -1.47746
      119.44     -2.66301
      120.79      -3.6925
     122.156     -4.48922
     123.537     -4.98624
     124.934     -5.13576
     126.346     -4.91271
     127.775       -4.319
      129.22     -3.38627
     130.681     -2.17543
     132.158    -0.773767
     133.652     0.711255
     135.163      2.15788
     136.692       3.4413
     138.237      4.44169
       139.8      5.06123
     141.381      5.23005
     142.979      4.91755
     144.596       4.1375
     146.231      2.95124
     147.884      1.46438
     149.556    -0.181975
     151.247     -1.82169
     152.957      -3.2807
     154.687     -4.39642
     156.436     -5.03513
     158.204     -5.11223
     159.993     -4.60384
     161.802     -3.55461
     163.632     -2.07662
     165.482    -0.342064
     167.353      1.43793
     169.245      3.03576
     171.158      4.23776
     173.094      4.87477
     175.051      4.84633
      177.03       4.1432
     179.032      2.85153
     181.056       1.1489
     183.103    -0.718991
     185.173     -2.47031
     187.267     -3.83066
     189.384       -4.576
     191.525     -4.57528
     193.691     -3.81607
     195.881     -2.41568
     198.096    -0.607189
     200.335      1.29356
     202.601      2.94548
     204.891      4.03715
     207.208      4.35629
     209.551      3.83118
      211.92      2.55645
     214.316     0.781132
     216.739     -1.13345
      219.19      -2.7853
     221.668     -3.81537
     224.174     -3.99236
     226.709     -3.26981
     229.272     -1.80813
     231.865    0.0545877
     234.486      1.87174
     237.137      3.19854
     239.819       3.7004
      242.53      3.24618
     245.272      1.95305
     248.045     0.165794
      250.85     -1.62787
     253.686     -2.92641
     256.555     -3.36108
     259.455     -2.80724
     262.389     -1.43319
     265.356     0.339034
     268.356      1.95621
      271.39       2.9066
     274.458      2.88767
     277.562      1.91452
       280.7     0.327292
     283.874     -1.31859
     287.083     -2.44094
     290.329     -2.64375
     293.612     -1.86737
     296.931    -0.422315
     300.289      1.12403
     303.684      2.16221
     307.118      2.28921
      310.59      1.47684
     314.102    0.0903667
     317.653      -1.2615
     321.245     -1.99224
     324.877     -1.79895
      328.55    -0.804645
     332.265     0.497999
     336.022      1.48007
     339.821      1.68338
     343.663      1.04764
     347.549   -0.0625477
     351.478     -1.05063
     355.452     -1.40853
     359.471    -0.988043
     363.536   -0.0742566
     367.646     0.778346
     371.803      1.11446
     376.006     0.767436
     380.258    0.0166128
     384.557    -0.644792
     388.905    -0.823667
     393.302    -0.470085
     397.749     0.117582
     402.246      0.52356
     406.794     0.511115
     411.394      0.16801
     416.045    -0.201081
     420.749    -0.329426
     425.507     -0.19042
     430.318    0.0265289
     435.183      0.11959
     440.103    0.0608484
     445.079   -0.0117406
     450.112    0.0227607
     455.201     0.113962
     460.348    0.0963465
     465.553   -0.0916591
     470.816    -0.278989
      476.14      -0.2139
     481.523     0.126107
     486.968     0.423982
     492.473     0.314652
     498.042    -0.175238
     503.673    -0.555397
     509.368    -0.359573
     515.127     0.278844
     520.951     0.668499
     526.841     0.309252
     532.798     -0.45276
     538.822    -0.725656
     544.914    -0.124716
     551.075     0.665804
     557.306     0.650533
     563.607    -0.200986
      569.98    -0.814432
     576.424    -0.361487
     582.942     0.582313
     589.533     0.733544
     596.198    -0.132451
     602.939    -0.799673
     609.756    -0.309741
      616.65     0.613439
     623.623     0.597008
     630.674     -0.30917
     637.804    -0.693619
     645.016    0.0124533
     652.309     0.642115
     659.684      0.20306
     667.143    -0.513284
     674.686    -0.317487
     682.314     0.368726
     690.029     0.345104
     697.831    -0.245713
     705.721     -0.31249
       713.7     0.157239
     721.769     0.244606
      729.93   -0.0994462
     738.183    -0.159462
     746.529    0.0588918
      754.97    0.0695709
     763.506    -0.018477
     772.139    0.0135975
     780.869   -0.0375954
     789.698   -0.0744399
     798.627     0.117561
     807.656    0.0909513
     816.788     -0.21353
     826.023   -0.0395822
     835.363     0.293342
     844.808   -0.0885287
     854.359    -0.301751
     864.019      0.26231
     873.788     0.184961
     883.668    -0.394637
     893.659    0.0566298
     903.763     0.368558
     913.982    -0.316712
     924.316    -0.131694
     934.766     0.406115
     945.335    -0.201748
     956.024    -0.207616
     966.833     0.359871
     977.765    -0.135951
      988.82    -0.182889
        1000     0.281203
