        0.01  0.000130465
   0.0101131  0.000132685
   0.0102274   0.00013494
    0.010343  0.000137235
     0.01046   0.00013957
   0.0105783  0.000141944
   0.0106979  0.000144358
   0.0108188  0.000146812
   0.0109411  0.000149309
   0.0110648  0.000151848
   0.0111899  0.000154431
   0.0113165  0.000157059
   0.0114444  0.000159729
   0.0115738  0.000162446
   0.0117047  0.000165209
    0.011837  0.000168018
   0.0119709  0.000170877
   0.0121062  0.000173782
   0.0122431  0.000176738
   0.0123815  0.000179744
   0.0125215  0.000182801
   0.0126631   0.00018591
   0.0128062  0.000189071
    0.012951  0.000192286
   0.0130975  0.000195558
   0.0132456  0.000198885
   0.0133953  0.000202266
   0.0135468  0.000205707
   0.0136999  0.000209204
   0.0138548  0.000212762
   0.0140115  0.000216382
   0.0141699  0.000220061
   0.0143301  0.000223804
   0.0144921   0.00022761
    0.014656  0.000231482
   0.0148217  0.000235419
   0.0149893  0.000239423
   0.0151588  0.000243496
   0.0153302  0.000247637
   0.0155035  0.000251848
   0.0156788  0.000256132
   0.0158561  0.000260488
   0.0160353  0.000264917
   0.0162166  0.000269422
      0.0164  0.000274006
   0.0165854  0.000278665
   0.0167729  0.000283404
   0.0169626  0.000288226
   0.0171544  0.000293128
   0.0173483  0.000298112
   0.0175445  0.000303183
   0.0177429  0.000308341
   0.0179435  0.000313584
   0.0181463  0.000318916
   0.0183515   0.00032434
    0.018559  0.000329857
   0.0187688  0.000335466
   0.0189811  0.000341174
   0.0191957  0.000346976
   0.0194127  0.000352876
   0.0196322  0.000358878
   0.0198542  0.000364983
   0.0200786  0.000371188
   0.0203057  0.000377503
   0.0205353  0.000383924
   0.0207674  0.000390451
   0.0210022  0.000397092
   0.0212397  0.000403846
   0.0214799  0.000410716
   0.0217227    0.0004177
   0.0219683  0.000424804
   0.0222167  0.000432029
   0.0224679  0.000439377
   0.0227219  0.000446849
   0.0229788  0.000454449
   0.0232387   0.00046218
   0.0235014  0.000470039
   0.0237671  0.000478033
   0.0240358  0.000486163
   0.0243076  0.000494432
   0.0245824   0.00050284
   0.0248604  0.000511394
   0.0251415  0.000520092
   0.0254257  0.000528936
   0.0257132  0.000537933
   0.0260039  0.000547081
   0.0262979  0.000556385
   0.0265953   0.00056585
    0.026896  0.000575473
   0.0272001  0.000585261
   0.0275076  0.000595213
   0.0278186  0.000605336
   0.0281332  0.000615634
   0.0284513  0.000626105
   0.0287729   0.00063675
   0.0290983  0.000647582
   0.0294273  0.000658596
     0.02976  0.000669797
   0.0300965  0.000681189
   0.0304368  0.000692775
   0.0307809  0.000704556
   0.0311289  0.000716538
   0.0314809  0.000728726
   0.0318368  0.000741119
   0.0321968  0.000753725
   0.0325608  0.000766542
    0.032929  0.000779581
   0.0333013   0.00079284
   0.0336778  0.000806323
   0.0340586  0.000820038
   0.0344437  0.000833985
   0.0348331  0.000848168
   0.0352269  0.000862592
   0.0356252  0.000877262
    0.036028  0.000892183
   0.0364354  0.000907358
   0.0368473  0.000922788
    0.037264  0.000938486
   0.0376853  0.000954446
   0.0381114   0.00097068
   0.0385423  0.000987188
   0.0389781   0.00100398
   0.0394188   0.00102105
   0.0398645   0.00103842
   0.0403152   0.00105608
    0.040771   0.00107404
    0.041232   0.00109231
   0.0416982   0.00111089
   0.0421697   0.00112978
   0.0426464   0.00114899
   0.0431286   0.00116853
   0.0436163   0.00118841
   0.0441094   0.00120862
   0.0446081   0.00122918
   0.0451125   0.00125008
   0.0456226   0.00127135
   0.0461384   0.00129297
   0.0466601   0.00131496
   0.0471876   0.00133732
   0.0477212   0.00136007
   0.0482607    0.0013832
   0.0488064   0.00140672
   0.0493582   0.00143065
   0.0499163   0.00145498
   0.0504807   0.00147973
   0.0510514   0.00150489
   0.0516286   0.00153048
   0.0522124   0.00155652
   0.0528027   0.00158299
   0.0533997   0.00160991
   0.0540035   0.00163729
   0.0546141   0.00166514
   0.0552316   0.00169346
   0.0558561   0.00172226
   0.0564876   0.00175155
   0.0571263   0.00178134
   0.0577722   0.00181164
   0.0584254   0.00184245
    0.059086   0.00187379
    0.059754   0.00190565
   0.0604296   0.00193806
   0.0611129   0.00197103
   0.0618039   0.00200455
   0.0625027   0.00203864
   0.0632093   0.00207331
    0.063924   0.00210857
   0.0646468   0.00214444
   0.0653777   0.00218091
   0.0661169     0.002218
   0.0668645   0.00225573
   0.0676205   0.00229409
    0.068385    0.0023331
   0.0691582   0.00237279
   0.0699402   0.00241314
   0.0707309   0.00245418
   0.0715307   0.00249593
   0.0723394   0.00253837
   0.0731573   0.00258154
   0.0739845   0.00262545
    0.074821    0.0026701
    0.075667   0.00271552
   0.0765225    0.0027617
   0.0773877   0.00280867
   0.0782627   0.00285644
   0.0791476   0.00290502
   0.0800424   0.00295442
   0.0809474   0.00300467
   0.0818627   0.00305578
   0.0827883   0.00310775
   0.0837243    0.0031606
   0.0846709   0.00321435
   0.0856283   0.00326903
   0.0865964   0.00332462
   0.0875755   0.00338117
   0.0885657   0.00343867
   0.0895671   0.00349716
   0.0905798   0.00355664
   0.0916039   0.00361712
   0.0926396   0.00367864
   0.0936871   0.00374121
   0.0947464   0.00380484
   0.0958176   0.00386955
    0.096901   0.00393536
   0.0979966   0.00400229
   0.0991046   0.00407036
    0.100225   0.00413958
    0.101358   0.00420997
    0.102504   0.00428157
    0.103663   0.00435439
    0.104835   0.00442845
    0.106021   0.00450381
    0.107219   0.00458036
    0.108432    0.0046583
    0.109658   0.00473753
    0.110898   0.00481811
    0.112151       0.0049
    0.113419   0.00498334
    0.114702   0.00506813
    0.115999   0.00515434
     0.11731   0.00524196
    0.118637   0.00533116
    0.119978    0.0054218
    0.121335   0.00551404
    0.122706   0.00560776
    0.124094   0.00570318
    0.125497   0.00580017
    0.126916   0.00589882
    0.128351   0.00599915
    0.129802   0.00610117
     0.13127   0.00620496
    0.132754   0.00631047
    0.134255    0.0064178
    0.135773   0.00652695
    0.137308   0.00663795
     0.13886   0.00675081
     0.14043   0.00686563
    0.142018   0.00698241
    0.143624   0.00710118
    0.145248   0.00722196
     0.14689   0.00734477
    0.148551    0.0074697
     0.15023    0.0075967
    0.151929   0.00772593
    0.153647   0.00785734
    0.155384   0.00799096
    0.157141   0.00812688
    0.158918   0.00826511
    0.160714   0.00840562
    0.162531   0.00854857
    0.164369   0.00869398
    0.166228   0.00884189
    0.168107   0.00899223
    0.170008   0.00914519
     0.17193   0.00930071
    0.173874   0.00945889
     0.17584   0.00961977
    0.177828   0.00978337
    0.179839   0.00994979
    0.181872     0.010119
    0.183928     0.010291
    0.186008    0.0104661
    0.188111    0.0106441
    0.190238    0.0108251
    0.192389    0.0110092
    0.194564    0.0111965
    0.196764    0.0113869
    0.198989    0.0115806
    0.201238    0.0117775
    0.203514    0.0119778
    0.205815    0.0121815
    0.208142    0.0123887
    0.210495    0.0125994
    0.212875    0.0128136
    0.215282    0.0130316
    0.217716    0.0132532
    0.220178    0.0134786
    0.222667    0.0137078
    0.225185     0.013941
    0.227731    0.0141781
    0.230306    0.0144192
     0.23291    0.0146645
    0.235543    0.0149138
    0.238206    0.0151674
      0.2409    0.0154255
    0.243623    0.0156877
    0.246378    0.0159546
    0.249163    0.0162259
    0.251981    0.0165019
     0.25483    0.0167825
    0.257711    0.0170679
    0.260625    0.0173582
    0.263571    0.0176534
    0.266552    0.0179537
    0.269565     0.018259
    0.272613    0.0185695
    0.275696    0.0188854
    0.278813    0.0192065
    0.281965    0.0195331
    0.285153    0.0198653
    0.288377    0.0202032
    0.291638    0.0205468
    0.294935    0.0208962
     0.29827    0.0212516
    0.301642     0.021613
    0.305053    0.0219806
    0.308502    0.0223544
     0.31199    0.0227346
    0.315517    0.0231212
    0.319085    0.0235145
    0.322693    0.0239144
    0.326341     0.024321
    0.330031    0.0247347
    0.333762    0.0251553
    0.337536    0.0255831
    0.341353    0.0260183
    0.345212    0.0264607
    0.349115    0.0269107
    0.353062    0.0273683
    0.357054    0.0278337
    0.361091    0.0283071
    0.365174    0.0287885
    0.369303    0.0292781
    0.373479    0.0297761
    0.377701    0.0302824
    0.381972    0.0307974
    0.386291    0.0313212
    0.390658    0.0318538
    0.395075    0.0323955
    0.399542    0.0329464
    0.404059    0.0335067
    0.408628    0.0340766
    0.413248     0.034656
    0.417921    0.0352455
    0.422646    0.0358448
    0.427424    0.0364543
    0.432257    0.0370743
    0.437144    0.0377047
    0.442087     0.038346
    0.447086    0.0389982
    0.452141    0.0396613
    0.457253    0.0403358
    0.462423    0.0410217
    0.467651    0.0417193
    0.472939    0.0424288
    0.478286    0.0431503
    0.483694    0.0438841
    0.489162    0.0446303
    0.494693    0.0453892
    0.500286    0.0461611
    0.505943    0.0469461
    0.511663    0.0477444
    0.517449    0.0485564
    0.523299     0.049382
    0.529216    0.0502218
    0.535199    0.0510757
    0.541251    0.0519444
     0.54737    0.0528276
    0.553559    0.0537259
    0.559818    0.0546395
    0.566148    0.0555687
    0.572549    0.0565136
    0.579022    0.0574745
    0.585569    0.0584519
     0.59219    0.0594459
    0.598885    0.0604566
    0.605657    0.0614847
    0.612505    0.0625302
     0.61943    0.0635934
    0.626434    0.0646748
    0.633516    0.0657744
    0.640679    0.0668929
    0.647923    0.0680303
    0.655249    0.0691871
    0.662657    0.0703634
     0.67015      0.07156
    0.677727    0.0727767
     0.68539    0.0740142
    0.693139    0.0752726
    0.700976    0.0765525
    0.708902    0.0778541
    0.716917    0.0791778
    0.725023    0.0805241
     0.73322    0.0818931
     0.74151    0.0832855
    0.749894    0.0847015
    0.758373    0.0861417
    0.766947    0.0876062
    0.775619    0.0890958
    0.784389    0.0906106
    0.793257     0.092151
    0.802226    0.0937177
    0.811297    0.0953112
     0.82047    0.0969316
    0.829746    0.0985794
    0.839128     0.100255
    0.848615      0.10196
     0.85821     0.103693
    0.867914     0.105456
    0.877727     0.107249
    0.887651     0.109072
    0.897687     0.110926
    0.907837     0.112812
    0.918101      0.11473
    0.928482      0.11668
     0.93898     0.118664
    0.949596     0.120681
    0.960333     0.122732
    0.971191     0.124819
    0.982172      0.12694
    0.993277     0.129098
     1.00451     0.131293
     1.01586     0.133523
     1.02735     0.135794
     1.03897     0.138103
     1.05071     0.140449
     1.06259     0.142836
     1.07461     0.145265
     1.08676     0.147734
     1.09905     0.150245
     1.11147     0.152797
     1.12404     0.155395
     1.13675     0.158036
      1.1496     0.160721
      1.1626     0.163453
     1.17574      0.16623
     1.18904     0.169056
     1.20248     0.171928
     1.21608     0.174851
     1.22983     0.177822
     1.24373     0.180843
     1.25779     0.183915
     1.27201      0.18704
      1.2864      0.19022
     1.30094     0.193451
     1.31565     0.196739
     1.33053     0.200082
     1.34557     0.203481
     1.36078     0.206937
     1.37617     0.210454
     1.39173      0.21403
     1.40746     0.217664
     1.42338     0.221364
     1.43947     0.225123
     1.45575     0.228949
     1.47221     0.232838
     1.48885     0.236792
     1.50569     0.240816
     1.52271     0.244905
     1.53993     0.249066
     1.55734     0.253296
     1.57495     0.257598
     1.59275     0.261971
     1.61076     0.266421
     1.62897     0.270945
     1.64739     0.275546
     1.66602     0.280226
     1.68485     0.284983
      1.7039     0.289822
     1.72317     0.294745
     1.74265     0.299748
     1.76236     0.304839
     1.78228     0.310013
     1.80243     0.315276
     1.82281     0.320628
     1.84342     0.326071
     1.86427     0.331608
     1.88534     0.337234
     1.90666     0.342959
     1.92822     0.348781
     1.95002       0.3547
     1.97207      0.36072
     1.99437     0.366842
     2.01691     0.373064
     2.03972     0.379396
     2.06278     0.385833
      2.0861     0.392378
     2.10969     0.399036
     2.13354     0.405805
     2.15767     0.412691
     2.18206     0.419689
     2.20673     0.426807
     2.23168     0.434046
     2.25692     0.441409
     2.28244     0.448896
     2.30824     0.456506
     2.33434     0.464247
     2.36073     0.472117
     2.38742     0.480121
     2.41442     0.488262
     2.44172     0.496539
     2.46932     0.504953
     2.49724     0.513511
     2.52548     0.522215
     2.55403     0.531063
     2.58291     0.540063
     2.61211     0.549212
     2.64165     0.558518
     2.67152     0.567981
     2.70172     0.577599
     2.73227     0.587383
     2.76316      0.59733
      2.7944     0.607444
       2.826     0.617731
     2.85795     0.628189
     2.89026     0.638822
     2.92294     0.649636
     2.95599     0.660631
     2.98941     0.671811
     3.02321     0.683179
      3.0574      0.69474
     3.09196      0.70649
     3.12692     0.718441
     3.16228     0.730594
     3.19803     0.742947
     3.23419      0.75551
     3.27076     0.768284
     3.30774     0.781271
     3.34514     0.794476
     3.38296     0.807901
     3.42121     0.821553
     3.45989     0.835432
     3.49901     0.849544
     3.53857     0.863891
     3.57858      0.87848
     3.61904     0.893311
     3.65996     0.908392
     3.70134     0.923723
     3.74319     0.939312
     3.78552     0.955163
     3.82832     0.971275
      3.8716     0.987654
     3.91538      1.00431
     3.95964      1.02124
     4.00441      1.03845
     4.04969      1.05596
     4.09548      1.07375
     4.14178      1.09183
     4.18861      1.11022
     4.23597      1.12892
     4.28387      1.14792
      4.3323      1.16724
     4.38129      1.18689
     4.43082      1.20685
     4.48092      1.22715
     4.53158      1.24778
     4.58282      1.26875
     4.63464      1.29008
     4.68704      1.31175
     4.74003      1.33378
     4.79363      1.35618
     4.84782      1.37894
     4.90264      1.40208
     4.95807       1.4256
     5.01413      1.44951
     5.07082      1.47381
     5.12815      1.49851
     5.18613      1.52361
     5.24477      1.54913
     5.30407      1.57507
     5.36404      1.60143
     5.42469      1.62822
     5.48603      1.65545
     5.54805      1.68312
     5.61078      1.71125
     5.67422      1.73984
     5.73838      1.76889
     5.80326      1.79841
     5.86887      1.82841
     5.93523       1.8589
     6.00234      1.88989
      6.0702      1.92137
     6.13883      1.95337
     6.20824      1.98588
     6.27844      2.01892
     6.34942      2.05249
     6.42121       2.0866
     6.49382      2.12127
     6.56724      2.15648
     6.64149      2.19226
     6.71658      2.22861
     6.79253      2.26555
     6.86932      2.30308
     6.94699       2.3412
     7.02554      2.37994
     7.10497      2.41928
     7.18531      2.45926
     7.26655      2.49986
     7.34871      2.54111
      7.4318      2.58301
     7.51582      2.62557
      7.6008       2.6688
     7.68674      2.71271
     7.77365      2.75731
     7.86154       2.8026
     7.95043      2.84861
     8.04032      2.89533
     8.13123      2.94277
     8.22317      2.99096
     8.31614      3.03989
     8.41017      3.08958
     8.50526      3.14003
     8.60142      3.19125
     8.69868      3.24327
     8.79703      3.29608
     8.89649       3.3497
     8.99708      3.40413
     9.09881      3.45939
     9.20168      3.51549
     9.30572      3.57243
     9.41094      3.63023
     9.51734       3.6889
     9.62495      3.74845
     9.73377      3.80888
     9.84383      3.87022
     9.95513      3.93247
     10.0677      3.99564
     10.1815      4.05971
     10.2966      4.12474
     10.4131      4.19077
     10.5308      4.25769
     10.6499      4.32563
     10.7703      4.39452
      10.892      4.46437
     11.0152      4.53529
     11.1397      4.60717
     11.2657      4.68012
     11.3931      4.75409
     11.5219      4.82908
     11.6522      4.90514
     11.7839      4.98222
     11.9171      5.06038
     12.0519      5.13967
     12.1881      5.21997
     12.3259      5.30141
     12.4653      5.38397
     12.6063      5.46767
     12.7488      5.55243
     12.8929      5.63831
     13.0387      5.72537
     13.1861      5.81355
     13.3352       5.9029
      13.486      5.99342
     13.6385       6.0851
     13.7927      6.17794
     13.9486      6.27193
     14.1063      6.36713
     14.2658      6.46353
     14.4271      6.56111
     14.5902      6.65988
     14.7552      6.75989
      14.922      6.86106
     15.0908       6.9635
     15.2614       7.0671
     15.4339      7.17188
     15.6084      7.27791
     15.7849      7.38517
     15.9634      7.49365
     16.1439      7.60332
     16.3264      7.71419
      16.511      7.82628
     16.6977      7.93959
     16.8865       8.0541
     17.0774      8.16978
     17.2705      8.28669
     17.4658      8.40479
     17.6632      8.52401
     17.8629      8.64443
     18.0649      8.76605
     18.2692      8.88884
     18.4757       9.0127
     18.6846      9.13773
     18.8959       9.2639
     19.1095      9.39112
     19.3256      9.51948
     19.5441      9.64889
     19.7651      9.77937
     19.9885      9.91083
     20.2145      10.0433
     20.4431      10.1769
     20.6742      10.3113
      20.908      10.4468
     21.1444      10.5832
     21.3835      10.7204
     21.6252      10.8585
     21.8697      10.9974
      22.117      11.1372
     22.3671      11.2777
       22.62       11.419
     22.8757      11.5609
     23.1344      11.7035
     23.3959      11.8467
     23.6605      11.9905
      23.928      12.1348
     24.1985      12.2796
     24.4721      12.4249
     24.7488      12.5705
     25.0287      12.7165
     25.3116      12.8628
     25.5978      13.0093
     25.8873       13.156
     26.1799      13.3027
      26.476      13.4496
     26.7753      13.5964
      27.078      13.7431
     27.3842      13.8897
     27.6938      14.0361
     28.0069      14.1822
     28.3236       14.328
     28.6438      14.4733
     28.9677      14.6182
     29.2952      14.7624
     29.6265       14.906
     29.9614      15.0488
     30.3002      15.1908
     30.6428      15.3319
     30.9892       15.472
     31.3396       15.611
      31.694      15.7488
     32.0523      15.8854
     32.4147      16.0205
     32.7812      16.1543
     33.1519      16.2865
     33.5267      16.4169
     33.9058      16.5457
     34.2891      16.6726
     34.6768      16.7976
     35.0689      16.9205
     35.4654      17.0412
     35.8664      17.1597
     36.2719      17.2759
      36.682      17.3895
     37.0968      17.5007
     37.5162      17.6091
     37.9404      17.7148
     38.3693      17.8176
     38.8032      17.9174
     39.2419      18.0142
     39.6856      18.1078
     40.1343      18.1981
     40.5881      18.2851
      41.047      18.3686
     41.5111      18.4485
     41.9804      18.5248
     42.4551      18.5973
     42.9351       18.666
     43.4205      18.7308
     43.9115      18.7916
      44.408      18.8483
     44.9101      18.9008
     45.4178      18.9491
     45.9314      18.9932
     46.4507      19.0328
     46.9759       19.068
      47.507      19.0988
     48.0442       19.125
     48.5874      19.1466
     49.1367      19.1635
     49.6923      19.1758
     50.2541      19.1834
     50.8223      19.1863
      51.397      19.1844
     51.9781      19.1777
     52.5658      19.1663
     53.1601        19.15
     53.7612       19.129
      54.369      19.1032
     54.9838      19.0726
     55.6054      19.0373
     56.2341      18.9972
     56.8699      18.9525
     57.5129      18.9031
     58.1632      18.8492
     58.8208      18.7907
     59.4859      18.7278
     60.1585      18.6604
     60.8387      18.5887
     61.5265      18.5129
     62.2222      18.4328
     62.9257      18.3487
     63.6372      18.2607
     64.3567      18.1688
     65.0843      18.0734
     65.8202      17.9743
     66.5644      17.8717
      67.317      17.7659
     68.0782       17.657
     68.8479       17.545
     69.6263      17.4303
     70.4136      17.3129
     71.2097      17.1931
     72.0148      17.0709
     72.8291      16.9467
     73.6525      16.8206
     74.4853      16.6928
     75.3274      16.5635
     76.1791      16.4329
     77.0404      16.3012
     77.9115      16.1687
     78.7924      16.0356
     79.6833       15.902
     80.5842      15.7684
     81.4953      15.6348
     82.4168      15.5015
     83.3486      15.3688
      84.291      15.2368
      85.244      15.1058
     86.2079       14.976
     87.1826      14.8478
     88.1683      14.7213
     89.1652      14.5967
     90.1733      14.4743
     91.1929      14.3542
      92.224      14.2368
     93.2667      14.1222
     94.3212      14.0106
     95.3877      13.9021
     96.4662       13.797
     97.5569      13.6954
     98.6599      13.5975
     99.7754      13.5032
     100.904      13.4128
     102.044      13.3264
     103.198      13.2439
     104.365      13.1653
     105.545      13.0907
     106.738        13.02
     107.945       12.953
     109.166      12.8897
       110.4      12.8299
     111.648      12.7734
     112.911      12.7198
     114.187       12.669
     115.478      12.6203
     116.784      12.5735
     118.104      12.5281
      119.44      12.4836
      120.79      12.4393
     122.156      12.3946
     123.537      12.3488
     124.934      12.3012
     126.346      12.2508
     127.775      12.1967
      129.22      12.1381
     130.681      12.0744
     132.158      12.0035
     133.652      11.9253
     135.163      11.8384
     136.692      11.7417
     138.237      11.6341
       139.8      11.5145
     141.381      11.3816
     142.979      11.2345
     144.596      11.0718
     146.231      10.8926
     147.884      10.6958
     149.556      10.4803
     151.247      10.2452
     152.957      9.98965
     154.687      9.71264
     156.436      9.41366
     158.204      9.09214
     159.993      8.74721
     161.802      8.37871
     163.632       7.9862
     165.482       7.5698
     167.353      7.12936
     169.245      6.66512
     171.158      6.17749
     173.094      5.66651
     175.051      5.13295
      177.03      4.57857
     179.032      4.00416
     181.056      3.41044
     183.103      2.79917
     185.173      2.17212
     187.267      1.53098
     189.384     0.878269
     191.525     0.216096
     193.691    -0.453223
     195.881     -1.12655
     198.096     -1.80117
     200.335     -2.47357
     202.601     -3.14128
     204.891     -3.79986
     207.208     -4.44653
     209.551     -5.07713
      211.92     -5.68788
     214.316     -6.27514
     216.739     -6.83476
      219.19     -7.36302
     221.668     -7.85574
     224.174     -8.30923
     226.709     -8.71986
     229.272     -9.08382
     231.865     -9.39793
     234.486     -9.65875
     237.137     -9.86359
     239.819     -10.0099
      242.53     -10.0954
     245.272     -10.1184
     248.045     -10.0776
      250.85     -9.97222
     253.686     -9.80182
     256.555     -9.56752
     259.455     -9.26969
     262.389     -8.91001
     265.356     -8.49095
     268.356     -8.01559
      271.39     -7.48754
     274.458     -6.91127
     277.562     -6.29148
       280.7     -5.63435
     283.874     -4.94587
     287.083     -4.23306
     290.329     -3.50293
     293.612     -2.76327
     296.931     -2.02243
     300.289     -1.28806
     303.684    -0.569034
     307.118      0.12668
      310.59     0.790643
     314.102       1.4153
     317.653      1.99298
     321.245      2.51712
     324.877      2.98139
      328.55      3.38065
     332.265      3.71074
     336.022       3.9685
     339.821      4.15205
     343.663      4.26089
     347.549      4.29584
     351.478      4.25916
     355.452      4.15449
     359.471       3.9869
     363.536       3.7627
     367.646      3.44969
     371.803      3.17609
     376.006      2.83188
     380.258      2.46697
     384.557      2.09217
     388.905      1.71811
     393.302      1.35544
     397.749      1.01422
     402.246     0.703796
     406.794     0.432306
     411.394     0.207533
     416.045    0.0314836
     420.749   -0.0896519
     425.507    -0.155871
     430.318    -0.168328
     435.183     -0.13047
     440.103   -0.0479129
     445.079    0.0716877
     450.112     0.218869
     455.201      0.38262
     460.348     0.550947
     465.553     0.711225
     470.816     0.850824
      476.14     0.957766
     481.523      1.02117
     486.968      1.03205
     492.473      0.98379
     498.042     0.872594
     503.673     0.698019
     509.368     0.463064
     515.127      0.17438
     520.951    -0.157933
     526.841    -0.520599
     532.798    -0.897674
     538.822     -1.27118
     544.914     -1.62213
     551.075     -1.93145
     557.306     -2.18112
     563.607     -2.35525
      569.98     -2.44129
     576.424     -2.43079
     582.942     -2.32067
     589.533     -2.11312
     596.198      -1.8162
     602.939     -1.44354
     609.756     -1.01362
      616.65    -0.549115
     623.623   -0.0753603
     630.674     0.381162
     637.804     0.794802
     645.016      1.14261
     652.309      1.40582
     659.684      1.57174
     667.143      1.63482
     674.686      1.59721
     682.314      1.46882
     690.029      1.26664
     697.831      1.01334
     705.721     0.735342
       713.7     0.460292
     721.769     0.214415
      729.93    0.0197711
     738.183     -0.10807
     746.529    -0.161948
      754.97    -0.144062
     763.506   -0.0659212
     772.139    0.0528111
     780.869     0.186529
     789.698     0.306867
     798.627     0.386376
     807.656     0.402396
     816.788     0.340581
     826.023     0.197539
     835.363   -0.0178521
     844.808    -0.284689
     854.359    -0.572181
     864.019    -0.843408
     873.788     -1.06012
     883.668      -1.1885
     893.659     -1.20444
     903.763     -1.09806
     913.982    -0.876121
     924.316    -0.569824
     934.766    -0.193909
     945.335     0.182065
     956.024     0.517104
     966.833      0.76838
     977.765     0.906272
      988.82     0.919593
        1000     0.817938
