        0.01 -0.000718195
   0.0101131 -0.000730414
   0.0102274 -0.000742832
    0.010343 -0.000755462
     0.01046 -0.000768316
   0.0105783 -0.000781387
   0.0106979 -0.000794677
   0.0108188 -0.000808186
   0.0109411 -0.000821928
   0.0110648 -0.000835907
   0.0111899 -0.000850123
   0.0113165 -0.000864591
   0.0114444  -0.00087929
   0.0115738 -0.000894245
   0.0117047 -0.000909459
    0.011837 -0.000924922
   0.0119709  -0.00094066
   0.0121062 -0.000956652
   0.0122431 -0.000972925
   0.0123815 -0.000989469
   0.0125215   -0.0010063
   0.0126631  -0.00102342
   0.0128062  -0.00104081
    0.012951  -0.00105852
   0.0130975  -0.00107653
   0.0132456  -0.00109484
   0.0133953  -0.00111345
   0.0135468  -0.00113239
   0.0136999  -0.00115164
   0.0138548  -0.00117123
   0.0140115  -0.00119116
   0.0141699  -0.00121141
   0.0143301  -0.00123201
   0.0144921  -0.00125297
    0.014656  -0.00127428
   0.0148217  -0.00129595
   0.0149893    -0.001318
   0.0151588  -0.00134041
   0.0153302  -0.00136321
   0.0155035  -0.00138639
   0.0156788  -0.00140997
   0.0158561  -0.00143396
   0.0160353  -0.00145834
   0.0162166  -0.00148314
      0.0164  -0.00150837
   0.0165854  -0.00153402
   0.0167729  -0.00156011
   0.0169626  -0.00158665
   0.0171544  -0.00161363
   0.0173483  -0.00164107
   0.0175445  -0.00166899
   0.0177429  -0.00169738
   0.0179435  -0.00172624
   0.0181463  -0.00175559
   0.0183515  -0.00178545
    0.018559  -0.00181582
   0.0187688   -0.0018467
   0.0189811  -0.00187812
   0.0191957  -0.00191006
   0.0194127  -0.00194254
   0.0196322  -0.00197558
   0.0198542  -0.00200918
   0.0200786  -0.00204334
   0.0203057  -0.00207811
   0.0205353  -0.00211345
   0.0207674  -0.00214938
   0.0210022  -0.00218594
   0.0212397  -0.00222312
   0.0214799  -0.00226094
   0.0217227  -0.00229938
   0.0219683  -0.00233849
   0.0222167  -0.00237826
   0.0224679  -0.00241871
   0.0227219  -0.00245984
   0.0229788  -0.00250168
   0.0232387  -0.00254424
   0.0235014   -0.0025875
   0.0237671  -0.00263151
   0.0240358  -0.00267626
   0.0243076  -0.00272178
   0.0245824  -0.00276807
   0.0248604  -0.00281515
   0.0251415  -0.00286303
   0.0254257  -0.00291172
   0.0257132  -0.00296124
   0.0260039   -0.0030116
   0.0262979  -0.00306282
   0.0265953  -0.00311492
    0.026896   -0.0031679
   0.0272001  -0.00322177
   0.0275076  -0.00327656
   0.0278186  -0.00333228
   0.0281332  -0.00338897
   0.0284513  -0.00344661
   0.0287729  -0.00350521
   0.0290983  -0.00356484
   0.0294273  -0.00362547
     0.02976  -0.00368713
   0.0300965  -0.00374984
   0.0304368  -0.00381361
   0.0307809  -0.00387847
   0.0311289  -0.00394443
   0.0314809  -0.00401152
   0.0318368  -0.00407973
   0.0321968  -0.00414913
   0.0325608  -0.00421969
    0.032929  -0.00429146
   0.0333013  -0.00436445
   0.0336778  -0.00443867
   0.0340586  -0.00451416
   0.0344437  -0.00459094
   0.0348331  -0.00466901
   0.0352269  -0.00474841
   0.0356252  -0.00482917
    0.036028   -0.0049113
   0.0364354  -0.00499484
   0.0368473  -0.00507978
    0.037264  -0.00516619
   0.0376853  -0.00525404
   0.0381114   -0.0053434
   0.0385423  -0.00543428
   0.0389781   -0.0055267
   0.0394188   -0.0056207
   0.0398645  -0.00571629
   0.0403152   -0.0058135
    0.040771  -0.00591237
    0.041232  -0.00601293
   0.0416982  -0.00611519
   0.0421697   -0.0062192
   0.0426464  -0.00632495
   0.0431286  -0.00643252
   0.0436163  -0.00654194
   0.0441094  -0.00665319
   0.0446081  -0.00676633
   0.0451125  -0.00688142
   0.0456226  -0.00699846
   0.0461384  -0.00711747
   0.0466601  -0.00723853
   0.0471876  -0.00736162
   0.0477212  -0.00748683
   0.0482607  -0.00761415
   0.0488064  -0.00774365
   0.0493582  -0.00787534
   0.0499163  -0.00800928
   0.0504807   -0.0081455
   0.0510514  -0.00828402
   0.0516286   -0.0084249
   0.0522124  -0.00856819
   0.0528027   -0.0087139
   0.0533997  -0.00886209
   0.0540035  -0.00901282
   0.0546141   -0.0091661
   0.0552316  -0.00932199
   0.0558561  -0.00948053
   0.0564876  -0.00964175
   0.0571263  -0.00980573
   0.0577722   -0.0099725
   0.0584254   -0.0101421
    0.059086   -0.0103146
    0.059754     -0.01049
   0.0604296   -0.0106684
   0.0611129   -0.0108498
   0.0618039   -0.0110344
   0.0625027    -0.011222
   0.0632093   -0.0114128
    0.063924   -0.0116069
   0.0646468   -0.0118043
   0.0653777   -0.0120051
   0.0661169   -0.0122092
   0.0668645   -0.0124169
   0.0676205   -0.0126281
    0.068385   -0.0128428
   0.0691582   -0.0130612
   0.0699402   -0.0132834
   0.0707309   -0.0135092
   0.0715307    -0.013739
   0.0723394   -0.0139726
   0.0731573   -0.0142102
   0.0739845   -0.0144519
    0.074821   -0.0146977
    0.075667   -0.0149476
   0.0765225   -0.0152018
   0.0773877   -0.0154604
   0.0782627   -0.0157233
   0.0791476   -0.0159907
   0.0800424   -0.0162626
   0.0809474   -0.0165391
   0.0818627   -0.0168204
   0.0827883   -0.0171065
   0.0837243   -0.0173974
   0.0846709   -0.0176932
   0.0856283   -0.0179941
   0.0865964   -0.0183001
   0.0875755   -0.0186113
   0.0885657   -0.0189278
   0.0895671   -0.0192497
   0.0905798    -0.019577
   0.0916039   -0.0199099
   0.0926396   -0.0202485
   0.0936871   -0.0205929
   0.0947464    -0.020943
   0.0958176   -0.0212992
    0.096901   -0.0216614
   0.0979966   -0.0220297
   0.0991046   -0.0224043
    0.100225   -0.0227853
    0.101358   -0.0231727
    0.102504   -0.0235667
    0.103663   -0.0239675
    0.104835    -0.024375
    0.106021   -0.0247897
    0.107219    -0.025211
    0.108432     -0.02564
    0.109658    -0.026076
    0.110898   -0.0265194
    0.112151     -0.02697
    0.113419   -0.0274286
    0.114702   -0.0278952
    0.115999   -0.0283696
     0.11731   -0.0288518
    0.118637   -0.0293426
    0.119978   -0.0298414
    0.121335    -0.030349
    0.122706   -0.0308647
    0.124094   -0.0313898
    0.125497   -0.0319235
    0.126916   -0.0324663
    0.128351   -0.0330183
    0.129802   -0.0335797
     0.13127   -0.0341508
    0.132754   -0.0347313
    0.134255   -0.0353219
    0.135773   -0.0359225
    0.137308   -0.0365332
     0.13886   -0.0371541
     0.14043   -0.0377858
    0.142018   -0.0384284
    0.143624   -0.0390818
    0.145248   -0.0397463
     0.14689    -0.040422
    0.148551   -0.0411093
     0.15023    -0.041808
    0.151929   -0.0425189
    0.153647   -0.0432419
    0.155384    -0.043977
    0.157141   -0.0447247
    0.158918   -0.0454851
    0.160714   -0.0462581
    0.162531   -0.0470444
    0.164369   -0.0478443
    0.166228   -0.0486579
    0.168107   -0.0494849
    0.170008   -0.0503263
     0.17193   -0.0511817
    0.173874   -0.0520518
     0.17584   -0.0529367
    0.177828   -0.0538365
    0.179839   -0.0547518
    0.181872   -0.0556823
    0.183928   -0.0566287
    0.186008   -0.0575915
    0.188111   -0.0585703
    0.190238    -0.059566
    0.192389   -0.0605785
    0.194564    -0.061608
    0.196764   -0.0626552
    0.198989   -0.0637203
    0.201238   -0.0648029
    0.203514   -0.0659046
    0.205815   -0.0670247
    0.208142   -0.0681639
    0.210495   -0.0693222
    0.212875   -0.0705003
    0.215282   -0.0716985
    0.217716    -0.072917
    0.220178   -0.0741563
    0.222667   -0.0754163
    0.225185   -0.0766981
    0.227731   -0.0780015
    0.230306    -0.079327
     0.23291    -0.080675
    0.235543   -0.0820457
    0.238206   -0.0834397
      0.2409   -0.0848579
    0.243623   -0.0862993
    0.246378   -0.0877659
    0.249163   -0.0892567
    0.251981   -0.0907736
     0.25483   -0.0923159
    0.257711   -0.0938841
    0.260625   -0.0954792
    0.263571   -0.0971008
    0.266552   -0.0987509
    0.269565    -0.100428
    0.272613    -0.102134
    0.275696    -0.103869
    0.278813    -0.105634
    0.281965    -0.107428
    0.285153    -0.109252
    0.288377    -0.111108
    0.291638    -0.112995
    0.294935    -0.114914
     0.29827    -0.116866
    0.301642     -0.11885
    0.305053    -0.120869
    0.308502    -0.122921
     0.31199    -0.125009
    0.315517    -0.127131
    0.319085     -0.12929
    0.322693    -0.131486
    0.326341    -0.133718
    0.330031    -0.135988
    0.333762    -0.138296
    0.337536    -0.140644
    0.341353    -0.143032
    0.345212     -0.14546
    0.349115    -0.147929
    0.353062    -0.150439
    0.357054    -0.152993
    0.361091    -0.155589
    0.365174     -0.15823
    0.369303    -0.160915
    0.373479    -0.163646
    0.377701    -0.166423
    0.381972    -0.169247
    0.386291    -0.172118
    0.390658    -0.175038
    0.395075    -0.178008
    0.399542    -0.181027
    0.404059    -0.184098
    0.408628    -0.187221
    0.413248    -0.190396
    0.417921    -0.193625
    0.422646    -0.196909
    0.427424    -0.200247
    0.432257    -0.203643
    0.437144    -0.207096
    0.442087    -0.210607
    0.447086    -0.214178
    0.452141    -0.217808
    0.457253      -0.2215
    0.462423    -0.225254
    0.467651    -0.229072
    0.472939    -0.232954
    0.478286    -0.236901
    0.483694    -0.240915
    0.489162    -0.244996
    0.494693    -0.249146
    0.500286    -0.253366
    0.505943    -0.257658
    0.511663    -0.262021
    0.517449    -0.266459
    0.523299    -0.270971
    0.529216    -0.275558
    0.535199    -0.280223
    0.541251    -0.284967
     0.54737    -0.289789
    0.553559    -0.294694
    0.559818     -0.29968
    0.566148    -0.304751
    0.572549    -0.309907
    0.579022    -0.315148
    0.585569    -0.320479
     0.59219    -0.325899
    0.598885    -0.331409
    0.605657    -0.337012
    0.612505    -0.342709
     0.61943    -0.348502
    0.626434    -0.354392
    0.633516    -0.360379
    0.640679    -0.366468
    0.647923    -0.372658
    0.655249    -0.378952
    0.662657    -0.385351
     0.67015    -0.391858
    0.677727    -0.398473
     0.68539    -0.405199
    0.693139    -0.412036
    0.700976    -0.418988
    0.708902    -0.426057
    0.716917    -0.433242
    0.725023    -0.440548
     0.73322    -0.447975
     0.74151    -0.455526
    0.749894    -0.463203
    0.758373    -0.471008
    0.766947    -0.478942
    0.775619    -0.487008
    0.784389    -0.495209
    0.793257    -0.503545
    0.802226     -0.51202
    0.811297    -0.520636
     0.82047    -0.529394
    0.829746    -0.538296
    0.839128    -0.547347
    0.848615    -0.556547
     0.85821      -0.5659
    0.867914    -0.575408
    0.877727    -0.585071
    0.887651    -0.594895
    0.897687     -0.60488
    0.907837    -0.615031
    0.918101    -0.625347
    0.928482    -0.635835
     0.93898    -0.646494
    0.949596    -0.657328
    0.960333     -0.66834
    0.971191    -0.679533
    0.982172     -0.69091
    0.993277    -0.702472
     1.00451    -0.714227
     1.01586    -0.726162
     1.02735    -0.738305
     1.03897    -0.750647
     1.05071    -0.763177
     1.06259    -0.775918
     1.07461    -0.788874
     1.08676    -0.802033
     1.09905    -0.815409
     1.11147    -0.828991
     1.12404    -0.842804
     1.13675    -0.856838
      1.1496    -0.871095
      1.1626    -0.885587
     1.17574    -0.900304
     1.18904    -0.915271
     1.20248    -0.930467
     1.21608    -0.945916
     1.22983    -0.961608
     1.24373    -0.977545
     1.25779    -0.993739
     1.27201     -1.01019
      1.2864     -1.02692
     1.30094      -1.0439
     1.31565     -1.06115
     1.33053     -1.07869
     1.34557     -1.09649
     1.36078     -1.11457
     1.37617     -1.13294
     1.39173      -1.1516
     1.40746     -1.17055
     1.42338     -1.18981
     1.43947     -1.20935
     1.45575     -1.22922
     1.47221     -1.24938
     1.48885     -1.26985
     1.50569     -1.29066
     1.52271     -1.31177
     1.53993     -1.33322
     1.55734       -1.355
     1.57495     -1.37711
     1.59275     -1.39955
     1.61076     -1.42234
     1.62897     -1.44548
     1.64739     -1.46897
     1.66602     -1.49283
     1.68485     -1.51703
      1.7039      -1.5416
     1.72317     -1.56655
     1.74265     -1.59186
     1.76236     -1.61756
     1.78228     -1.64363
     1.80243     -1.67009
     1.82281     -1.69694
     1.84342     -1.72419
     1.86427     -1.75185
     1.88534     -1.77989
     1.90666     -1.80836
     1.92822     -1.83723
     1.95002     -1.86652
     1.97207     -1.89623
     1.99437     -1.92637
     2.01691     -1.95692
     2.03972     -1.98793
     2.06278     -2.01936
      2.0861     -2.05123
     2.10969     -2.08356
     2.13354     -2.11632
     2.15767     -2.14955
     2.18206     -2.18322
     2.20673     -2.21735
     2.23168     -2.25195
     2.25692     -2.28703
     2.28244     -2.32256
     2.30824     -2.35856
     2.33434     -2.39504
     2.36073       -2.432
     2.38742     -2.46943
     2.41442     -2.50737
     2.44172     -2.54578
     2.46932     -2.58466
     2.49724     -2.62405
     2.52548     -2.66393
     2.55403     -2.70429
     2.58291     -2.74515
     2.61211      -2.7865
     2.64165     -2.82836
     2.67152     -2.87071
     2.70172     -2.91355
     2.73227     -2.95689
     2.76316     -3.00072
      2.7944     -3.04505
       2.826     -3.08988
     2.85795     -3.13519
     2.89026     -3.18098
     2.92294     -3.22728
     2.95599     -3.27406
     2.98941     -3.32131
     3.02321     -3.36905
      3.0574     -3.41727
     3.09196     -3.46593
     3.12692     -3.51508
     3.16228     -3.56468
     3.19803     -3.61473
     3.23419     -3.66523
     3.27076     -3.71616
     3.30774     -3.76753
     3.34514     -3.81931
     3.38296      -3.8715
     3.42121     -3.92409
     3.45989     -3.97707
     3.49901     -4.03043
     3.53857     -4.08414
     3.57858     -4.13821
     3.61904     -4.19262
     3.65996     -4.24734
     3.70134     -4.30236
     3.74319     -4.35767
     3.78552     -4.41326
     3.82832     -4.46908
      3.8716     -4.52511
     3.91538     -4.58137
     3.95964     -4.63778
     4.00441     -4.69436
     4.04969     -4.75107
     4.09548     -4.80788
     4.14178     -4.86475
     4.18861     -4.92167
     4.23597     -4.97859
     4.28387      -5.0355
      4.3323     -5.09233
     4.38129     -5.14908
     4.43082     -5.20567
     4.48092      -5.2621
     4.53158     -5.31831
     4.58282     -5.37425
     4.63464     -5.42989
     4.68704     -5.48516
     4.74003     -5.54002
     4.79363     -5.59443
     4.84782     -5.64831
     4.90264     -5.70163
     4.95807     -5.75431
     5.01413     -5.80629
     5.07082     -5.85752
     5.12815     -5.90792
     5.18613     -5.95742
     5.24477     -6.00596
     5.30407     -6.05346
     5.36404     -6.09984
     5.42469     -6.14502
     5.48603     -6.18892
     5.54805     -6.23144
     5.61078     -6.27252
     5.67422     -6.31204
     5.73838     -6.34992
     5.80326     -6.38606
     5.86887     -6.42035
     5.93523      -6.4527
     6.00234     -6.48299
      6.0702     -6.51111
     6.13883     -6.53696
     6.20824      -6.5604
     6.27844     -6.58133
     6.34942     -6.59961
     6.42121     -6.61513
     6.49382     -6.62774
     6.56724     -6.63732
     6.64149     -6.64372
     6.71658     -6.64682
     6.79253     -6.64645
     6.86932     -6.64248
     6.94699     -6.63476
     7.02554     -6.62314
     7.10497     -6.60745
     7.18531     -6.58754
     7.26655     -6.56325
     7.34871     -6.53442
      7.4318     -6.50087
     7.51582     -6.46245
      7.6008     -6.41897
     7.68674     -6.37027
     7.77365     -6.31618
     7.86154     -6.25652
     7.95043     -6.19112
     8.04032     -6.11979
     8.13123     -6.04236
     8.22317     -5.95866
     8.31614     -5.86852
     8.41017     -5.77174
     8.50526     -5.66817
     8.60142     -5.55763
     8.69868     -5.43994
     8.79703     -5.31495
     8.89649      -5.1825
     8.99708     -5.04242
     9.09881     -4.89455
     9.20168     -4.73878
     9.30572     -4.57493
     9.41094     -4.40287
     9.51734     -4.22251
     9.62495      -4.0337
     9.73377     -3.83636
     9.84383     -3.63037
     9.95513     -3.41567
     10.0677     -3.19216
     10.1815     -2.95991
     10.2966     -2.71876
     10.4131     -2.46852
     10.5308     -2.20963
     10.6499     -1.94173
     10.7703      -1.6651
      10.892     -1.37987
     11.0152     -1.08568
     11.1397    -0.783158
     11.2657    -0.472013
     11.3931    -0.152698
     11.5219     0.174534
     11.6522     0.509655
     11.7839     0.852088
     11.9171      1.20173
     12.0519      1.55846
     12.1881      1.92131
     12.3259      2.29031
     12.4653      2.66496
     12.6063      3.04467
     12.7488      3.42855
     12.8929      3.81621
     13.0387      4.20717
     13.1861      4.60041
     13.3352      4.99535
      13.486      5.39111
     13.6385      5.78674
     13.7927      6.18124
     13.9486      6.57355
     14.1063      6.96281
     14.2658      7.34784
     14.4271      7.72741
     14.5902      8.10021
     14.7552      8.46512
      14.922      8.82052
     15.0908      9.16536
     15.2614      9.49773
     15.4339      9.81625
     15.6084      10.1195
     15.7849      10.4058
     15.9634      10.6735
     16.1439      10.9209
     16.3264      11.1461
      16.511      11.3476
     16.6977      11.5235
     16.8865       11.672
     17.0774      11.7914
     17.2705      11.8798
     17.4658      11.9356
     17.6632      11.9569
     17.8629      11.9421
     18.0649      11.8896
     18.2692      11.7978
     18.4757      11.6651
     18.6846      11.4903
     18.8959      11.2719
     19.1095       11.009
     19.3256      10.7003
     19.5441      10.3453
     19.7651      9.94307
     19.9885      9.49353
     20.2145      8.99613
     20.4431      8.45093
     20.6742      7.85857
      20.908      7.21923
     21.1444      6.53418
     21.3835      5.80447
     21.6252      5.03214
     21.8697      4.21861
      22.117      3.36635
     22.3671      2.47823
       22.62      1.55756
     22.8757     0.608066
     23.1344    -0.366817
     23.3959     -1.36173
     23.6605     -2.37275
      23.928     -3.39363
     24.1985     -4.41882
     24.4721     -5.44237
     24.7488     -6.45754
     25.0287     -7.45757
     25.3116     -8.43431
     25.5978     -9.38107
     25.8873     -10.2898
     26.1799     -11.1517
      26.476     -11.9596
     26.7753     -12.7043
      27.078     -13.3779
     27.3842     -13.9722
     27.6938      -14.479
     28.0069     -14.8907
     28.3236     -15.1997
     28.6438     -15.3992
     28.9677     -15.4829
     29.2952     -15.4452
     29.6265     -15.2813
     29.9614     -14.9877
     30.3002     -14.5614
     30.6428     -14.0013
     30.9892     -13.3074
     31.3396     -12.4807
      31.694     -11.5241
     32.0523     -10.4429
     32.4147     -9.24269
     32.7812     -7.93182
     33.1519     -6.51994
     33.5267     -5.01935
     33.9058     -3.44297
     34.2891     -1.80671
     34.6768    -0.126887
     35.0689      1.57776
     35.4654      3.28707
     35.8664       4.9801
     36.2719      6.63448
      36.682      8.22755
     37.0968      9.73618
     37.5162      11.1365
     37.9404      12.4059
     38.3693      13.5218
     38.8032      14.4636
     39.2419      15.2112
     39.6856      15.7475
     40.1343      16.0575
     40.5881      16.1295
      41.047      15.9551
     41.5111      15.5299
     41.9804      14.8536
     42.4551      13.9304
     42.9351      12.7697
     43.4205      11.3856
     43.9115      9.79676
      44.408      8.02765
     44.9101      6.10705
     45.4178      4.06851
     45.9314      1.94841
     46.4507    -0.211379
     46.9759     -2.36791
      47.507     -4.47551
     48.0442     -6.48838
     48.5874     -8.35972
     49.1367     -10.0449
     49.6923      -11.502
     50.2541     -12.6922
     50.8223     -13.5823
      51.397     -14.1454
     51.9781     -14.3614
     52.5658     -14.2194
     53.1601     -13.7174
     53.7612     -12.8631
      54.369      -11.675
     54.9838     -10.1807
     55.6054     -8.41947
     56.2341     -6.43821
     56.8699     -4.29312
     57.5129     -2.04705
     58.1632     0.231893
     58.8208      2.47204
     59.4859      4.60148
     60.1585      6.54918
     60.8387      8.24867
     61.5265      9.64013
     62.2222      10.6737
     62.9257      11.3106
     63.6372      11.5264
     64.3567      11.3119
     65.0843       10.675
     65.8202      9.63975
     66.5644      8.24778
      67.317      6.55622
     68.0782      4.63577
     68.8479      2.56931
     69.6263     0.446969
     70.4136     -1.63697
     71.2097     -3.58761
     72.0148     -5.31561
     72.8291     -6.74093
     73.6525     -7.79681
     74.4853     -8.43482
     75.3274     -8.62708
     76.1791     -8.36904
     77.0404      -7.6802
     77.9115     -6.60384
     78.7924     -5.20552
     79.6833     -3.56941
     80.5842     -1.79444
     81.4953    0.0121126
     82.4168      1.74077
     83.3486       3.2861
      84.291      4.55512
      85.244      5.47257
     86.2079      5.98712
     87.1826      6.07496
     88.1683      5.74246
     89.1652      5.02586
     90.1733       3.9893
     91.1929      2.71991
      92.224      1.32191
     93.2667   -0.0920034
     94.3212      -1.4098
     95.3877     -2.52921
     96.4662     -3.36677
     97.5569     -3.86507
     98.6599     -3.99796
     99.7754     -3.77287
     100.904     -3.22971
     102.044     -2.43852
     103.198      -1.4879
     104.365    -0.481746
     105.545     0.476597
     106.738      1.29301
     107.945      1.89418
     109.166      2.23372
       110.4      2.29783
     111.648      2.10611
     112.911      1.70678
     114.187      1.17105
     115.478     0.580252
     116.784    0.0159019
     118.104    -0.451613
      119.44    -0.774569
      120.79    -0.931656
     122.156    -0.931245
     123.537    -0.806657
     124.934    -0.608248
     126.346    -0.393389
     127.775    -0.212217
      129.22    -0.098771
     130.681   -0.0632685
     132.158   -0.0894083
     133.652    -0.141608
     135.163    -0.172479
     136.692    -0.137729
     138.237   -0.0102922
       139.8     0.208824
     141.381     0.485635
     142.979     0.756908
     144.596     0.943769
     146.231     0.970531
     147.884     0.788052
     149.556     0.392783
     151.247    -0.162481
     152.957    -0.771644
     154.687     -1.29423
     156.436     -1.58627
     158.204     -1.54025
     159.993     -1.11976
     161.802    -0.382264
     163.632     0.521874
     165.482      1.37522
     167.353      1.94613
     169.245      2.05114
     171.158      1.61548
     173.094     0.708945
     175.051    -0.452486
      177.03     -1.55517
     179.032      -2.2704
     181.056     -2.35251
     183.103     -1.72967
     185.173    -0.545749
     187.267     0.861855
     189.384      2.05084
     191.525      2.61494
     193.691      2.32592
     195.881      1.23376
     198.096     -0.32291
     200.335     -1.81037
     202.601     -2.68254
     204.891     -2.58248
     207.208     -1.50246
     209.551     0.182096
      211.92      1.82866
     214.316      2.76918
     216.739      2.58613
      219.19      1.31331
     221.668    -0.540165
     224.174     -2.17952
     226.709     -2.86136
     229.272      -2.2421
     231.865    -0.571642
     234.486      1.38059
     237.137      2.67076
     239.819      2.63859
      242.53      1.26858
     245.272    -0.758548
     248.045     -2.38229
      250.85      -2.7161
     253.686     -1.55201
     256.555     0.478904
     259.455      2.21961
     262.389      2.64465
     265.356      1.48261
     268.356    -0.571018
      271.39     -2.24132
     274.458     -2.46073
     277.562      -1.0782
       280.7     0.993202
     283.874      2.35157
     287.083      2.05739
     290.329     0.321393
     293.612     -1.60132
     296.931     -2.29706
     300.289     -1.25426
     303.684     0.712368
     307.118      2.05842
      310.59      1.72207
     314.102   0.00441955
     317.653     -1.64662
     321.245     -1.84018
     324.877    -0.445362
      328.55      1.27106
     332.265      1.76509
     336.022     0.627249
     339.821     -1.02547
     343.663      -1.6085
     347.549    -0.606492
     351.478     0.920066
     355.452      1.41686
     359.471     0.435677
     363.536    -0.914922
     367.646     -1.16532
     371.803    -0.159832
     376.006     0.935543
     380.258     0.878238
     384.557    -0.160767
     388.905    -0.888686
     393.302    -0.489327
     397.749     0.429264
     402.246     0.693716
     406.794    0.0753312
     411.394    -0.523253
     416.045    -0.353192
     420.749      0.21589
     425.507     0.370312
     430.318    0.0172178
     435.183    -0.237622
     440.103   -0.0992571
     445.079    0.0864893
     450.112    0.0535979
     455.201   0.00212457
     460.348    0.0551134
     465.553  -0.00798085
     470.816    -0.169809
      476.14   -0.0505861
     481.523     0.260631
     486.968     0.142445
     492.473    -0.323416
     498.042    -0.239778
     503.673     0.369718
     509.368     0.322767
     515.127     -0.41621
     520.951    -0.377445
     526.841     0.477371
     532.798     0.390648
     538.822    -0.559838
     544.914    -0.347015
     551.075     0.656611
     557.306     0.229368
     563.607    -0.741921
      569.98   -0.0271514
     576.424     0.768257
     582.942    -0.247137
     589.533    -0.674434
     596.198     0.537304
     602.939     0.413442
     609.756    -0.734443
      616.65  -0.00175648
     623.623     0.705172
     630.674     -0.43253
     637.804    -0.380806
     645.016     0.663208
     652.309     -0.12894
     659.684    -0.503807
     667.143     0.512482
     674.686    0.0231361
     682.314     -0.46341
     690.029     0.388127
     697.831    0.0331353
     705.721    -0.345208
       713.7      0.30215
     721.769   -0.0306786
      729.93    -0.187759
     738.183     0.202657
     746.529   -0.0763895
      754.97   -0.0392673
     763.506    0.0596904
     772.139    -0.015685
     780.869   -0.0101498
     789.698   -0.0280403
     798.627     0.104092
     807.656    -0.150329
     816.788     0.114253
     826.023   0.00472757
     835.363    -0.157758
     844.808     0.277571
     854.359    -0.313232
     864.019     0.250373
     873.788    -0.110688
     883.668   -0.0628241
     893.659     0.224909
     903.763    -0.341973
     913.982     0.398592
     924.316    -0.403547
     934.766     0.348395
     945.335    -0.272704
     956.024     0.186971
     966.833    -0.105004
     977.765    0.0359787
      988.82    0.0158064
        1000   -0.0494348
