        0.01    0.0112599
   0.0101131    0.0114515
   0.0102274    0.0116462
    0.010343    0.0118442
     0.01046    0.0120457
   0.0105783    0.0122507
   0.0106979     0.012459
   0.0108188    0.0126708
   0.0109411    0.0128863
   0.0110648    0.0131054
   0.0111899    0.0133283
   0.0113165    0.0135551
   0.0114444    0.0137856
   0.0115738      0.01402
   0.0117047    0.0142586
    0.011837     0.014501
   0.0119709    0.0147477
   0.0121062    0.0149985
   0.0122431    0.0152536
   0.0123815     0.015513
   0.0125215    0.0157768
   0.0126631    0.0160452
   0.0128062    0.0163179
    0.012951    0.0165955
   0.0130975    0.0168779
   0.0132456    0.0171649
   0.0133953    0.0174567
   0.0135468    0.0177537
   0.0136999    0.0180555
   0.0138548    0.0183626
   0.0140115     0.018675
   0.0141699    0.0189926
   0.0143301    0.0193156
   0.0144921    0.0196441
    0.014656    0.0199782
   0.0148217     0.020318
   0.0149893    0.0206636
   0.0151588    0.0210151
   0.0153302    0.0213725
   0.0155035    0.0217359
   0.0156788    0.0221056
   0.0158561    0.0224816
   0.0160353    0.0228638
   0.0162166    0.0232527
      0.0164    0.0236483
   0.0165854    0.0240504
   0.0167729    0.0244594
   0.0169626    0.0248755
   0.0171544    0.0252986
   0.0173483    0.0257287
   0.0175445    0.0261664
   0.0177429    0.0266115
   0.0179435    0.0270641
   0.0181463    0.0275242
   0.0183515    0.0279924
    0.018559    0.0284685
   0.0187688    0.0289526
   0.0189811    0.0294452
   0.0191957    0.0299459
   0.0194127    0.0304551
   0.0196322    0.0309731
   0.0198542       0.0315
   0.0200786    0.0320355
   0.0203057    0.0325805
   0.0205353    0.0331347
   0.0207674     0.033698
   0.0210022    0.0342711
   0.0212397    0.0348541
   0.0214799     0.035447
   0.0217227    0.0360497
   0.0219683    0.0366627
   0.0222167    0.0372863
   0.0224679    0.0379205
   0.0227219    0.0385653
   0.0229788    0.0392212
   0.0232387    0.0398885
   0.0235014    0.0405667
   0.0237671    0.0412566
   0.0240358    0.0419582
   0.0243076    0.0426719
   0.0245824    0.0433975
   0.0248604    0.0441358
   0.0251415    0.0448864
   0.0254257    0.0456497
   0.0257132    0.0464261
   0.0260039    0.0472156
   0.0262979    0.0480186
   0.0265953    0.0488354
    0.026896    0.0496659
   0.0272001    0.0505106
   0.0275076    0.0513695
   0.0278186    0.0522431
   0.0281332    0.0531318
   0.0284513    0.0540355
   0.0287729    0.0549542
   0.0290983    0.0558891
   0.0294273    0.0568396
     0.02976    0.0578062
   0.0300965    0.0587893
   0.0304368    0.0597892
   0.0307809    0.0608059
   0.0311289      0.06184
   0.0314809    0.0628918
   0.0318368    0.0639613
   0.0321968    0.0650492
   0.0325608    0.0661554
    0.032929    0.0672806
   0.0333013    0.0684248
   0.0336778    0.0695884
   0.0340586     0.070772
   0.0344437    0.0719756
   0.0348331    0.0731996
   0.0352269    0.0744443
   0.0356252    0.0757104
    0.036028     0.076998
   0.0364354    0.0783076
   0.0368473    0.0796392
    0.037264    0.0809939
   0.0376853    0.0823712
   0.0381114    0.0837721
   0.0385423    0.0851967
   0.0389781    0.0866457
   0.0394188    0.0881192
   0.0398645    0.0896179
   0.0403152    0.0911419
    0.040771    0.0926918
    0.041232    0.0942682
   0.0416982    0.0958714
   0.0421697     0.097502
   0.0426464    0.0991598
   0.0431286     0.100846
   0.0436163     0.102561
   0.0441094     0.104305
   0.0446081     0.106079
   0.0451125     0.107883
   0.0456226     0.109718
   0.0461384     0.111584
   0.0466601     0.113482
   0.0471876     0.115411
   0.0477212     0.117374
   0.0482607      0.11937
   0.0488064       0.1214
   0.0493582     0.123465
   0.0499163     0.125564
   0.0504807       0.1277
   0.0510514     0.129871
   0.0516286      0.13208
   0.0522124     0.134326
   0.0528027      0.13661
   0.0533997     0.138933
   0.0540035     0.141296
   0.0546141     0.143699
   0.0552316     0.146143
   0.0558561     0.148628
   0.0564876     0.151155
   0.0571263     0.153726
   0.0577722      0.15634
   0.0584254     0.158998
    0.059086     0.161702
    0.059754     0.164452
   0.0604296     0.167248
   0.0611129     0.170092
   0.0618039     0.172985
   0.0625027     0.175927
   0.0632093     0.178918
    0.063924      0.18196
   0.0646468     0.185055
   0.0653777     0.188201
   0.0661169     0.191402
   0.0668645     0.194657
   0.0676205     0.197967
    0.068385     0.201333
   0.0691582     0.204756
   0.0699402     0.208238
   0.0707309     0.211779
   0.0715307      0.21538
   0.0723394     0.219042
   0.0731573     0.222767
   0.0739845     0.226555
    0.074821     0.230407
    0.075667     0.234325
   0.0765225     0.238309
   0.0773877     0.242361
   0.0782627     0.246482
   0.0791476     0.250673
   0.0800424     0.254935
   0.0809474      0.25927
   0.0818627     0.263678
   0.0827883     0.268161
   0.0837243     0.272721
   0.0846709     0.277357
   0.0856283     0.282074
   0.0865964     0.286869
   0.0875755     0.291747
   0.0885657     0.296707
   0.0895671     0.301752
   0.0905798     0.306882
   0.0916039     0.312099
   0.0926396     0.317405
   0.0936871     0.322802
   0.0947464      0.32829
   0.0958176     0.333871
    0.096901     0.339548
   0.0979966      0.34532
   0.0991046     0.351191
    0.100225      0.35716
    0.101358     0.363231
    0.102504     0.369406
    0.103663     0.375686
    0.104835     0.382072
    0.106021     0.388571
    0.107219     0.395173
    0.108432     0.401894
    0.109658     0.408726
    0.110898     0.415675
    0.112151     0.422736
    0.113419     0.429922
    0.114702     0.437233
    0.115999     0.444666
     0.11731     0.452221
    0.118637     0.459911
    0.119978     0.467726
    0.121335     0.475679
    0.122706     0.483759
    0.124094     0.491985
    0.125497     0.500347
    0.126916     0.508851
    0.128351     0.517499
    0.129802     0.526293
     0.13127      0.53524
    0.132754     0.544335
    0.134255     0.553586
    0.135773     0.562995
    0.137308     0.572561
     0.13886     0.582289
     0.14043     0.592183
    0.142018     0.602248
    0.143624     0.612484
    0.145248     0.622892
     0.14689     0.633475
    0.148551      0.64424
     0.15023     0.655183
    0.151929     0.666318
    0.153647      0.67764
    0.155384     0.689152
    0.157141     0.700862
    0.158918     0.712771
    0.160714     0.724875
    0.162531     0.737189
    0.164369     0.749715
    0.166228     0.762455
    0.168107     0.775404
    0.170008     0.788578
     0.17193     0.801972
    0.173874     0.815594
     0.17584     0.829448
    0.177828     0.843536
    0.179839     0.857865
    0.181872     0.872433
    0.183928     0.887247
    0.186008     0.902318
    0.188111     0.917641
    0.190238     0.933225
    0.192389     0.949073
    0.194564     0.965187
    0.196764     0.981577
    0.198989     0.998246
    0.201238      1.01519
    0.203514      1.03243
    0.205815      1.04996
    0.208142      1.06778
    0.210495       1.0859
    0.212875      1.10434
    0.215282      1.12309
    0.217716      1.14215
    0.220178      1.16154
    0.222667      1.18125
    0.225185       1.2013
    0.227731      1.22168
    0.230306      1.24242
     0.23291       1.2635
    0.235543      1.28493
    0.238206      1.30673
      0.2409      1.32891
    0.243623      1.35145
    0.246378      1.37438
    0.249163      1.39769
    0.251981       1.4214
     0.25483      1.44551
    0.257711      1.47003
    0.260625      1.49496
    0.263571       1.5203
    0.266552      1.54609
    0.269565       1.5723
    0.272613      1.59896
    0.275696      1.62607
    0.278813      1.65364
    0.281965      1.68166
    0.285153      1.71017
    0.288377      1.73915
    0.291638      1.76863
    0.294935      1.79859
     0.29827      1.82907
    0.301642      1.86006
    0.305053      1.89157
    0.308502      1.92361
     0.31199       1.9562
    0.315517      1.98932
    0.319085      2.02302
    0.322693      2.05727
    0.326341       2.0921
    0.330031      2.12752
    0.333762      2.16353
    0.337536      2.20016
    0.341353       2.2374
    0.345212      2.27526
    0.349115      2.31375
    0.353062       2.3529
    0.357054       2.3927
    0.361091      2.43317
    0.365174      2.47432
    0.369303      2.51617
    0.373479      2.55871
    0.377701      2.60196
    0.381972      2.64595
    0.386291      2.69067
    0.390658      2.73613
    0.395075      2.78236
    0.399542      2.82937
    0.404059      2.87715
    0.408628      2.92575
    0.413248      2.97515
    0.417921      3.02538
    0.422646      3.07645
    0.427424      3.12836
    0.432257      3.18115
    0.437144      3.23482
    0.442087      3.28939
    0.447086      3.34487
    0.452141      3.40127
    0.457253       3.4586
    0.462423       3.5169
    0.467651      3.57616
    0.472939      3.63641
    0.478286      3.69766
    0.483694      3.75993
    0.489162      3.82322
    0.494693      3.88758
    0.500286        3.953
    0.505943      4.01951
    0.511663      4.08712
    0.517449      4.15585
    0.523299      4.22571
    0.529216      4.29674
    0.535199      4.36893
    0.541251      4.44232
     0.54737      4.51692
    0.553559      4.59275
    0.559818      4.66983
    0.566148      4.74819
    0.572549      4.82782
    0.579022      4.90877
    0.585569      4.99105
     0.59219      5.07468
    0.598885      5.15968
    0.605657      5.24609
    0.612505       5.3339
     0.61943      5.42314
    0.626434      5.51386
    0.633516      5.60604
    0.640679      5.69973
    0.647923      5.79496
    0.655249      5.89173
    0.662657      5.99007
     0.67015      6.09003
    0.677727       6.1916
     0.68539      6.29482
    0.693139       6.3997
    0.700976      6.50629
    0.708902       6.6146
    0.716917      6.72465
    0.725023      6.83649
     0.73322      6.95011
     0.74151      7.06557
    0.749894      7.18289
    0.758373      7.30208
    0.766947      7.42318
    0.775619      7.54623
    0.784389      7.67124
    0.793257      7.79823
    0.802226      7.92725
    0.811297      8.05832
     0.82047      8.19148
    0.829746      8.32672
    0.839128      8.46413
    0.848615      8.60369
     0.85821      8.74545
    0.867914      8.88946
    0.877727      9.03571
    0.887651      9.18426
    0.897687      9.33512
    0.907837      9.48835
    0.918101      9.64395
    0.928482      9.80199
     0.93898      9.96246
    0.949596      10.1254
    0.960333      10.2909
    0.971191      10.4589
    0.982172      10.6295
    0.993277      10.8027
     1.00451      10.9786
     1.01586       11.157
     1.02735      11.3383
     1.03897      11.5224
     1.05071      11.7091
     1.06259      11.8986
     1.07461      12.0912
     1.08676      12.2865
     1.09905      12.4847
     1.11147      12.6858
     1.12404        12.89
     1.13675      13.0972
      1.1496      13.3073
      1.1626      13.5206
     1.17574       13.737
     1.18904      13.9566
     1.20248      14.1793
     1.21608      14.4053
     1.22983      14.6344
     1.24373      14.8668
     1.25779      15.1025
     1.27201      15.3416
      1.2864      15.5842
     1.30094      15.8299
     1.31565      16.0792
     1.33053       16.332
     1.34557      16.5882
     1.36078      16.8478
     1.37617      17.1112
     1.39173       17.378
     1.40746      17.6483
     1.42338      17.9225
     1.43947      18.2001
     1.45575      18.4815
     1.47221      18.7665
     1.48885      19.0551
     1.50569      19.3476
     1.52271      19.6437
     1.53993      19.9437
     1.55734      20.2474
     1.57495      20.5548
     1.59275       20.866
     1.61076      21.1811
     1.62897      21.4999
     1.64739      21.8226
     1.66602      22.1492
     1.68485      22.4794
      1.7039      22.8135
     1.72317      23.1515
     1.74265      23.4932
     1.76236      23.8389
     1.78228      24.1882
     1.80243      24.5413
     1.82281      24.8982
     1.84342      25.2588
     1.86427      25.6232
     1.88534      25.9911
     1.90666      26.3628
     1.92822      26.7382
     1.95002       27.117
     1.97207      27.4994
     1.99437      27.8854
     2.01691      28.2746
     2.03972      28.6674
     2.06278      29.0633
      2.0861      29.4626
     2.10969      29.8651
     2.13354      30.2705
     2.15767      30.6792
     2.18206      31.0906
     2.20673      31.5048
     2.23168      31.9218
     2.25692      32.3416
     2.28244      32.7637
     2.30824      33.1881
     2.33434      33.6148
     2.36073      34.0435
     2.38742      34.4742
     2.41442      34.9068
     2.44172       35.341
     2.46932      35.7764
     2.49724      36.2132
     2.52548      36.6512
     2.55403      37.0898
     2.58291      37.5292
     2.61211      37.9689
     2.64165      38.4089
     2.67152      38.8488
     2.70172      39.2882
     2.73227      39.7271
     2.76316       40.165
      2.7944      40.6017
       2.826       41.037
     2.85795      41.4704
     2.89026      41.9015
     2.92294      42.3301
     2.95599      42.7558
     2.98941      43.1782
     3.02321      43.5969
      3.0574      44.0115
     3.09196      44.4214
     3.12692      44.8263
     3.16228      45.2258
     3.19803      45.6192
     3.23419      46.0062
     3.27076      46.3861
     3.30774      46.7585
     3.34514      47.1227
     3.38296      47.4782
     3.42121      47.8244
     3.45989      48.1607
     3.49901      48.4863
     3.53857      48.8007
     3.57858      49.1032
     3.61904       49.393
     3.65996      49.6694
     3.70134      49.9317
     3.74319      50.1791
     3.78552      50.4108
     3.82832      50.6259
      3.8716      50.8237
     3.91538      51.0033
     3.95964      51.1637
     4.00441      51.3041
     4.04969      51.4236
     4.09548      51.5212
     4.14178      51.5959
     4.18861      51.6468
     4.23597      51.6728
     4.28387      51.6729
      4.3323      51.6461
     4.38129      51.5912
     4.43082      51.5072
     4.48092      51.3931
     4.53158      51.2476
     4.58282      51.0697
     4.63464      50.8581
     4.68704      50.6119
     4.74003      50.3297
     4.79363      50.0104
     4.84782      49.6529
     4.90264      49.2559
     4.95807      48.8183
     5.01413      48.3389
     5.07082      47.8165
     5.12815        47.25
     5.18613      46.6381
     5.24477      45.9797
     5.30407      45.2737
     5.36404       44.519
     5.42469      43.7145
     5.48603       42.859
     5.54805      41.9518
     5.61078      40.9916
     5.67422      39.9775
     5.73838      38.9086
     5.80326      37.7842
     5.86887      36.6034
     5.93523      35.3654
     6.00234      34.0695
      6.0702      32.7155
     6.13883      31.3026
     6.20824      29.8303
     6.27844      28.2984
     6.34942       26.707
     6.42121      25.0557
     6.49382      23.3443
     6.56724      21.5736
     6.64149      19.7436
     6.71658      17.8548
     6.79253      15.9076
     6.86932      13.9034
     6.94699      11.8426
     7.02554      9.72641
     7.10497      7.55663
     7.18531      5.33423
     7.26655      3.06157
     7.34871       0.7404
      7.4318     -1.62701
     7.51582     -4.03784
      7.6008     -6.48988
     7.68674     -8.97979
     7.77365     -11.5042
     7.86154     -14.0596
     7.95043     -16.6422
     8.04032     -19.2476
     8.13123     -21.8715
     8.22317     -24.5091
     8.31614     -27.1548
     8.41017     -29.8038
     8.50526       -32.45
     8.60142     -35.0872
     8.69868     -37.7095
     8.79703     -40.3094
     8.89649     -42.8802
     8.99708     -45.4146
     9.09881     -47.9049
     9.20168     -50.3427
     9.30572     -52.7201
     9.41094     -55.0284
     9.51734     -57.2587
     9.62495      -59.402
     9.73377     -61.4489
     9.84383     -63.3902
     9.95513     -65.2159
     10.0677     -66.9166
     10.1815     -68.4815
     10.2966     -69.9016
     10.4131     -71.1677
     10.5308     -72.2677
     10.6499     -73.1936
     10.7703     -73.9346
      10.892     -74.4816
     11.0152      -74.826
     11.1397     -74.9582
     11.2657       -74.87
     11.3931     -74.5532
     11.5219     -74.0008
     11.6522     -73.2055
     11.7839     -72.1622
     11.9171      -70.865
     12.0519     -69.3086
     12.1881     -67.4924
     12.3259     -65.4117
     12.4653     -63.0657
     12.6063     -60.4548
     12.7488     -57.5829
     12.8929     -54.4518
     13.0387     -51.0643
     13.1861     -47.4295
     13.3352     -43.5534
      13.486     -39.4463
     13.6385     -35.1205
     13.7927     -30.5903
     13.9486     -25.8718
     14.1063     -20.9804
     14.2658     -15.9361
     14.4271     -10.7613
     14.5902     -5.48032
     14.7552    -0.116086
      14.922      5.29992
     15.0908      10.7441
     15.2614      16.1783
     15.4339      21.5724
     15.6084      26.8948
     15.7849      32.1092
     15.9634      37.1785
     16.1439      42.0649
     16.3264        46.73
      16.511      51.1378
     16.6977      55.2496
     16.8865      59.0273
     17.0774       62.434
     17.2705      65.4354
     17.4658      67.9972
     17.6632      70.0862
     17.8629      71.6755
     18.0649      72.7381
     18.2692      73.2511
     18.4757      73.1959
     18.6846      72.5586
     18.8959      71.3295
     19.1095      69.5057
     19.3256      67.0876
     19.5441      64.0844
     19.7651      60.5096
     19.9885      56.3865
     20.2145      51.7399
     20.4431      46.6048
     20.6742      41.0262
      20.908      35.0485
     21.1444      28.7302
     21.3835      22.1314
     21.6252      15.3233
     21.8697      8.37408
      22.117      1.36238
     22.3671     -5.62933
       22.62     -12.5156
     22.8757     -19.2094
     23.1344     -25.6279
     23.3959     -31.6788
     23.6605     -37.2837
      23.928     -42.3565
     24.1985     -46.8226
     24.4721     -50.6132
     24.7488     -53.6658
     25.0287     -55.9283
     25.3116     -57.3578
     25.5978     -57.9263
     25.8873      -57.617
     26.1799     -56.4287
      26.476     -54.3732
     26.7753     -51.4813
      27.078     -47.7967
     27.3842     -43.3783
     27.6938     -38.3035
     28.0069     -32.6612
     28.3236      -26.553
     28.6438      -20.096
     28.9677      -13.411
     29.2952     -6.63188
     29.6265     0.108789
     29.9614      6.66886
     30.3002      12.9176
     30.6428      18.7212
     30.9892      23.9565
     31.3396      28.5145
      31.694      32.2979
     32.0523      35.2264
     32.4147      37.2433
     32.7812      38.3122
     33.1519      38.4217
     33.5267      37.5853
     33.9058      35.8419
     34.2891      33.2565
     34.6768      29.9157
     35.0689      25.9288
     35.4654      21.4242
     35.8664      16.5436
     36.2719      11.4406
      36.682      6.27292
     37.0968      1.19844
     37.5162     -3.62765
     37.9404     -8.06446
     38.3693     -11.9837
     38.8032     -15.2814
     39.2419     -17.8739
     39.6856     -19.7082
     40.1343     -20.7596
     40.5881      -21.034
      41.047     -20.5669
     41.5111     -19.4217
     41.9804      -17.686
     42.4551     -15.4668
     42.9351     -12.8866
     43.4205     -10.0754
     43.9115     -7.16398
      44.408        -4.28
     44.9101     -1.53853
     45.4178     0.961676
     45.9314      3.14441
     46.4507      4.95534
     46.9759      6.36726
      47.507      7.37711
     48.0442      8.00478
     48.5874      8.28835
     49.1367      8.27968
     49.6923      8.03766
     50.2541      7.62203
     50.8223      7.08682
      51.397      6.47512
     51.9781       5.8154
     52.5658      5.11895
     53.1601      4.38079
     53.7612      3.58199
      54.369      2.69542
     54.9838      1.69173
     55.6054     0.548884
     56.2341    -0.741009
     56.8699     -2.16273
     57.5129     -3.67303
     58.1632     -5.19793
     58.8208     -6.63389
     59.4859     -7.85456
     60.1585     -8.72043
     60.8387     -9.09419
     61.5265     -8.85766
     62.2222     -7.93244
     62.9257     -6.29499
     63.6372     -3.99209
     64.3567     -1.15061
     65.0843      2.03019
     65.8202      5.27626
     66.5644      8.27124
      67.317       10.681
     68.0782      12.1931
     68.8479      12.5574
     69.6263       11.627
     70.4136      9.39021
     71.2097      5.99232
     72.0148      1.73634
     72.8291      -2.9354
     73.6525     -7.47994
     74.4853     -11.3184
     75.3274     -13.9067
     76.1791     -14.8196
     77.0404      -13.822
     77.9115     -10.9265
     78.7924     -6.41981
     79.6833    -0.848886
     80.5842      5.03248
     81.4953      10.3616
     82.4168       14.291
     83.3486      16.1272
      84.291      15.4636
      85.244      12.2769
     86.2079      6.96936
     87.1826     0.342801
     88.1683     -6.50949
     89.1652     -12.3737
     90.1733     -16.1299
     91.1929     -16.9777
      92.224     -14.6205
     93.2667     -9.37375
     94.3212     -2.15592
     95.3877      5.64654
     96.4662      12.4293
     97.5569      16.7016
     98.6599      17.4249
     99.7754      14.2898
     100.904      7.84858
     102.044    -0.519506
     103.198     -8.91394
     104.365     -15.2812
     105.545     -17.9544
     106.738     -16.1107
     107.945     -10.0529
     109.166     -1.22973
       110.4      8.05368
     111.648      15.2382
     112.911      18.2023
     114.187      15.9258
     115.478      8.89422
     116.784    -0.931482
     118.104     -10.5916
      119.44     -17.0233
      120.79      -18.016
     122.156     -13.0541
     123.537     -3.61645
     124.934      7.18292
     126.346      15.5574
     127.775      18.4018
      129.22      14.4734
     130.681      5.04109
     132.158     -6.42332
     133.652     -15.4627
     135.163     -18.3514
     136.692     -13.7024
     138.237      -3.2539
       139.8      8.67529
     141.381      16.8773
     142.979      17.5539
     144.596      10.1801
     146.231     -2.00769
     147.884     -13.2949
     149.556     -18.1334
     151.247     -13.9281
     152.957     -2.59476
     154.687      10.1338
     156.436      17.4932
     158.204      15.3493
     159.993       4.6655
     161.802     -8.68186
     163.632     -17.0045
     165.482     -15.2502
     167.353     -4.26683
     169.245      9.34599
     171.158      17.0439
     173.094      13.7411
     175.051      1.39797
      177.03     -11.8516
     179.032     -16.9249
     181.056     -10.1136
     183.103      3.90853
     185.173       15.009
     187.267      14.8529
     189.384      3.38282
     191.525     -10.6473
     193.691     -16.1306
     195.881     -8.49577
     198.096      6.11141
     200.335      15.4327
     202.601      11.3672
     204.891     -2.65872
     207.208     -14.1608
     209.551     -12.5591
      211.92     0.769356
     214.316      13.2068
     216.739      12.6287
      219.19    -0.492486
     221.668      -12.931
     224.174     -11.8178
     226.709       1.7487
     229.272      13.2147
     231.865      9.98045
     234.486     -4.37031
     237.137     -13.4697
     239.819     -6.70588
      242.53      7.88366
     245.272      12.6246
     248.045      1.67846
      250.85     -11.1313
     253.686     -9.35256
     256.555      4.61497
     259.455      12.0664
     262.389      2.92678
     265.356     -10.0058
     268.356     -8.44408
      271.39      5.20153
     274.458      10.7957
     277.562     0.103659
       280.7     -10.3707
     283.874     -4.42459
     287.083      8.26143
     290.329      7.20027
     293.612     -5.57024
     296.931     -8.53458
     300.289      3.06498
     303.684        8.843
     307.118     -1.14313
      310.59     -8.57919
     314.102   -0.0782338
     317.653      8.08789
     321.245     0.628583
     324.877     -7.56721
      328.55    -0.596158
     332.265      7.07477
     336.022    0.0722311
     339.821     -6.55504
     343.663     0.834057
     347.549      5.87127
     351.478     -1.98235
     355.452     -4.85325
     359.471      3.14432
     363.536      3.37028
     367.646     -3.93837
     371.803     -1.45209
     376.006      4.11024
     380.258    -0.604186
     384.557     -3.24719
     388.905      2.21142
     393.302      1.50129
     397.749     -2.71272
     402.246     0.456068
     406.794      1.86326
     411.394      -1.6127
     416.045    -0.279408
     420.749      1.35268
     425.507    -0.786182
     430.318    -0.279147
     435.183      0.61971
     440.103    -0.253346
     445.079   -0.0433061
     450.112   -0.0976256
     455.201     0.289809
     460.348   -0.0332758
     465.553    -0.600634
     470.816      1.00229
      476.14    -0.644933
     481.523    -0.386331
     486.968      1.42601
     492.473     -1.73527
     498.042      1.02392
     503.673     0.379621
     509.368     -1.76162
     515.127      2.44656
     520.951     -2.12589
     526.841     0.947661
     532.798     0.621327
     538.822     -2.03758
     544.914      2.88894
     551.075     -3.00201
     557.306      2.43675
     563.607     -1.40647
      569.98     0.180795
     576.424       1.0021
     582.942     -1.97335
     589.533      2.65535
     596.198     -3.04073
     602.939      3.17158
     609.756     -3.11495
      616.65      2.94205
     623.623     -2.71684
     630.674      2.48688
     637.804     -2.28463
     645.016      2.12938
     652.309     -2.02502
     659.684      1.96636
     667.143     -1.94009
     674.686      1.92429
     682.314     -1.89217
     690.029      1.81419
     697.831     -1.66217
     705.721      1.41746
       713.7     -1.07958
     721.769     0.674736
      729.93    -0.258928
     738.183   -0.0882395
     746.529     0.287938
      754.97    -0.298854
     763.506     0.154259
     772.139    0.0255267
     780.869    -0.075672
     789.698     -0.11054
     798.627     0.464143
     807.656    -0.708625
     816.788     0.512701
     826.023      0.19696
     835.363    -0.996606
     844.808      1.14223
     854.359    -0.249971
     864.019     -1.05888
     873.788       1.4382
     883.668     -0.23425
     893.659     -1.35785
     903.763      1.31279
     913.982     0.513208
     924.316     -1.64921
     934.766     0.270453
     945.335      1.47174
     956.024    -0.657496
     966.833     -1.23849
     977.765     0.675587
      988.82      1.08896
        1000    -0.429178
