        0.01  1.39061e-09
   0.0101131  1.44635e-09
   0.0102274  1.50566e-09
    0.010343  1.56531e-09
     0.01046   1.6286e-09
   0.0105783  1.69553e-09
   0.0106979  1.76023e-09
   0.0108188  1.83217e-09
   0.0109411  1.90563e-09
   0.0110648  1.98121e-09
   0.0111899  2.06117e-09
   0.0113165  2.14458e-09
   0.0114444  2.23028e-09
   0.0115738   2.3199e-09
   0.0117047  2.41385e-09
    0.011837  2.51105e-09
   0.0119709  2.61235e-09
   0.0121062  2.71648e-09
   0.0122431  2.82524e-09
   0.0123815  2.93879e-09
   0.0125215  3.05615e-09
   0.0126631  3.17899e-09
   0.0128062  3.30692e-09
    0.012951  3.43925e-09
   0.0130975  3.57812e-09
   0.0132456  3.72125e-09
   0.0133953  3.86927e-09
   0.0135468  4.02621e-09
   0.0136999  4.18729e-09
   0.0138548  4.35585e-09
   0.0140115  4.52986e-09
   0.0141699  4.71237e-09
   0.0143301  4.90129e-09
   0.0144921  5.09753e-09
    0.014656  5.30234e-09
   0.0148217  5.51513e-09
   0.0149893  5.73602e-09
   0.0151588  5.96687e-09
   0.0153302  6.20679e-09
   0.0155035  6.45665e-09
   0.0156788  6.71444e-09
   0.0158561  6.98449e-09
   0.0160353  7.26379e-09
   0.0162166  7.55645e-09
      0.0164  7.85968e-09
   0.0165854  8.17464e-09
   0.0167729  8.50307e-09
   0.0169626  8.84517e-09
   0.0171544  9.19916e-09
   0.0173483  9.56816e-09
   0.0175445  9.95244e-09
   0.0177429  1.03526e-08
   0.0179435  1.07678e-08
   0.0181463  1.11997e-08
   0.0183515  1.16494e-08
    0.018559  1.21168e-08
   0.0187688  1.26039e-08
   0.0189811  1.31088e-08
   0.0191957  1.36356e-08
   0.0194127  1.41819e-08
   0.0196322   1.4751e-08
   0.0198542  1.53443e-08
   0.0200786  1.59589e-08
   0.0203057     1.66e-08
   0.0205353   1.7267e-08
   0.0207674  1.79594e-08
   0.0210022  1.86801e-08
   0.0212397    1.943e-08
   0.0214799  2.02099e-08
   0.0217227  2.10215e-08
   0.0219683  2.18641e-08
   0.0222167  2.27415e-08
   0.0224679  2.36541e-08
   0.0227219  2.46043e-08
   0.0229788  2.55915e-08
   0.0232387  2.66191e-08
   0.0235014   2.7688e-08
   0.0237671  2.87985e-08
   0.0240358  2.99545e-08
   0.0243076  3.11568e-08
   0.0245824  3.24075e-08
   0.0248604   3.3708e-08
   0.0251415  3.50611e-08
   0.0254257  3.64687e-08
   0.0257132  3.79316e-08
   0.0260039  3.94536e-08
   0.0262979  4.10376e-08
   0.0265953  4.26849e-08
    0.026896  4.43983e-08
   0.0272001  4.61803e-08
   0.0275076  4.80327e-08
   0.0278186  4.99606e-08
   0.0281332  5.19658e-08
   0.0284513  5.40523e-08
   0.0287729  5.62213e-08
   0.0290983  5.84783e-08
   0.0294273  6.08256e-08
     0.02976  6.32666e-08
   0.0300965  6.58056e-08
   0.0304368  6.84474e-08
   0.0307809  7.11936e-08
   0.0311289   7.4051e-08
   0.0314809  7.70231e-08
   0.0318368  8.01147e-08
   0.0321968  8.33301e-08
   0.0325608  8.66742e-08
    0.032929  9.01533e-08
   0.0333013  9.37723e-08
   0.0336778  9.75351e-08
   0.0340586  1.01449e-07
   0.0344437  1.05522e-07
   0.0348331  1.09756e-07
   0.0352269  1.14162e-07
   0.0356252  1.18743e-07
    0.036028  1.23509e-07
   0.0364354  1.28466e-07
   0.0368473  1.33622e-07
    0.037264  1.38986e-07
   0.0376853  1.44564e-07
   0.0381114  1.50366e-07
   0.0385423    1.564e-07
   0.0389781  1.62679e-07
   0.0394188  1.69208e-07
   0.0398645  1.75999e-07
   0.0403152  1.83062e-07
    0.040771  1.90409e-07
    0.041232  1.98051e-07
   0.0416982     2.06e-07
   0.0421697  2.14269e-07
   0.0426464  2.22867e-07
   0.0431286  2.31812e-07
   0.0436163  2.41117e-07
   0.0441094  2.50793e-07
   0.0446081  2.60858e-07
   0.0451125  2.71329e-07
   0.0456226   2.8222e-07
   0.0461384  2.93546e-07
   0.0466601  3.05328e-07
   0.0471876  3.17581e-07
   0.0477212  3.30329e-07
   0.0482607  3.43585e-07
   0.0488064  3.57377e-07
   0.0493582  3.71719e-07
   0.0499163  3.86639e-07
   0.0504807  4.02156e-07
   0.0510514  4.18296e-07
   0.0516286  4.35083e-07
   0.0522124  4.52548e-07
   0.0528027  4.70709e-07
   0.0533997  4.89601e-07
   0.0540035  5.09251e-07
   0.0546141  5.29691e-07
   0.0552316  5.50951e-07
   0.0558561  5.73064e-07
   0.0564876  5.96062e-07
   0.0571263  6.19986e-07
   0.0577722  6.44869e-07
   0.0584254  6.70752e-07
    0.059086  6.97672e-07
    0.059754  7.25671e-07
   0.0604296  7.54795e-07
   0.0611129  7.85091e-07
   0.0618039  8.16602e-07
   0.0625027  8.49377e-07
   0.0632093  8.83463e-07
    0.063924  9.18922e-07
   0.0646468  9.55804e-07
   0.0653777  9.94164e-07
   0.0661169  1.03406e-06
   0.0668645  1.07557e-06
   0.0676205  1.11874e-06
    0.068385  1.16363e-06
   0.0691582  1.21034e-06
   0.0699402  1.25892e-06
   0.0707309  1.30944e-06
   0.0715307    1.362e-06
   0.0723394  1.41666e-06
   0.0731573  1.47352e-06
   0.0739845  1.53266e-06
    0.074821  1.59417e-06
    0.075667  1.65815e-06
   0.0765225   1.7247e-06
   0.0773877  1.79392e-06
   0.0782627  1.86592e-06
   0.0791476  1.94081e-06
   0.0800424   2.0187e-06
   0.0809474  2.09972e-06
   0.0818627    2.184e-06
   0.0827883  2.27165e-06
   0.0837243  2.36282e-06
   0.0846709  2.45765e-06
   0.0856283  2.55629e-06
   0.0865964  2.65888e-06
   0.0875755   2.7656e-06
   0.0885657   2.8766e-06
   0.0895671  2.99205e-06
   0.0905798  3.11214e-06
   0.0916039  3.23704e-06
   0.0926396  3.36695e-06
   0.0936871  3.50209e-06
   0.0947464  3.64265e-06
   0.0958176  3.78884e-06
    0.096901  3.94091e-06
   0.0979966  4.09907e-06
   0.0991046  4.26359e-06
    0.100225  4.43468e-06
    0.101358  4.61264e-06
    0.102504  4.79776e-06
    0.103663  4.99032e-06
    0.104835   5.1906e-06
    0.106021  5.39904e-06
    0.107219  5.61559e-06
    0.108432  5.84111e-06
    0.109658  6.07554e-06
    0.110898  6.31941e-06
    0.112151  6.57286e-06
    0.113419  6.83664e-06
    0.114702  7.11116e-06
    0.115999  7.39659e-06
     0.11731  7.69332e-06
    0.118637  8.00224e-06
    0.119978  8.32331e-06
    0.121335  8.65748e-06
    0.122706  9.00472e-06
    0.124094  9.36628e-06
    0.125497  9.74216e-06
    0.126916  1.01332e-05
    0.128351  1.05399e-05
    0.129802  1.09628e-05
     0.13127  1.14029e-05
    0.132754  1.18605e-05
    0.134255  1.23365e-05
    0.135773  1.28316e-05
    0.137308  1.33466e-05
     0.13886  1.38821e-05
     0.14043  1.44392e-05
    0.142018  1.50188e-05
    0.143624  1.56216e-05
    0.145248  1.62486e-05
     0.14689  1.69007e-05
    0.148551   1.7579e-05
     0.15023  1.82843e-05
    0.151929  1.90183e-05
    0.153647  1.97816e-05
    0.155384  2.05755e-05
    0.157141  2.14013e-05
    0.158918  2.22603e-05
    0.160714  2.31533e-05
    0.162531  2.40825e-05
    0.164369  2.50492e-05
    0.166228  2.60548e-05
    0.168107  2.71002e-05
    0.170008   2.8188e-05
     0.17193  2.93191e-05
    0.173874  3.04958e-05
     0.17584  3.17198e-05
    0.177828  3.29927e-05
    0.179839   3.4317e-05
    0.181872   3.5694e-05
    0.183928  3.71263e-05
    0.186008  3.86166e-05
    0.188111  4.01663e-05
    0.190238  4.17784e-05
    0.192389  4.34551e-05
    0.194564  4.51989e-05
    0.196764  4.70129e-05
    0.198989  4.88999e-05
    0.201238  5.08616e-05
    0.203514  5.29034e-05
    0.205815  5.50265e-05
    0.208142  5.72348e-05
    0.210495  5.95314e-05
    0.212875  6.19206e-05
    0.215282  6.44057e-05
    0.217716  6.69903e-05
    0.220178  6.96792e-05
    0.222667   7.2475e-05
    0.225185   7.5384e-05
    0.227731  7.84092e-05
    0.230306  8.15561e-05
     0.23291  8.48291e-05
    0.235543  8.82329e-05
    0.238206  9.17735e-05
      0.2409  9.54575e-05
    0.243623  9.92872e-05
    0.246378  0.000103272
    0.249163  0.000107416
    0.251981  0.000111728
     0.25483  0.000116211
    0.257711  0.000120875
    0.260625  0.000125726
    0.263571   0.00013077
    0.266552  0.000136019
    0.269565  0.000141476
    0.272613  0.000147154
    0.275696  0.000153061
    0.278813  0.000159203
    0.281965   0.00016559
    0.285153  0.000172235
    0.288377  0.000179147
    0.291638  0.000186337
    0.294935  0.000193813
     0.29827  0.000201592
    0.301642   0.00020968
    0.305053  0.000218096
    0.308502  0.000226847
     0.31199   0.00023595
    0.315517  0.000245417
    0.319085  0.000255267
    0.322693  0.000265511
    0.326341  0.000276163
    0.330031  0.000287246
    0.333762  0.000298771
    0.337536   0.00031076
    0.341353  0.000323232
    0.345212  0.000336201
    0.349115  0.000349691
    0.353062  0.000363722
    0.357054  0.000378317
    0.361091  0.000393497
    0.365174  0.000409287
    0.369303  0.000425711
    0.373479  0.000442794
    0.377701  0.000460558
    0.381972   0.00047904
    0.386291  0.000498263
    0.390658  0.000518252
    0.395075  0.000539047
    0.399542  0.000560676
    0.404059   0.00058317
    0.408628  0.000606571
    0.413248  0.000630907
    0.417921  0.000656224
    0.422646  0.000682552
    0.427424  0.000709934
    0.432257   0.00073842
    0.437144  0.000768044
    0.442087  0.000798861
    0.447086  0.000830916
    0.452141  0.000864253
    0.457253  0.000898926
    0.462423  0.000934991
    0.467651  0.000972499
    0.472939   0.00101152
    0.478286    0.0010521
    0.483694   0.00109431
    0.489162    0.0011382
    0.494693   0.00118387
    0.500286   0.00123136
    0.505943   0.00128076
    0.511663   0.00133213
    0.517449   0.00138558
    0.523299   0.00144116
    0.529216   0.00149898
    0.535199    0.0015591
    0.541251   0.00162165
     0.54737   0.00168669
    0.553559   0.00175435
    0.559818   0.00182473
    0.566148   0.00189793
    0.572549   0.00197405
    0.579022   0.00205323
    0.585569   0.00213559
     0.59219   0.00222125
    0.598885   0.00231033
    0.605657   0.00240301
    0.612505   0.00249939
     0.61943   0.00259963
    0.626434    0.0027039
    0.633516   0.00281233
    0.640679   0.00292512
    0.647923   0.00304243
    0.655249   0.00316445
    0.662657   0.00329135
     0.67015   0.00342335
    0.677727   0.00356063
     0.68539   0.00370342
    0.693139   0.00385192
    0.700976   0.00400639
    0.708902   0.00416705
    0.716917   0.00433413
    0.725023   0.00450792
     0.73322   0.00468866
     0.74151   0.00487665
    0.749894   0.00507218
    0.758373   0.00527555
    0.766947   0.00548705
    0.775619   0.00570705
    0.784389   0.00593586
    0.793257    0.0061738
    0.802226    0.0064213
    0.811297   0.00667874
     0.82047   0.00694647
    0.829746    0.0072249
    0.839128   0.00751452
    0.848615    0.0078157
     0.85821   0.00812897
    0.867914   0.00845481
    0.877727   0.00879367
    0.887651    0.0091461
    0.897687   0.00951264
    0.907837   0.00989388
    0.918101    0.0102903
    0.928482    0.0107027
     0.93898    0.0111316
    0.949596    0.0115776
    0.960333    0.0120415
    0.971191     0.012524
    0.982172    0.0130258
    0.993277    0.0135477
     1.00451    0.0140905
     1.01586    0.0146546
     1.02735    0.0152419
     1.03897    0.0158527
     1.05071    0.0164873
     1.06259    0.0171476
     1.07461    0.0178348
     1.08676     0.018549
     1.09905     0.019292
     1.11147    0.0200642
     1.12404    0.0208678
     1.13675    0.0217035
      1.1496    0.0225723
      1.1626    0.0234762
     1.17574    0.0244157
     1.18904    0.0253936
     1.20248    0.0264098
     1.21608    0.0274673
     1.22983    0.0285667
     1.24373    0.0297096
     1.25779    0.0308984
     1.27201    0.0321348
      1.2864    0.0334214
     1.30094    0.0347582
     1.31565     0.036149
     1.33053    0.0375957
     1.34557    0.0390993
     1.36078    0.0406629
     1.37617    0.0422898
     1.39173    0.0439812
     1.40746    0.0457394
     1.42338    0.0475692
     1.43947    0.0494709
     1.45575    0.0514494
     1.47221    0.0535063
     1.48885    0.0556445
     1.50569    0.0578695
     1.52271    0.0601818
     1.53993    0.0625873
     1.55734    0.0650881
     1.57495     0.067689
     1.59275    0.0703922
     1.61076    0.0732044
     1.62897     0.076128
     1.64739    0.0791688
     1.66602     0.082331
     1.68485    0.0856172
      1.7039    0.0890355
     1.72317    0.0925907
     1.74265    0.0962859
     1.76236      0.10013
     1.78228     0.104124
     1.80243     0.108279
     1.82281     0.112598
     1.84342      0.11709
     1.86427     0.121762
     1.88534     0.126615
     1.90666     0.131664
     1.92822     0.136914
     1.95002     0.142371
     1.97207     0.148045
     1.99437     0.153945
     2.01691     0.160076
     2.03972     0.166454
     2.06278     0.173082
      2.0861     0.179973
     2.10969      0.18714
     2.13354     0.194588
     2.15767     0.202334
     2.18206     0.210383
     2.20673     0.218752
     2.23168     0.227452
     2.25692       0.2365
     2.28244     0.245903
     2.30824     0.255675
     2.33434     0.265836
     2.36073     0.276397
     2.38742     0.287375
     2.41442      0.29879
     2.44172     0.310653
     2.46932     0.322981
     2.49724     0.335798
     2.52548     0.349122
     2.55403     0.362966
     2.58291      0.37736
     2.61211     0.392316
     2.64165     0.407867
     2.67152     0.424026
     2.70172     0.440817
     2.73227     0.458272
     2.76316     0.476409
      2.7944     0.495258
       2.826     0.514851
     2.85795     0.535208
     2.89026     0.556362
     2.92294     0.578347
     2.95599     0.601193
     2.98941      0.62493
     3.02321     0.649597
      3.0574     0.675233
     3.09196     0.701858
     3.12692     0.729529
     3.16228     0.758283
     3.19803     0.788149
     3.23419     0.819183
     3.27076     0.851427
     3.30774      0.88492
     3.34514     0.919718
     3.38296     0.955863
     3.42121     0.993414
     3.45989      1.03242
     3.49901      1.07293
     3.53857      1.11502
     3.57858      1.15873
     3.61904      1.20413
     3.65996      1.25129
     3.70134      1.30026
     3.74319      1.35112
     3.78552      1.40394
     3.82832      1.45879
      3.8716      1.51574
     3.91538      1.57489
     3.95964      1.63629
     4.00441      1.70005
     4.04969      1.76626
     4.09548      1.83499
     4.14178      1.90633
     4.18861      1.98041
     4.23597       2.0573
     4.28387      2.13713
      4.3323      2.21997
     4.38129      2.30597
     4.43082       2.3952
     4.48092      2.48783
     4.53158      2.58394
     4.58282       2.6837
     4.63464      2.78721
     4.68704       2.8946
     4.74003      3.00601
     4.79363      3.12163
     4.84782      3.24153
     4.90264      3.36596
     4.95807        3.495
     5.01413      3.62885
     5.07082      3.76766
     5.12815      3.91162
     5.18613      4.06091
     5.24477      4.21573
     5.30407      4.37625
     5.36404      4.54267
     5.42469       4.7152
     5.48603      4.89407
     5.54805      5.07943
     5.61078      5.27158
     5.67422      5.47071
     5.73838      5.67708
     5.80326      5.89091
     5.86887      6.11243
     5.93523      6.34196
     6.00234      6.57973
      6.0702      6.82598
     6.13883      7.08103
     6.20824      7.34518
     6.27844      7.61871
     6.34942      7.90187
     6.42121      8.19504
     6.49382      8.49855
     6.56724      8.81264
     6.64149       9.1377
     6.71658      9.47405
     6.79253      9.82211
     6.86932      10.1821
     6.94699      10.5545
     7.02554      10.9397
     7.10497      11.3379
     7.18531      11.7498
     7.26655      12.1755
     7.34871      12.6155
      7.4318      13.0703
     7.51582      13.5402
      7.6008      14.0257
     7.68674      14.5272
     7.77365      15.0452
     7.86154      15.5801
     7.95043      16.1323
     8.04032      16.7023
     8.13123      17.2906
     8.22317      17.8976
     8.31614      18.5238
     8.41017      19.1697
     8.50526      19.8358
     8.60142      20.5225
     8.69868      21.2303
     8.79703      21.9597
     8.89649      22.7112
     8.99708      23.4853
     9.09881      24.2824
     9.20168      25.1029
     9.30572      25.9475
     9.41094      26.8166
     9.51734      27.7105
     9.62495      28.6297
     9.73377      29.5747
     9.84383       30.546
     9.95513      31.5439
     10.0677      32.5688
     10.1815      33.6208
     10.2966      34.7006
     10.4131      35.8094
     10.5308      36.9455
     10.6499      38.1109
     10.7703      39.3047
      10.892       40.527
     11.0152      41.7799
     11.1397      43.0613
     11.2657      44.3731
     11.3931      45.7143
     11.5219      47.0847
     11.6522       48.485
     11.7839       49.914
     11.9171      51.3724
     12.0519      52.8608
     12.1881      54.3766
     12.3259      55.9213
     12.4653      57.4944
     12.6063      59.0951
     12.7488      60.7214
     12.8929      62.3735
     13.0387      64.0516
     13.1861      65.7533
     13.3352      67.4786
      13.486       69.226
     13.6385      70.9941
     13.7927      72.7812
     13.9486      74.5855
     14.1063      76.4064
     14.2658      78.2417
     14.4271      80.0892
     14.5902      81.9466
     14.7552      83.8124
      14.922      85.6829
     15.0908      87.5574
     15.2614      89.4306
     15.4339      91.3005
     15.6084      93.1646
     15.7849      95.0193
     15.9634      96.8609
     16.1439      98.6854
     16.3264      100.488
      16.511      102.267
     16.6977      104.016
     16.8865       105.73
     17.0774      107.406
     17.2705      109.038
     17.4658      110.621
     17.6632      112.149
     17.8629      113.617
     18.0649      115.019
     18.2692       116.35
     18.4757      117.602
     18.6846       118.77
     18.8959      119.847
     19.1095      120.827
     19.3256      121.703
     19.5441      122.467
     19.7651      123.114
     19.9885      123.635
     20.2145      124.024
     20.4431      124.275
     20.6742      124.378
      20.908      124.329
     21.1444      124.119
     21.3835      123.742
     21.6252      123.191
     21.8697       122.46
      22.117      121.542
     22.3671      120.431
       22.62      119.121
     22.8757      117.608
     23.1344      115.885
     23.3959       113.95
     23.6605      111.796
      23.928      109.423
     24.1985      106.827
     24.4721      104.005
     24.7488      100.956
     25.0287      97.6804
     25.3116      94.1803
     25.5978      90.4543
     25.8873      86.5053
     26.1799      82.3404
      26.476       77.959
     26.7753      73.3722
      27.078      68.5848
     27.3842      63.6043
     27.6938      58.4428
     28.0069      53.1106
     28.3236      47.6193
     28.6438      41.9854
     28.9677      36.2215
     29.2952      30.3472
     29.6265       24.378
     29.9614      18.3379
     30.3002      12.2435
     30.6428      6.11976
     30.9892  -0.00873867
     31.3396     -6.11989
      31.694     -12.1869
     32.0523     -18.1802
     32.4147     -24.0748
     32.7812     -29.8413
     33.1519     -35.4513
     33.5267     -40.8732
     33.9058     -46.0798
     34.2891     -51.0393
     34.6768     -55.7246
     35.0689     -60.1062
     35.4654     -64.1555
     35.8664     -67.8464
     36.2719     -71.1527
      36.682      -74.051
     37.0968     -76.5197
     37.5162      -78.538
     37.9404     -80.0898
     38.3693       -81.16
     38.8032     -81.7381
     39.2419     -81.8157
     39.6856     -81.3889
     40.1343     -80.4575
     40.5881      -79.025
      41.047     -77.0996
     41.5111     -74.6937
     41.9804     -71.8245
     42.4551     -68.5123
     42.9351     -64.7842
     43.4205     -60.6701
     43.9115     -56.2034
      44.408      -51.424
     44.9101     -46.3741
     45.4178     -41.1001
     45.9314     -35.6486
     46.4507     -30.0738
     46.9759     -24.4277
      47.507     -18.7663
     48.0442     -13.1436
     48.5874     -7.61748
     49.1367     -2.24254
     49.6923      2.92875
     50.2541      7.84341
     50.8223      12.4543
      51.397      16.7171
     51.9781      20.5908
     52.5658      24.0419
     53.1601      27.0417
     53.7612      29.5692
      54.369      31.6091
     54.9838      33.1553
     55.6054      34.2078
     56.2341      34.7759
     56.8699       34.876
     57.5129       34.532
     58.1632      33.7753
     58.8208      32.6437
     59.4859      31.1806
     60.1585      29.4345
     60.8387      27.4574
     61.5265      25.3045
     62.2222      23.0298
     62.9257      20.6894
     63.6372      18.3361
     64.3567      16.0202
     65.0843      13.7858
     65.8202      11.6717
     66.5644      9.70929
      67.317      7.92005
     68.0782      6.31703
     68.8479       4.9037
     69.6263      3.67293
     70.4136        2.608
     71.2097      1.68354
     72.0148     0.865884
     72.8291     0.115075
     73.6525    -0.612992
     74.4853     -1.36487
     75.3274     -2.18622
     76.1791     -3.11969
     77.0404     -4.20127
     77.9115     -5.45793
     78.7924     -6.90421
     79.6833     -8.54037
     80.5842     -10.3497
     81.4953     -12.2976
     82.4168     -14.3312
     83.3486     -16.3784
      84.291      -18.351
      85.244     -20.1458
     86.2079     -21.6494
     87.1826     -22.7418
     88.1683     -23.3032
     89.1652     -23.2206
     90.1733      -22.395
     91.1929     -20.7493
      92.224     -18.2361
     93.2667     -14.8451
     94.3212     -10.6089
     95.3877     -5.60797
     96.4662    0.0271828
     97.5569      6.11458
     98.6599      12.4246
     99.7754      18.6868
     100.904      24.6004
     102.044      29.8349
     103.198      34.0794
     104.365      37.0139
     105.545       38.373
     106.738      37.9423
     107.945      35.5869
     109.166      31.2686
       110.4      25.0685
     111.648      17.1822
     112.911      7.92599
     114.187     -2.24226
     115.478      -12.791
     116.784     -23.0943
     118.104     -32.4741
      119.44     -40.2703
      120.79      -45.844
     122.156      -48.674
     123.537     -48.3759
     124.934     -44.7641
     126.346      -37.884
     127.775     -28.0251
      129.22     -15.7481
     130.681     -1.85138
     132.158      12.6699
     133.652      26.6937
     135.163       39.039
     136.692      48.5789
     138.237      54.3275
       139.8      55.5847
     141.381      51.9949
     142.979      43.6389
     144.596      31.0459
     146.231      15.2151
     147.884      -2.4613
     149.556     -20.3149
     151.247     -36.5297
     152.957     -49.3378
     154.687     -57.2251
     156.436     -59.1116
     158.204      -54.538
     159.993     -43.7498
     161.802     -27.7518
     163.632     -8.23093
     165.482      12.5654
     167.353      32.1127
     169.245      47.8833
     171.158       57.698
     173.094      60.0508
     175.051      54.3601
      177.03       41.154
     179.032      22.0478
     181.056    -0.374656
     183.103     -22.9086
     185.173     -42.1531
     187.267     -55.0479
     189.384     -59.3734
     191.525     -54.2032
     193.691     -40.1298
     195.881     -19.3002
     198.096      4.87393
     200.335      28.2084
     202.601      46.5136
     204.891      56.2889
     207.208      55.5283
     209.551      44.1525
      211.92      24.1887
     214.316    -0.530251
     216.739     -25.0248
      219.19     -44.1669
     221.668     -53.7629
     224.174     -51.5725
     226.709     -37.9074
     229.272     -15.7375
     231.865      9.88445
     234.486      32.8664
     237.137      47.5932
     239.819        50.31
      242.53      40.2179
     245.272      19.8421
     248.045     -5.47144
      250.85      -28.881
     253.686     -43.8697
     256.555     -46.1674
     259.455     -35.0778
     262.389     -13.8638
     265.356      11.0512
     268.356      31.9599
      271.39      42.2791
     274.458      38.7266
     277.562      22.5439
       280.7    -0.723084
     283.874      -23.023
     287.083     -36.5293
     290.329     -36.5106
     293.612     -23.1536
     296.931     -1.67083
     300.289      19.6027
     303.684       32.358
     307.118      31.7027
      310.59      18.2229
     314.102     -2.15317
     317.653     -20.5825
     321.245     -29.1531
     324.877     -24.4053
      328.55      -8.9704
     332.265      9.62435
     336.022       22.503
     339.821      23.7535
     343.663      13.3462
     347.549     -2.89795
     351.478     -16.3612
     355.452     -20.2268
     359.471     -13.0914
     363.536     0.388796
     367.646      12.1501
     371.803      16.0413
     376.006       10.265
     380.258    -0.727247
     384.557     -9.82657
     388.905     -11.7446
     393.302     -6.22486
     397.749      2.20664
     402.246      7.69341
     406.794      7.16761
     411.394       2.1506
     416.045     -2.99052
     420.749     -4.65307
     425.507     -2.65806
     430.318     0.299919
     435.183       1.5422
     440.103     0.835548
     445.079     0.065274
     450.112     0.670542
     455.201      1.73814
     460.348      1.06146
     465.553     -1.82062
     470.816     -4.19825
      476.14     -2.69659
     481.523       2.4401
     486.968      6.33766
     492.473      4.08243
     498.042     -3.22921
     503.673     -8.20933
     509.368     -4.63029
     515.127      4.74766
     520.951      9.71877
     526.841       3.7786
     532.798     -7.18925
     538.822     -10.3176
     544.914     -1.01638
     551.075      10.0579
     557.306      8.94494
     563.607     -3.66071
      569.98     -11.8438
     576.424      -4.5386
     582.942      8.92009
     589.533      10.2498
     596.198      -2.5954
     602.939      -11.598
     609.756     -3.86119
      616.65       9.2034
     623.623      8.21779
     630.674     -4.95035
     637.804     -9.84628
     645.016     0.673757
     652.309      9.28796
     659.684       2.5093
     667.143     -7.53884
     674.686     -4.26011
     682.314      5.49367
     690.029      4.75115
     697.831     -3.70948
     705.721     -4.35189
       713.7      2.39385
     721.769      3.42255
      729.93     -1.50628
     738.183     -2.23079
     746.529     0.863402
      754.97     0.967897
     763.506     -0.22694
     772.139     0.190735
     780.869    -0.621514
     789.698     -1.01448
     798.627      1.78855
     807.656      1.18904
     816.788     -3.14735
     826.023    -0.390625
     835.363       4.2275
     844.808     -1.47975
     854.359      -4.2446
     864.019      3.94258
     873.788      2.46386
     883.668     -5.73163
     893.659      1.04644
     903.763      5.20107
     913.982      -4.7085
     924.316     -1.68766
     934.766       5.8256
     945.335     -3.07524
     956.024     -2.82983
     966.833      5.19203
     977.765     -2.09967
      988.82      -2.5135
        1000       4.0485
