        0.01  0.000229418
   0.0101131  0.000233321
   0.0102274  0.000237288
    0.010343  0.000241323
     0.01046  0.000245429
   0.0105783  0.000249604
   0.0106979  0.000253849
   0.0108188  0.000258165
   0.0109411  0.000262555
   0.0110648   0.00026702
   0.0111899  0.000271561
   0.0113165  0.000276183
   0.0114444  0.000280878
   0.0115738  0.000285655
   0.0117047  0.000290515
    0.011837  0.000295455
   0.0119709  0.000300482
   0.0121062  0.000305591
   0.0122431  0.000310789
   0.0123815  0.000316073
   0.0125215  0.000321449
   0.0126631  0.000326918
   0.0128062  0.000332475
    0.012951   0.00033813
   0.0130975  0.000343883
   0.0132456  0.000349732
   0.0133953  0.000355678
   0.0135468  0.000361729
   0.0136999  0.000367878
   0.0138548  0.000374135
   0.0140115    0.0003805
   0.0141699  0.000386971
   0.0143301  0.000393552
   0.0144921  0.000400244
    0.014656  0.000407053
   0.0148217  0.000413976
   0.0149893  0.000421018
   0.0151588  0.000428179
   0.0153302  0.000435462
   0.0155035  0.000442866
   0.0156788  0.000450399
   0.0158561   0.00045806
   0.0160353  0.000465848
   0.0162166   0.00047377
      0.0164   0.00048183
   0.0165854  0.000490024
   0.0167729  0.000498357
   0.0169626  0.000506835
   0.0171544  0.000515456
   0.0173483   0.00052422
   0.0175445  0.000533138
   0.0177429  0.000542207
   0.0179435  0.000551428
   0.0181463  0.000560803
   0.0183515  0.000570342
    0.018559  0.000580043
   0.0187688  0.000589906
   0.0189811  0.000599943
   0.0191957  0.000610146
   0.0194127  0.000620522
   0.0196322  0.000631076
   0.0198542   0.00064181
   0.0200786  0.000652722
   0.0203057  0.000663827
   0.0205353  0.000675118
   0.0207674  0.000686596
   0.0210022  0.000698273
   0.0212397  0.000710151
   0.0214799  0.000722232
   0.0217227  0.000734512
   0.0219683  0.000747004
   0.0222167  0.000759709
   0.0224679   0.00077263
   0.0227219  0.000785769
   0.0229788  0.000799133
   0.0232387  0.000812729
   0.0235014  0.000826549
   0.0237671  0.000840606
   0.0240358  0.000854901
   0.0243076  0.000869443
   0.0245824  0.000884228
   0.0248604   0.00089927
   0.0251415  0.000914566
   0.0254257  0.000930117
   0.0257132  0.000945937
   0.0260039  0.000962024
   0.0262979  0.000978385
   0.0265953  0.000995028
    0.026896   0.00101195
   0.0272001   0.00102916
   0.0275076   0.00104666
   0.0278186   0.00106446
   0.0281332   0.00108257
   0.0284513   0.00110098
   0.0287729    0.0011197
   0.0290983   0.00113875
   0.0294273   0.00115812
     0.02976   0.00117782
   0.0300965   0.00119785
   0.0304368   0.00121822
   0.0307809   0.00123894
   0.0311289   0.00126001
   0.0314809   0.00128144
   0.0318368   0.00130323
   0.0321968    0.0013254
   0.0325608   0.00134794
    0.032929   0.00137087
   0.0333013   0.00139418
   0.0336778   0.00141789
   0.0340586   0.00144201
   0.0344437   0.00146654
   0.0348331   0.00149148
   0.0352269   0.00151684
   0.0356252   0.00154264
    0.036028   0.00156887
   0.0364354   0.00159556
   0.0368473   0.00162269
    0.037264    0.0016503
   0.0376853   0.00167836
   0.0381114   0.00170691
   0.0385423   0.00173594
   0.0389781   0.00176546
   0.0394188   0.00179549
   0.0398645   0.00182603
   0.0403152   0.00185708
    0.040771   0.00188866
    0.041232   0.00192079
   0.0416982   0.00195346
   0.0421697   0.00198668
   0.0426464   0.00202047
   0.0431286   0.00205483
   0.0436163   0.00208978
   0.0441094   0.00212532
   0.0446081   0.00216147
   0.0451125   0.00219823
   0.0456226   0.00223562
   0.0461384   0.00227364
   0.0466601   0.00231231
   0.0471876   0.00235163
   0.0477212   0.00239163
   0.0482607   0.00243231
   0.0488064   0.00247368
   0.0493582   0.00251575
   0.0499163   0.00255853
   0.0504807   0.00260205
   0.0510514    0.0026463
   0.0516286   0.00269131
   0.0522124   0.00273708
   0.0528027   0.00278363
   0.0533997   0.00283097
   0.0540035   0.00287912
   0.0546141   0.00292809
   0.0552316   0.00297789
   0.0558561   0.00302854
   0.0564876   0.00308005
   0.0571263   0.00313243
   0.0577722   0.00318571
   0.0584254   0.00323989
    0.059086   0.00329499
    0.059754   0.00335103
   0.0604296   0.00340802
   0.0611129   0.00346599
   0.0618039   0.00352494
   0.0625027   0.00358489
   0.0632093   0.00364585
    0.063924   0.00370786
   0.0646468   0.00377092
   0.0653777   0.00383506
   0.0661169   0.00390028
   0.0668645   0.00396662
   0.0676205   0.00403408
    0.068385   0.00410269
   0.0691582   0.00417246
   0.0699402   0.00424343
   0.0707309    0.0043156
   0.0715307     0.004389
   0.0723394   0.00446364
   0.0731573   0.00453956
   0.0739845   0.00461677
    0.074821   0.00469529
    0.075667   0.00477515
   0.0765225   0.00485636
   0.0773877   0.00493895
   0.0782627   0.00502295
   0.0791476   0.00510838
   0.0800424   0.00519526
   0.0809474   0.00528361
   0.0818627   0.00537348
   0.0827883   0.00546487
   0.0837243   0.00555781
   0.0846709   0.00565233
   0.0856283   0.00574847
   0.0865964   0.00584623
   0.0875755   0.00594566
   0.0885657   0.00604679
   0.0895671   0.00614963
   0.0905798   0.00625422
   0.0916039   0.00636059
   0.0926396   0.00646876
   0.0936871   0.00657879
   0.0947464   0.00669068
   0.0958176   0.00680447
    0.096901    0.0069202
   0.0979966   0.00703789
   0.0991046   0.00715759
    0.100225   0.00727931
    0.101358   0.00740309
    0.102504   0.00752899
    0.103663   0.00765705
    0.104835   0.00778727
    0.106021   0.00791979
    0.107219    0.0080544
    0.108432   0.00819147
    0.109658   0.00833078
    0.110898   0.00847249
    0.112151   0.00861648
    0.113419   0.00876302
    0.114702   0.00891213
    0.115999   0.00906372
     0.11731   0.00921781
    0.118637   0.00937465
    0.119978   0.00953405
    0.121335   0.00969625
    0.122706   0.00986106
    0.124094    0.0100288
    0.125497    0.0101994
    0.126916    0.0103729
    0.128351    0.0105493
    0.129802    0.0107287
     0.13127    0.0109112
    0.132754    0.0110967
    0.134255    0.0112855
    0.135773    0.0114774
    0.137308    0.0116726
     0.13886    0.0118711
     0.14043     0.012073
    0.142018    0.0122783
    0.143624    0.0124872
    0.145248    0.0126996
     0.14689    0.0129155
    0.148551    0.0131352
     0.15023    0.0133585
    0.151929    0.0135858
    0.153647    0.0138168
    0.155384    0.0140518
    0.157141    0.0142908
    0.158918    0.0145339
    0.160714     0.014781
    0.162531    0.0150323
    0.164369     0.015288
    0.166228    0.0155481
    0.168107    0.0158125
    0.170008    0.0160815
     0.17193    0.0163549
    0.173874    0.0166331
     0.17584     0.016916
    0.177828    0.0172037
    0.179839    0.0174963
    0.181872    0.0177938
    0.183928    0.0180964
    0.186008    0.0184042
    0.188111    0.0187172
    0.190238    0.0190356
    0.192389    0.0193593
    0.194564    0.0196885
    0.196764    0.0200234
    0.198989     0.020364
    0.201238    0.0207102
    0.203514    0.0210625
    0.205815    0.0214207
    0.208142     0.021785
    0.210495    0.0221554
    0.212875    0.0225323
    0.215282    0.0229155
    0.217716    0.0233052
    0.220178    0.0237016
    0.222667    0.0241046
    0.225185    0.0245146
    0.227731    0.0249316
    0.230306    0.0253556
     0.23291    0.0257868
    0.235543    0.0262253
    0.238206    0.0266713
      0.2409     0.027125
    0.243623    0.0275862
    0.246378    0.0280554
    0.249163    0.0285324
    0.251981    0.0290178
     0.25483    0.0295113
    0.257711    0.0300132
    0.260625    0.0305236
    0.263571    0.0310426
    0.266552    0.0315707
    0.269565    0.0321075
    0.272613    0.0326536
    0.275696     0.033209
    0.278813    0.0337738
    0.281965    0.0343481
    0.285153    0.0349322
    0.288377    0.0355263
    0.291638    0.0361305
    0.294935    0.0367449
     0.29827    0.0373699
    0.301642    0.0380053
    0.305053    0.0386518
    0.308502    0.0393091
     0.31199    0.0399776
    0.315517    0.0406574
    0.319085    0.0413489
    0.322693    0.0420521
    0.326341    0.0427672
    0.330031    0.0434946
    0.333762    0.0442341
    0.337536    0.0449865
    0.341353    0.0457516
    0.345212    0.0465296
    0.349115    0.0473208
    0.353062    0.0481255
    0.357054     0.048944
    0.361091    0.0497763
    0.365174    0.0506229
    0.369303    0.0514838
    0.373479    0.0523594
    0.377701    0.0532497
    0.381972    0.0541554
    0.386291    0.0550764
    0.390658    0.0560128
    0.395075    0.0569654
    0.399542    0.0579341
    0.404059    0.0589193
    0.408628    0.0599213
    0.413248    0.0609403
    0.417921    0.0619767
    0.422646    0.0630306
    0.427424    0.0641023
    0.432257    0.0651925
    0.437144     0.066301
    0.442087    0.0674286
    0.447086    0.0685754
    0.452141    0.0697415
    0.457253    0.0709274
    0.462423    0.0721336
    0.467651    0.0733601
    0.472939    0.0746077
    0.478286    0.0758763
    0.483694    0.0771666
    0.489162    0.0784786
    0.494693    0.0798132
    0.500286    0.0811703
    0.505943    0.0825507
    0.511663    0.0839543
    0.517449    0.0853821
    0.523299    0.0868338
    0.529216    0.0883105
    0.535199     0.089812
    0.541251    0.0913393
     0.54737    0.0928923
    0.553559    0.0944718
    0.559818    0.0960783
    0.566148    0.0977121
    0.572549    0.0993735
    0.579022     0.101063
    0.585569     0.102782
     0.59219     0.104529
    0.598885     0.106306
    0.605657     0.108114
    0.612505     0.109952
     0.61943     0.111822
    0.626434     0.113723
    0.633516     0.115657
    0.640679     0.117623
    0.647923     0.119623
    0.655249     0.121657
    0.662657     0.123725
     0.67015     0.125829
    0.677727     0.127968
     0.68539     0.130144
    0.693139     0.132357
    0.700976     0.134607
    0.708902     0.136896
    0.716917     0.139223
    0.725023      0.14159
     0.73322     0.143997
     0.74151     0.146445
    0.749894     0.148935
    0.758373     0.151467
    0.766947     0.154042
    0.775619     0.156661
    0.784389     0.159324
    0.793257     0.162032
    0.802226     0.164787
    0.811297     0.167588
     0.82047     0.170437
    0.829746     0.173334
    0.839128     0.176281
    0.848615     0.179278
     0.85821     0.182325
    0.867914     0.185424
    0.877727     0.188576
    0.887651     0.191782
    0.897687     0.195042
    0.907837     0.198357
    0.918101     0.201728
    0.928482     0.205157
     0.93898     0.208644
    0.949596      0.21219
    0.960333     0.215797
    0.971191     0.219465
    0.982172     0.223195
    0.993277     0.226988
     1.00451     0.230847
     1.01586     0.234767
     1.02735     0.238759
     1.03897     0.242818
     1.05071     0.246942
     1.06259     0.251138
     1.07461     0.255408
     1.08676     0.259748
     1.09905     0.264163
     1.11147     0.268649
     1.12404     0.273216
     1.13675     0.277858
      1.1496     0.282579
      1.1626     0.287381
     1.17574     0.292262
     1.18904      0.29723
     1.20248     0.302278
     1.21608     0.307415
     1.22983     0.312638
     1.24373     0.317948
     1.25779     0.323348
     1.27201     0.328841
      1.2864      0.33443
     1.30094     0.340109
     1.31565     0.345887
     1.33053     0.351764
     1.34557     0.357737
     1.36078     0.363812
     1.37617     0.369993
     1.39173     0.376277
     1.40746     0.382665
     1.42338     0.389167
     1.43947     0.395774
     1.45575     0.402497
     1.47221     0.409332
     1.48885     0.416281
     1.50569     0.423352
     1.52271     0.430538
     1.53993      0.43785
     1.55734     0.445283
     1.57495     0.452844
     1.59275     0.460528
     1.61076     0.468347
     1.62897     0.476296
     1.64739     0.484382
     1.66602     0.492606
     1.68485     0.500964
      1.7039     0.509466
     1.72317     0.518115
     1.74265     0.526906
     1.76236     0.535851
     1.78228     0.544941
     1.80243     0.554187
     1.82281      0.56359
     1.84342     0.573152
     1.86427     0.582879
     1.88534     0.592763
     1.90666      0.60282
     1.92822     0.613047
     1.95002     0.623444
     1.97207     0.634019
     1.99437     0.644773
     2.01691     0.655702
     2.03972     0.666824
     2.06278     0.678129
      2.0861     0.689625
     2.10969     0.701319
     2.13354     0.713206
     2.15767     0.725299
     2.18206      0.73759
     2.20673      0.75009
     2.23168     0.762801
     2.25692     0.775731
     2.28244     0.788877
     2.30824     0.802239
     2.33434     0.815831
     2.36073     0.829649
     2.38742     0.843701
     2.41442     0.857994
     2.44172     0.872525
     2.46932     0.887296
     2.49724      0.90232
     2.52548     0.917599
     2.55403      0.93313
     2.58291     0.948926
     2.61211     0.964984
     2.64165     0.981317
     2.67152     0.997923
     2.70172       1.0148
     2.73227      1.03197
     2.76316      1.04943
      2.7944      1.06717
       2.826      1.08522
     2.85795      1.10357
     2.89026      1.12223
     2.92294       1.1412
     2.95599      1.16049
     2.98941       1.1801
     3.02321      1.20003
      3.0574      1.22031
     3.09196      1.24092
     3.12692      1.26188
     3.16228      1.28319
     3.19803      1.30485
     3.23419      1.32688
     3.27076      1.34927
     3.30774      1.37204
     3.34514      1.39519
     3.38296      1.41873
     3.42121      1.44265
     3.45989      1.46698
     3.49901      1.49171
     3.53857      1.51685
     3.57858      1.54241
     3.61904       1.5684
     3.65996      1.59482
     3.70134      1.62168
     3.74319      1.64898
     3.78552      1.67675
     3.82832      1.70496
      3.8716      1.73365
     3.91538      1.76281
     3.95964      1.79245
     4.00441      1.82259
     4.04969      1.85323
     4.09548      1.88437
     4.14178      1.91602
     4.18861       1.9482
     4.23597      1.98091
     4.28387      2.01416
      4.3323      2.04796
     4.38129      2.08231
     4.43082      2.11723
     4.48092      2.15272
     4.53158      2.18879
     4.58282      2.22546
     4.63464      2.26274
     4.68704      2.30062
     4.74003      2.33911
     4.79363      2.37825
     4.84782      2.41801
     4.90264      2.45844
     4.95807      2.49951
     5.01413      2.54126
     5.07082      2.58369
     5.12815       2.6268
     5.18613      2.67062
     5.24477      2.71515
     5.30407       2.7604
     5.36404      2.80638
     5.42469      2.85311
     5.48603       2.9006
     5.54805      2.94884
     5.61078      2.99787
     5.67422      3.04769
     5.73838      3.09831
     5.80326      3.14974
     5.86887      3.20199
     5.93523      3.25508
     6.00234      3.30902
      6.0702      3.36382
     6.13883      3.41949
     6.20824      3.47605
     6.27844      3.53351
     6.34942      3.59188
     6.42121      3.65117
     6.49382      3.71141
     6.56724      3.77259
     6.64149      3.83474
     6.71658      3.89786
     6.79253      3.96198
     6.86932      4.02709
     6.94699      4.09323
     7.02554      4.16041
     7.10497      4.22862
     7.18531       4.2979
     7.26655      4.36825
     7.34871       4.4397
      7.4318      4.51224
     7.51582      4.58589
      7.6008      4.66069
     7.68674      4.73662
     7.77365      4.81372
     7.86154      4.89199
     7.95043      4.97146
     8.04032      5.05213
     8.13123      5.13402
     8.22317      5.21715
     8.31614      5.30152
     8.41017      5.38716
     8.50526      5.47408
     8.60142      5.56229
     8.69868      5.65182
     8.79703      5.74266
     8.89649      5.83485
     8.99708      5.92839
     9.09881      6.02331
     9.20168       6.1196
     9.30572      6.21729
     9.41094      6.31641
     9.51734      6.41694
     9.62495      6.51892
     9.73377      6.62235
     9.84383      6.72726
     9.95513      6.83366
     10.0677      6.94156
     10.1815      7.05094
     10.2966      7.16186
     10.4131      7.27441
     10.5308      7.38841
     10.6499      7.50403
     10.7703       7.6212
      10.892      7.73989
     11.0152      7.86031
     11.1397      7.98225
     11.2657      8.10592
     11.3931      8.23119
     11.5219      8.35808
     11.6522      8.48667
     11.7839      8.61685
     11.9171      8.74872
     12.0519      8.88238
     12.1881       9.0176
     12.3259      9.15459
     12.4653      9.29333
     12.6063      9.43382
     12.7488      9.57593
     12.8929      9.71976
     13.0387      9.86539
     13.1861      10.0127
     13.3352      10.1618
      13.486      10.3126
     13.6385      10.4652
     13.7927      10.6195
     13.9486      10.7755
     14.1063      10.9333
     14.2658      11.0928
     14.4271      11.2541
     14.5902      11.4171
     14.7552      11.5818
      14.922      11.7482
     15.0908      11.9164
     15.2614      12.0862
     15.4339      12.2577
     15.6084      12.4309
     15.7849      12.6057
     15.9634      12.7823
     16.1439      12.9604
     16.3264      13.1401
      16.511      13.3214
     16.6977      13.5043
     16.8865      13.6887
     17.0774      13.8746
     17.2705       14.062
     17.4658      14.2509
     17.6632      14.4411
     17.8629      14.6327
     18.0649      14.8258
     18.2692      15.0201
     18.4757      15.2157
     18.6846      15.4125
     18.8959      15.6106
     19.1095      15.8097
     19.3256      16.0099
     19.5441      16.2112
     19.7651      16.4134
     19.9885      16.6165
     20.2145      16.8205
     20.4431      17.0253
     20.6742      17.2307
      20.908      17.4369
     21.1444      17.6437
     21.3835      17.8509
     21.6252      18.0585
     21.8697      18.2665
      22.117      18.4747
     22.3671      18.6832
       22.62      18.8916
     22.8757         19.1
     23.1344      19.3084
     23.3959      19.5164
     23.6605      19.7242
      23.928      19.9315
     24.1985      20.1382
     24.4721      20.3443
     24.7488      20.5496
     25.0287      20.7541
     25.3116      20.9574
     25.5978      21.1595
     25.8873      21.3605
     26.1799      21.5598
      26.476      21.7578
     26.7753      21.9539
      27.078      22.1481
     27.3842      22.3404
     27.6938      22.5305
     28.0069      22.7182
     28.3236      22.9035
     28.6438      23.0862
     28.9677       23.266
     29.2952      23.4429
     29.6265      23.6167
     29.9614      23.7871
     30.3002       23.954
     30.6428      24.1174
     30.9892      24.2768
     31.3396      24.4323
      31.694      24.5836
     32.0523      24.7306
     32.4147       24.873
     32.7812      25.0107
     33.1519      25.1435
     33.5267      25.2712
     33.9058      25.3936
     34.2891      25.5106
     34.6768       25.622
     35.0689      25.7277
     35.4654      25.8273
     35.8664      25.9208
     36.2719       26.008
      36.682      26.0888
     37.0968      26.1629
     37.5162      26.2302
     37.9404      26.2906
     38.3693      26.3438
     38.8032      26.3898
     39.2419      26.4284
     39.6856      26.4595
     40.1343       26.483
     40.5881      26.4986
      41.047      26.5064
     41.5111      26.5062
     41.9804      26.4979
     42.4551      26.4814
     42.9351      26.4566
     43.4205      26.4235
     43.9115       26.382
      44.408       26.332
     44.9101      26.2736
     45.4178      26.2066
     45.9314      26.1311
     46.4507       26.047
     46.9759      25.9544
      47.507      25.8533
     48.0442      25.7437
     48.5874      25.6256
     49.1367      25.4992
     49.6923      25.3644
     50.2541      25.2214
     50.8223      25.0703
      51.397      24.9112
     51.9781      24.7441
     52.5658      24.5694
     53.1601       24.387
     53.7612      24.1972
      54.369      24.0002
     54.9838      23.7961
     55.6054      23.5853
     56.2341      23.3678
     56.8699       23.144
     57.5129      22.9141
     58.1632      22.6784
     58.8208      22.4371
     59.4859      22.1905
     60.1585       21.939
     60.8387      21.6828
     61.5265      21.4224
     62.2222      21.1579
     62.9257      20.8898
     63.6372      20.6184
     64.3567      20.3443
     65.0843      20.0671
     65.8202       19.788
     66.5644      19.5071
      67.317      19.2247
     68.0782      18.9412
     68.8479       18.657
     69.6263      18.3725
     70.4136      18.0881
     71.2097      17.8041
     72.0148      17.5209
     72.8291      17.2388
     73.6525      16.9583
     74.4853      16.6796
     75.3274      16.4031
     76.1791      16.1291
     77.0404       15.858
     77.9115      15.5899
     78.7924      15.3253
     79.6833      15.0642
     80.5842       14.807
     81.4953      14.5538
     82.4168      14.3048
     83.3486      14.0603
      84.291      13.8201
      85.244      13.5846
     86.2079      13.3535
     87.1826      13.1271
     88.1683      12.9052
     89.1652      12.6876
     90.1733      12.4744
     91.1929      12.2653
      92.224        12.06
     93.2667      11.8582
     94.3212      11.6597
     95.3877       11.464
     96.4662      11.2704
     97.5569      11.0785
     98.6599      10.8877
     99.7754      10.6973
     100.904      10.5065
     102.044      10.3146
     103.198      10.1211
     104.365       9.9232
     105.545      9.72186
     106.738      9.51533
     107.945       9.3023
     109.166      9.08156
       110.4      8.85202
     111.648      8.61222
     112.911      8.36059
     114.187      8.09618
     115.478      7.81675
     116.784      7.52174
     118.104      7.20959
      119.44      6.87843
      120.79      6.52745
     122.156      6.15485
     123.537      5.75971
     124.934      5.34113
     126.346      4.89746
     127.775      4.42771
      129.22      3.93152
     130.681      3.40902
     132.158      2.85807
     133.652      2.28013
     135.163      1.67477
     136.692      1.04206
     138.237     0.383607
       139.8    -0.300336
     141.381     -1.00835
     142.979     -1.73821
     144.596     -2.48869
     146.231     -3.25682
     147.884     -4.03972
     149.556     -4.83461
     151.247     -5.63786
     152.957     -6.44547
     154.687     -7.25355
     156.436     -8.05694
     158.204     -8.85063
     159.993     -9.63019
     161.802     -10.3896
     163.632     -11.1234
     165.482     -11.8253
     167.353     -12.4894
     169.245     -13.1096
     171.158     -13.6795
     173.094     -14.1934
     175.051     -14.6441
      177.03     -15.0268
     179.032     -15.3359
     181.056     -15.5648
     183.103     -15.7089
     185.173     -15.7637
     187.267     -15.7249
     189.384     -15.5892
     191.525     -15.3538
     193.691     -15.0166
     195.881     -14.5765
     198.096     -14.0335
     200.335     -13.3885
     202.601     -12.6429
     204.891     -11.8006
     207.208     -10.8649
     209.551      -9.8416
      211.92     -8.73787
     214.316     -7.56125
     216.739     -6.32065
      219.19     -5.02615
     221.668     -3.68985
     224.174     -2.32382
     226.709    -0.941078
     229.272     0.443446
     231.865      1.81577
     234.486      3.15928
     237.137      4.45916
     239.819       5.6999
      242.53      6.86479
     245.272      7.93931
     248.045      8.90873
      250.85      9.75955
     253.686      10.4786
     256.555      11.0562
     259.455      11.4819
     262.389      11.7491
     265.356      11.8528
     268.356      11.7906
      271.39      11.5627
     274.458      11.1723
     277.562       10.625
       280.7       9.9301
     283.874      9.09915
     287.083       8.1469
     290.329       7.0902
     293.612      5.94871
     296.931      4.74461
     300.289      3.50029
     303.684      2.24116
     307.118     0.991865
      310.59    -0.221754
     314.102     -1.37545
     317.653     -2.44509
     321.245     -3.40939
     324.877     -4.24855
      328.55     -4.94651
     332.265     -5.49074
     336.022     -5.87266
     339.821     -6.08824
     343.663     -6.13832
     347.549     -6.02844
     351.478     -5.76905
     355.452       -5.375
     359.471     -4.86536
     363.536     -4.26268
     367.646     -3.54873
     371.803     -2.88203
     376.006     -2.15946
     380.258     -1.45221
     384.557    -0.787053
     388.905    -0.187467
     393.302     0.326473
     397.749     0.739523
     402.246      1.04183
     406.794       1.2297
     411.394      1.30983
     416.045      1.27863
     420.749      1.16325
     425.507      0.97928
     430.318     0.750548
     435.183     0.503355
     440.103     0.264868
     445.079    0.0613194
     450.112   -0.0838557
     455.201    -0.151815
     460.348    -0.130033
     465.553   -0.0134851
     470.816     0.194451
      476.14     0.481929
     481.523     0.828619
     486.968      1.20729
     492.473      1.58494
     498.042      1.92583
     503.673      2.19348
     509.368      2.35443
     515.127      2.38103
     520.951      2.25451
     526.841      1.96741
     532.798      1.52525
     538.822     0.947375
     544.914     0.266335
     551.075    -0.473796
     557.306     -1.22037
     563.607      -1.9161
      569.98     -2.50423
     576.424     -2.93328
     582.942     -3.16316
     589.533     -3.16868
     596.198     -2.94368
     602.939     -2.50262
     609.756     -1.87999
      616.65     -1.12853
     623.623    -0.314306
     630.674     0.489339
     637.804      1.20964
     645.016      1.78233
     652.309      2.15849
     659.684      2.31106
     667.143      2.23816
     674.686      1.96355
     682.314       1.5339
     690.029      1.01266
     697.831     0.471686
     705.721    -0.018983
       713.7    -0.401222
     721.769    -0.637433
      729.93    -0.716173
     738.183    -0.653602
     746.529    -0.490361
      754.97    -0.283818
     763.506   -0.0970544
     772.139    0.0139292
     780.869    0.0121426
     789.698    -0.111496
     798.627    -0.334585
     807.656     -0.60607
     816.788    -0.855818
     826.023     -1.00906
     835.363     -1.00368
     844.808    -0.806275
     854.359    -0.423498
     864.019    0.0948626
     873.788     0.662106
     883.668      1.17068
     893.659      1.51448
     903.763      1.61363
     913.982       1.4349
     924.316      1.01601
     934.766     0.399709
     945.335    -0.254456
     956.024    -0.824977
     966.833     -1.19675
     977.765     -1.30301
      988.82     -1.14247
        1000    -0.779572
