        0.01  1.93646e-09
   0.0101131  2.01388e-09
   0.0102274  2.09473e-09
    0.010343  2.17879e-09
     0.01046  2.26577e-09
   0.0105783  2.35763e-09
   0.0106979  2.45205e-09
   0.0108188  2.55029e-09
   0.0109411  2.65267e-09
   0.0110648  2.75938e-09
   0.0111899  2.87004e-09
   0.0113165  2.98611e-09
   0.0114444  3.10547e-09
   0.0115738  3.23043e-09
   0.0117047  3.36007e-09
    0.011837  3.49438e-09
   0.0119709  3.63346e-09
   0.0121062  3.78061e-09
   0.0122431  3.93136e-09
   0.0123815  4.09004e-09
   0.0125215  4.25404e-09
   0.0126631  4.42535e-09
   0.0128062  4.60261e-09
    0.012951  4.78668e-09
   0.0130975  4.97915e-09
   0.0132456  5.17989e-09
   0.0133953    5.387e-09
   0.0135468  5.60363e-09
   0.0136999  5.82779e-09
   0.0138548  6.06164e-09
   0.0140115  6.30536e-09
   0.0141699  6.55849e-09
   0.0143301  6.82199e-09
   0.0144921  7.09552e-09
    0.014656  7.38019e-09
   0.0148217  7.67587e-09
   0.0149893   7.9845e-09
   0.0151588   8.3052e-09
   0.0153302  8.63878e-09
   0.0155035   8.9853e-09
   0.0156788   9.3459e-09
   0.0158561  9.72049e-09
   0.0160353  1.01115e-08
   0.0162166  1.05166e-08
      0.0164  1.09387e-08
   0.0165854   1.1378e-08
   0.0167729  1.18346e-08
   0.0169626  1.23091e-08
   0.0171544  1.28044e-08
   0.0173483  1.33171e-08
   0.0175445   1.3852e-08
   0.0177429  1.44076e-08
   0.0179435   1.4987e-08
   0.0181463  1.55874e-08
   0.0183515  1.62136e-08
    0.018559  1.68643e-08
   0.0187688  1.75405e-08
   0.0189811  1.82445e-08
   0.0191957  1.89776e-08
   0.0194127  1.97392e-08
   0.0196322  2.05309e-08
   0.0198542  2.13544e-08
   0.0200786  2.22117e-08
   0.0203057   2.3104e-08
   0.0205353  2.40307e-08
   0.0207674  2.49961e-08
   0.0210022  2.59989e-08
   0.0212397  2.70421e-08
   0.0214799  2.81281e-08
   0.0217227  2.92572e-08
   0.0219683   3.0431e-08
   0.0222167  3.16519e-08
   0.0224679  3.29226e-08
   0.0227219  3.42439e-08
   0.0229788  3.56182e-08
   0.0232387  3.70479e-08
   0.0235014  3.85351e-08
   0.0237671  4.00804e-08
   0.0240358  4.16902e-08
   0.0243076   4.3363e-08
   0.0245824  4.51038e-08
   0.0248604  4.69135e-08
   0.0251415  4.87974e-08
   0.0254257  5.07546e-08
   0.0257132  5.27928e-08
   0.0260039  5.49106e-08
   0.0262979  5.71147e-08
   0.0265953  5.94075e-08
    0.026896  6.17918e-08
   0.0272001  6.42724e-08
   0.0275076  6.68519e-08
   0.0278186  6.95339e-08
   0.0281332  7.23258e-08
   0.0284513  7.52278e-08
   0.0287729  7.82474e-08
   0.0290983  8.13884e-08
   0.0294273  8.46546e-08
     0.02976  8.80523e-08
   0.0300965  9.15861e-08
   0.0304368  9.52624e-08
   0.0307809  9.90851e-08
   0.0311289  1.03062e-07
   0.0314809  1.07199e-07
   0.0318368  1.11501e-07
   0.0321968  1.15977e-07
   0.0325608  1.20631e-07
    0.032929  1.25473e-07
   0.0333013  1.30508e-07
   0.0336778  1.35746e-07
   0.0340586  1.41194e-07
   0.0344437  1.46861e-07
   0.0348331  1.52755e-07
   0.0352269  1.58886e-07
   0.0356252  1.65262e-07
    0.036028  1.71895e-07
   0.0364354  1.78795e-07
   0.0368473  1.85971e-07
    0.037264  1.93436e-07
   0.0376853    2.012e-07
   0.0381114  2.09274e-07
   0.0385423  2.17673e-07
   0.0389781   2.2641e-07
   0.0394188  2.35497e-07
   0.0398645  2.44949e-07
   0.0403152   2.5478e-07
    0.040771  2.65005e-07
    0.041232  2.75641e-07
   0.0416982  2.86704e-07
   0.0421697  2.98212e-07
   0.0426464  3.10178e-07
   0.0431286  3.22628e-07
   0.0436163  3.35578e-07
   0.0441094  3.49045e-07
   0.0446081  3.63054e-07
   0.0451125  3.77626e-07
   0.0456226  3.92783e-07
   0.0461384  4.08547e-07
   0.0466601  4.24945e-07
   0.0471876  4.41998e-07
   0.0477212   4.5974e-07
   0.0482607   4.7819e-07
   0.0488064  4.97383e-07
   0.0493582  5.17345e-07
   0.0499163  5.38109e-07
   0.0504807  5.59707e-07
   0.0510514  5.82169e-07
   0.0516286  6.05534e-07
   0.0522124  6.29839e-07
   0.0528027  6.55116e-07
   0.0533997  6.81408e-07
   0.0540035  7.08759e-07
   0.0546141  7.37205e-07
   0.0552316  7.66793e-07
   0.0558561   7.9757e-07
   0.0564876  8.29577e-07
   0.0571263  8.62874e-07
   0.0577722  8.97506e-07
   0.0584254  9.33527e-07
    0.059086  9.70994e-07
    0.059754  1.00996e-06
   0.0604296   1.0505e-06
   0.0611129  1.09266e-06
   0.0618039  1.13652e-06
   0.0625027  1.18213e-06
   0.0632093  1.22957e-06
    0.063924  1.27892e-06
   0.0646468  1.33025e-06
   0.0653777  1.38364e-06
   0.0661169  1.43917e-06
   0.0668645  1.49694e-06
   0.0676205  1.55702e-06
    0.068385   1.6195e-06
   0.0691582   1.6845e-06
   0.0699402  1.75211e-06
   0.0707309  1.82243e-06
   0.0715307  1.89558e-06
   0.0723394  1.97165e-06
   0.0731573  2.05078e-06
   0.0739845  2.13309e-06
    0.074821   2.2187e-06
    0.075667  2.30776e-06
   0.0765225  2.40037e-06
   0.0773877  2.49671e-06
   0.0782627  2.59692e-06
   0.0791476  2.70115e-06
   0.0800424  2.80955e-06
   0.0809474  2.92231e-06
   0.0818627   3.0396e-06
   0.0827883   3.1616e-06
   0.0837243  3.28848e-06
   0.0846709  3.42046e-06
   0.0856283  3.55775e-06
   0.0865964  3.70053e-06
   0.0875755  3.84905e-06
   0.0885657  4.00353e-06
   0.0895671  4.16421e-06
   0.0905798  4.33134e-06
   0.0916039  4.50517e-06
   0.0926396  4.68598e-06
   0.0936871  4.87406e-06
   0.0947464  5.06969e-06
   0.0958176  5.27315e-06
    0.096901  5.48479e-06
   0.0979966  5.70492e-06
   0.0991046  5.93388e-06
    0.100225    6.172e-06
    0.101358  6.41967e-06
    0.102504  6.67732e-06
    0.103663  6.94532e-06
    0.104835  7.22405e-06
    0.106021  7.51415e-06
    0.107219  7.81554e-06
    0.108432   8.1294e-06
    0.109658  8.45567e-06
    0.110898  8.79507e-06
    0.112151   9.1478e-06
    0.113419  9.51493e-06
    0.114702    9.897e-06
    0.115999  1.02942e-05
     0.11731  1.07072e-05
    0.118637  1.11371e-05
    0.119978   1.1584e-05
    0.121335  1.20491e-05
    0.122706  1.25323e-05
    0.124094  1.30355e-05
    0.125497  1.35587e-05
    0.126916  1.41029e-05
    0.128351  1.46689e-05
    0.129802  1.52575e-05
     0.13127    1.587e-05
    0.132754  1.65069e-05
    0.134255  1.71693e-05
    0.135773  1.78584e-05
    0.137308  1.85751e-05
     0.13886  1.93204e-05
     0.14043  2.00957e-05
    0.142018  2.09024e-05
    0.143624  2.17414e-05
    0.145248   2.2614e-05
     0.14689  2.35214e-05
    0.148551  2.44656e-05
     0.15023  2.54471e-05
    0.151929  2.64686e-05
    0.153647   2.7531e-05
    0.155384  2.86358e-05
    0.157141  2.97851e-05
    0.158918  3.09807e-05
    0.160714  3.22235e-05
    0.162531  3.35166e-05
    0.164369   3.4862e-05
    0.166228  3.62615e-05
    0.168107  3.77164e-05
    0.170008  3.92303e-05
     0.17193  4.08046e-05
    0.173874  4.24423e-05
     0.17584  4.41457e-05
    0.177828  4.59172e-05
    0.179839  4.77603e-05
    0.181872  4.96767e-05
    0.183928    5.167e-05
    0.186008  5.37441e-05
    0.188111  5.59009e-05
    0.190238  5.81444e-05
    0.192389  6.04779e-05
    0.194564  6.29048e-05
    0.196764  6.54294e-05
    0.198989  6.80556e-05
    0.201238  7.07857e-05
    0.203514  7.36273e-05
    0.205815  7.65821e-05
    0.208142  7.96554e-05
    0.210495  8.28515e-05
    0.212875  8.61765e-05
    0.215282  8.96351e-05
    0.217716  9.32321e-05
    0.220178  9.69742e-05
    0.222667  0.000100865
    0.225185  0.000104914
    0.227731  0.000109124
    0.230306  0.000113503
     0.23291  0.000118058
    0.235543  0.000122795
    0.238206  0.000127723
      0.2409   0.00013285
    0.243623   0.00013818
    0.246378  0.000143726
    0.249163  0.000149492
    0.251981  0.000155493
     0.25483  0.000161733
    0.257711  0.000168222
    0.260625  0.000174973
    0.263571  0.000181993
    0.266552  0.000189299
    0.269565  0.000196893
    0.272613  0.000204795
    0.275696  0.000213015
    0.278813  0.000221562
    0.281965  0.000230452
    0.285153  0.000239699
    0.288377  0.000249318
    0.291638  0.000259324
    0.294935  0.000269729
     0.29827  0.000280553
    0.301642   0.00029181
    0.305053  0.000303521
    0.308502    0.0003157
     0.31199  0.000328368
    0.315517  0.000341542
    0.319085  0.000355249
    0.322693  0.000369505
    0.326341   0.00038433
    0.330031  0.000399752
    0.333762   0.00041579
    0.337536  0.000432476
    0.341353  0.000449832
    0.345212  0.000467879
    0.349115  0.000486651
    0.353062  0.000506177
    0.357054  0.000526487
    0.361091  0.000547612
    0.365174  0.000569586
    0.369303   0.00059244
    0.373479  0.000616214
    0.377701  0.000640933
    0.381972  0.000666653
    0.386291  0.000693402
    0.390658  0.000721218
    0.395075  0.000750155
    0.399542  0.000780253
    0.404059  0.000811555
    0.408628  0.000844118
    0.413248  0.000877984
    0.417921  0.000913213
    0.422646  0.000949849
    0.427424  0.000987951
    0.432257   0.00102759
    0.437144   0.00106881
    0.442087    0.0011117
    0.447086    0.0011563
    0.452141   0.00120269
    0.457253   0.00125093
    0.462423   0.00130112
    0.467651   0.00135331
    0.472939    0.0014076
    0.478286   0.00146407
    0.483694    0.0015228
    0.489162   0.00158388
    0.494693   0.00164742
    0.500286    0.0017135
    0.505943   0.00178224
    0.511663   0.00185372
    0.517449   0.00192809
    0.523299   0.00200542
    0.529216   0.00208587
    0.535199   0.00216952
    0.541251   0.00225655
     0.54737   0.00234705
    0.553559   0.00244119
    0.559818   0.00253911
    0.566148   0.00264095
    0.572549   0.00274687
    0.579022   0.00285703
    0.585569   0.00297161
     0.59219   0.00309079
    0.598885   0.00321474
    0.605657   0.00334367
    0.612505   0.00347777
     0.61943   0.00361723
    0.626434   0.00376229
    0.633516   0.00391314
    0.640679   0.00407006
    0.647923   0.00423327
    0.655249   0.00440302
    0.662657   0.00457956
     0.67015    0.0047632
    0.677727   0.00495418
     0.68539   0.00515282
    0.693139   0.00535941
    0.700976   0.00557428
    0.708902   0.00579777
    0.716917    0.0060302
    0.725023   0.00627196
     0.73322   0.00652338
     0.74151   0.00678488
    0.749894   0.00705687
    0.758373   0.00733976
    0.766947   0.00763395
    0.775619   0.00793996
    0.784389   0.00825822
    0.793257   0.00858919
    0.802226   0.00893344
    0.811297   0.00929151
     0.82047   0.00966388
    0.829746    0.0100511
    0.839128     0.010454
    0.848615    0.0108728
     0.85821    0.0113085
    0.867914    0.0117617
    0.877727     0.012233
    0.887651    0.0127231
    0.897687    0.0132329
    0.907837     0.013763
    0.918101    0.0143144
    0.928482    0.0148879
     0.93898    0.0154843
    0.949596    0.0161045
    0.960333    0.0167496
    0.971191    0.0174205
    0.982172    0.0181182
    0.993277    0.0188438
     1.00451    0.0195986
     1.01586     0.020383
     1.02735    0.0211995
     1.03897    0.0220487
     1.05071    0.0229309
     1.06259     0.023849
     1.07461    0.0248043
     1.08676    0.0257973
     1.09905    0.0268302
     1.11147    0.0279036
     1.12404    0.0290208
     1.13675    0.0301824
      1.1496      0.03139
      1.1626    0.0326464
     1.17574    0.0339523
     1.18904    0.0353115
     1.20248    0.0367239
     1.21608    0.0381935
     1.22983    0.0397215
     1.24373    0.0413098
     1.25779    0.0429618
     1.27201      0.04468
      1.2864    0.0464678
     1.30094    0.0483254
     1.31565    0.0502578
     1.33053    0.0522678
     1.34557    0.0543569
     1.36078    0.0565293
     1.37617    0.0587895
     1.39173    0.0611392
     1.40746    0.0635816
     1.42338    0.0661234
     1.43947    0.0687648
     1.45575    0.0715129
     1.47221    0.0743698
     1.48885    0.0773393
     1.50569    0.0804293
     1.52271    0.0836405
     1.53993    0.0869809
     1.55734    0.0904534
     1.57495    0.0940647
     1.59275    0.0978178
     1.61076     0.101722
     1.62897     0.105781
     1.64739     0.110002
     1.66602     0.114391
     1.68485     0.118953
      1.7039     0.123697
     1.72317     0.128631
     1.74265     0.133759
     1.76236     0.139093
     1.78228     0.144636
     1.80243       0.1504
     1.82281     0.156393
     1.84342     0.162624
     1.86427     0.169104
     1.88534     0.175836
     1.90666     0.182839
     1.92822     0.190119
     1.95002     0.197687
     1.97207     0.205555
     1.99437     0.213735
     2.01691     0.222235
     2.03972     0.231076
     2.06278     0.240264
      2.0861     0.249815
     2.10969     0.259747
     2.13354     0.270068
     2.15767     0.280801
     2.18206     0.291953
     2.20673     0.303546
     2.23168     0.315598
     2.25692     0.328129
     2.28244     0.341151
     2.30824     0.354682
     2.33434     0.368751
     2.36073     0.383371
     2.38742     0.398567
     2.41442     0.414366
     2.44172     0.430783
     2.46932      0.44784
     2.49724     0.465572
     2.52548     0.484003
     2.55403     0.503152
     2.58291     0.523056
     2.61211     0.543737
     2.64165     0.565235
     2.67152     0.587572
     2.70172     0.610778
     2.73227     0.634898
     2.76316     0.659957
      2.7944     0.685995
       2.826     0.713056
     2.85795     0.741167
     2.89026     0.770373
     2.92294     0.800721
     2.95599     0.832252
     2.98941     0.865006
     3.02321     0.899036
      3.0574     0.934397
     3.09196     0.971114
     3.12692      1.00926
     3.16228       1.0489
     3.19803      1.09006
     3.23419      1.13282
     3.27076      1.17724
     3.30774      1.22336
     3.34514      1.27127
     3.38296      1.32103
     3.42121       1.3727
     3.45989      1.42636
     3.49901      1.48209
     3.53857      1.53996
     3.57858      1.60005
     3.61904      1.66244
     3.65996      1.72722
     3.70134      1.79448
     3.74319      1.86432
     3.78552      1.93683
     3.82832      2.01209
      3.8716       2.0902
     3.91538      2.17131
     3.95964      2.25547
     4.00441      2.34284
     4.04969      2.43353
     4.09548      2.52764
     4.14178      2.62529
     4.18861      2.72664
     4.23597      2.83181
     4.28387      2.94094
      4.3323      3.05414
     4.38129      3.17162
     4.43082      3.29345
     4.48092      3.41987
     4.53158      3.55098
     4.58282      3.68699
     4.63464      3.82805
     4.68704      3.97433
     4.74003      4.12602
     4.79363      4.28334
     4.84782      4.44641
     4.90264      4.61554
     4.95807      4.79084
     5.01413      4.97258
     5.07082      5.16094
     5.12815      5.35617
     5.18613       5.5585
     5.24477      5.76819
     5.30407      5.98547
     5.36404      6.21058
     5.42469       6.4438
     5.48603      6.68542
     5.54805      6.93563
     5.61078       7.1948
     5.67422      7.46321
     5.73838      7.74116
     5.80326      8.02891
     5.86887      8.32679
     5.93523      8.63518
     6.00234      8.95436
      6.0702      9.28465
     6.13883      9.62643
     6.20824      9.98007
     6.27844      10.3459
     6.34942      10.7243
     6.42121      11.1157
     6.49382      11.5205
     6.56724      11.9389
     6.64149      12.3715
     6.71658      12.8186
     6.79253      13.2808
     6.86932      13.7582
     6.94699      14.2516
     7.02554      14.7612
     7.10497      15.2875
     7.18531       15.831
     7.26655      16.3921
     7.34871      16.9713
      7.4318      17.5691
     7.51582      18.1858
      7.6008      18.8221
     7.68674      19.4784
     7.77365      20.1552
     7.86154      20.8529
     7.95043      21.5721
     8.04032      22.3132
     8.13123      23.0767
     8.22317      23.8632
     8.31614       24.673
     8.41017      25.5067
     8.50526      26.3648
     8.60142      27.2476
     8.69868      28.1558
     8.79703      29.0896
     8.89649      30.0496
     8.99708      31.0363
     9.09881      32.0499
     9.20168      33.0909
     9.30572      34.1597
     9.41094      35.2566
     9.51734      36.3819
     9.62495      37.5361
     9.73377      38.7192
     9.84383      39.9317
     9.95513      41.1737
     10.0677      42.4455
     10.1815      43.7466
     10.2966      45.0777
     10.4131        46.44
     10.5308      47.8308
     10.6499      49.2522
     10.7703      50.7029
      10.892      52.1824
     11.0152      53.6926
     11.1397      55.2307
     11.2657      56.7984
     11.3931       58.394
     11.5219      60.0165
     11.6522      61.6664
     11.7839      63.3414
     11.9171      65.0417
     12.0519      66.7675
     12.1881      68.5147
     12.3259      70.2846
     12.4653      72.0757
     12.6063      73.8861
     12.7488      75.7128
     12.8929       77.555
     13.0387       79.412
     13.1861      81.2801
     13.3352      83.1582
      13.486      85.0436
     13.6385      86.9335
     13.7927      88.8249
     13.9486      90.7147
     14.1063      92.6007
     14.2658      94.4794
     14.4271      96.3471
     14.5902      98.1996
     14.7552      100.034
      14.922      101.845
     15.0908       103.63
     15.2614      105.382
     15.4339      107.098
     15.6084      108.772
     15.7849        110.4
     15.9634      111.976
     16.1439      113.494
     16.3264      114.948
      16.511      116.333
     16.6977      117.642
     16.8865      118.868
     17.0774      120.006
     17.2705      121.048
     17.4658      121.988
     17.6632      122.818
     17.8629      123.532
     18.0649      124.122
     18.2692      124.581
     18.4757      124.901
     18.6846      125.075
     18.8959      125.096
     19.1095      124.956
     19.3256      124.648
     19.5441      124.166
     19.7651      123.501
     19.9885      122.647
     20.2145      121.598
     20.4431      120.347
     20.6742      118.889
      20.908      117.217
     21.1444      115.327
     21.3835      113.214
     21.6252      110.875
     21.8697      108.305
      22.117      105.502
     22.3671      102.464
       22.62      99.1899
     22.8757      95.6808
     23.1344      91.9349
     23.3959      87.9573
     23.6605      83.7469
      23.928      79.3113
     24.1985       74.655
     24.4721      69.7833
     24.7488      64.7048
     25.0287      59.4275
     25.3116      53.9666
     25.5978      48.3294
     25.8873      42.5303
     26.1799      36.5893
      26.476      30.5158
     26.7753      24.3352
      27.078      18.0641
     27.3842      11.7226
     27.6938      5.33649
     28.0069     -1.07108
     28.3236     -7.47562
     28.6438     -13.8473
     28.9677      -20.161
     29.2952     -26.3848
     29.6265     -32.4915
     29.9614     -38.4456
     30.3002     -44.2202
     30.6428     -49.7808
     30.9892     -55.0948
     31.3396     -60.1325
      31.694     -64.8613
     32.0523     -69.2482
     32.4147     -73.2649
     32.7812     -76.8818
     33.1519     -80.0717
     33.5267     -82.8077
     33.9058     -85.0673
     34.2891     -86.8286
     34.6768      -88.074
     35.0689     -88.7882
     35.4654     -88.9595
     35.8664     -88.5802
     36.2719     -87.6465
      36.682     -86.1591
     37.0968     -84.1229
     37.5162     -81.5486
     37.9404     -78.4504
     38.3693     -74.8493
     38.8032     -70.7684
     39.2419     -66.2402
     39.6856     -61.2983
     40.1343     -55.9834
     40.5881     -50.3397
      41.047     -44.4169
     41.5111     -38.2676
     41.9804      -31.949
     42.4551     -25.5187
     42.9351     -19.0408
     43.4205     -12.5783
     43.9115       -6.194
      44.408    0.0453909
     44.9101      6.07647
     45.4178      11.8363
     45.9314      17.2678
     46.4507      22.3121
     46.9759      26.9187
      47.507       31.041
     48.0442      34.6397
     48.5874       37.681
     49.1367      40.1398
     49.6923      42.0001
     50.2541      43.2534
     50.8223      43.9015
      51.397       43.955
     51.9781      43.4341
     52.5658      42.3682
     53.1601      40.7957
     53.7612      38.7625
      54.369      36.3227
     54.9838      33.5353
     55.6054      30.4664
     56.2341      27.1835
     56.8699      23.7575
     57.5129       20.259
     58.1632      16.7575
     58.8208      13.3198
     59.4859      10.0068
     60.1585       6.8739
     60.8387      3.96779
     61.5265      1.32569
     62.2222     -1.02506
     62.9257     -3.06843
     63.6372     -4.80043
     64.3567     -6.22368
     65.0843     -7.36942
     65.8202     -8.25302
     66.5644     -8.91446
      67.317      -9.3996
     68.0782     -9.75562
     68.8479     -10.0326
     69.6263     -10.2799
     70.4136     -10.5428
     71.2097     -10.8601
     72.0148     -11.2604
     72.8291     -11.7604
     73.6525     -12.3621
     74.4853     -13.0518
     75.3274     -13.7987
     76.1791     -14.5559
     77.0404     -15.2609
     77.9115     -15.8381
     78.7924     -16.2021
     79.6833     -16.2623
     80.5842     -15.9279
     81.4953     -15.1144
     82.4168     -13.7494
     83.3486     -11.7827
      84.291     -9.18785
      85.244      -5.9723
     86.2079     -2.18008
     87.1826      2.10231
     88.1683      6.74723
     89.1652      11.5859
     90.1733      16.4116
     91.1929      20.9884
      92.224      25.0589
     93.2667       28.359
     94.3212       30.633
     95.3877      31.6509
     96.4662      31.2242
     97.5569      29.2286
     98.6599      25.6177
     99.7754      20.4379
     100.904      13.8346
     102.044      6.07469
     103.198     -2.49957
     104.365      -11.432
     105.545     -20.1967
     106.738     -28.2254
     107.945     -34.9457
     109.166     -39.8077
       110.4     -42.3365
     111.648     -42.1854
     112.911      -39.163
     114.187     -33.2841
     115.478     -24.7699
     116.784     -14.0759
     118.104     -1.88224
      119.44      10.9725
      120.79      23.4808
     122.156      34.6122
     123.537      43.3367
     124.934      48.7637
     126.346      50.2109
     127.775      47.3113
      129.22       40.072
     130.681      28.9228
     132.158      14.7069
     133.652     -1.36186
     135.163     -17.7808
     136.692     -32.9007
     138.237     -45.0557
       139.8     -52.8139
     141.381     -55.1029
     142.979     -51.3985
     144.596      -41.828
     146.231     -27.2308
     147.884     -9.11433
     149.556      10.4875
     151.247      29.2033
     152.957       44.616
     154.687      54.5894
     156.436      57.5671
     158.204      52.8694
     159.993      40.8368
     161.802       22.892
     163.632      1.40036
     165.482     -20.5763
     167.353     -39.7429
     169.245     -53.0384
     171.158     -58.1647
     173.094     -54.0195
     175.051     -40.9836
      177.03     -20.9771
     179.032      2.78098
     181.056      26.2088
     183.103      45.0905
     185.173      55.8239
     187.267      56.1674
     189.384      45.7767
     191.525      26.4118
     193.691      1.72024
     195.881     -23.3535
     198.096     -43.5721
     200.335     -54.4894
     202.601     -53.5186
     204.891     -40.6247
     207.208     -18.5006
     209.551      7.86022
      211.92      32.2411
     214.316      48.6679
     216.739      52.9055
      219.19      43.6731
     221.668      23.1708
     224.174     -3.31333
     226.709     -28.6693
     229.272     -45.8273
     231.865     -49.8262
     234.486     -39.3606
     237.137     -17.3882
     239.819      9.55195
      242.53      33.1432
     245.272      45.9199
     248.045      43.6875
      250.85      27.1041
     253.686      1.71341
     256.555     -23.7734
     259.455     -40.3723
     262.389     -42.1277
     265.356     -28.4012
     268.356      -4.3827
      271.39      20.6919
     274.458      37.0043
     277.562      38.0918
       280.7      23.6282
     283.874    -0.211767
     287.083     -23.1665
     290.329     -35.2765
     293.612     -31.3145
     296.931     -13.3443
     300.289      10.0735
     303.684      27.7485
     307.118      31.2867
      310.59      19.2903
     314.102     -1.79734
     317.653     -20.8831
     321.245     -28.0391
     324.877     -19.8464
      328.55     -1.34832
     332.265      16.7464
     336.022       24.176
     339.821      17.1379
     343.663     0.524795
     347.549     -15.1298
     351.478     -20.2561
     355.452     -12.3106
     359.471      2.73894
     363.536      14.5673
     367.646      15.4055
     371.803      6.01209
     376.006     -6.54863
     380.258     -12.9939
     384.557      -9.3836
     388.905     0.456634
     393.302        8.431
     397.749      8.80168
     402.246      2.48351
     406.794     -4.43523
     411.394     -6.38341
     416.045     -2.84728
     420.749      1.86899
     425.507      3.50759
     430.318      1.71927
     435.183    -0.506378
     440.103    -0.820429
     445.079   -0.0388229
     450.112    -0.330371
     455.201     -1.65758
     460.348     -1.48427
     465.553       1.3874
     470.816      3.98722
      476.14      2.18813
     481.523     -3.24227
     486.968     -5.91394
     492.473     -1.33307
     498.042      5.98681
     503.673      6.55834
     509.368     -1.67299
     515.127     -8.71821
     520.951     -4.52301
     526.841      6.43044
     532.798      9.22471
     538.822     -1.02874
     544.914     -10.4397
     551.075     -4.92692
     557.306      8.21303
     563.607      9.31016
      569.98     -3.93564
     576.424     -11.2347
     582.942    -0.735236
     589.533      10.9444
     596.198      4.61145
     602.939     -9.26766
     609.756     -7.18002
      616.65      7.09769
     623.623       8.4606
     630.674     -5.10132
     637.804     -8.74107
     645.016      3.63217
     652.309      8.34344
     659.684     -2.79197
     667.143     -7.51294
     674.686      2.50518
     682.314      6.37884
     690.029     -2.57905
     697.831     -4.99305
     705.721      2.74362
       713.7      3.41272
     721.769     -2.68799
      729.93     -1.79763
     738.183      2.14758
     746.529     0.486311
      754.97     -1.06345
     763.506    0.0491525
     772.139    -0.213962
     780.869     0.528673
     789.698     0.870309
     798.627      -1.9407
     807.656   -0.0194178
     816.788      2.94647
     826.023     -2.33969
     835.363     -1.84881
     844.808      4.43268
     854.359     -1.74017
     864.019     -3.43609
     873.788      5.15007
     883.668     -1.32392
     893.659     -4.06164
     903.763      5.54729
     913.982     -1.82676
     924.316     -3.48119
     934.766      5.59539
     945.335     -3.17542
     956.024      -1.4116
     966.833      4.51344
     977.765     -4.23009
      988.82      1.38013
        1000      1.73092
