        0.01  2.90536e-10
   0.0101131  3.02245e-10
   0.0102274  3.14316e-10
    0.010343  3.26933e-10
     0.01046  3.40015e-10
   0.0105783  3.53822e-10
   0.0106979  3.67905e-10
   0.0108188   3.8268e-10
   0.0109411  3.98058e-10
   0.0110648  4.14076e-10
   0.0111899  4.30656e-10
   0.0113165  4.47903e-10
   0.0114444  4.65853e-10
   0.0115738  4.84596e-10
   0.0117047   5.0408e-10
    0.011837  5.24261e-10
   0.0119709  5.45353e-10
   0.0121062  5.67242e-10
   0.0122431  5.89996e-10
   0.0123815  6.13692e-10
   0.0125215  6.38263e-10
   0.0126631  6.63899e-10
   0.0128062  6.90539e-10
    0.012951  7.18285e-10
   0.0130975  7.47123e-10
   0.0132456  7.77047e-10
   0.0133953  8.08271e-10
   0.0135468  8.40698e-10
   0.0136999  8.74428e-10
   0.0138548  9.09525e-10
   0.0140115   9.4606e-10
   0.0141699  9.84052e-10
   0.0143301   1.0235e-09
   0.0144921  1.06457e-09
    0.014656  1.10723e-09
   0.0148217  1.15175e-09
   0.0149893  1.19798e-09
   0.0151588  1.24602e-09
   0.0153302  1.29601e-09
   0.0155035  1.34811e-09
   0.0156788  1.40222e-09
   0.0158561  1.45847e-09
   0.0160353  1.51695e-09
   0.0162166  1.57788e-09
      0.0164  1.64122e-09
   0.0165854  1.70708e-09
   0.0167729  1.77557e-09
   0.0169626  1.84687e-09
   0.0171544  1.92103e-09
   0.0173483  1.99804e-09
   0.0175445  2.07835e-09
   0.0177429  2.16178e-09
   0.0179435  2.24848e-09
   0.0181463  2.33872e-09
   0.0183515  2.43256e-09
    0.018559  2.53015e-09
   0.0187688  2.63177e-09
   0.0189811  2.73744e-09
   0.0191957  2.84728e-09
   0.0194127  2.96147e-09
   0.0196322  3.08031e-09
   0.0198542  3.20402e-09
   0.0200786  3.33256e-09
   0.0203057  3.46638e-09
   0.0205353  3.60554e-09
   0.0207674  3.75012e-09
   0.0210022  3.90068e-09
   0.0212397  4.05724e-09
   0.0214799  4.22015e-09
   0.0217227  4.38945e-09
   0.0219683   4.5656e-09
   0.0222167  4.74889e-09
   0.0224679   4.9394e-09
   0.0227219  5.13767e-09
   0.0229788   5.3439e-09
   0.0232387  5.55838e-09
   0.0235014  5.78152e-09
   0.0237671  6.01357e-09
   0.0240358   6.2549e-09
   0.0243076  6.50599e-09
   0.0245824  6.76702e-09
   0.0248604  7.03863e-09
   0.0251415  7.32114e-09
   0.0254257  7.61497e-09
   0.0257132  7.92062e-09
   0.0260039  8.23849e-09
   0.0262979   8.5691e-09
   0.0265953  8.91311e-09
    0.026896  9.27081e-09
   0.0272001  9.64291e-09
   0.0275076  1.00299e-08
   0.0278186  1.04324e-08
   0.0281332  1.08512e-08
   0.0284513  1.12867e-08
   0.0287729  1.17396e-08
   0.0290983  1.22109e-08
   0.0294273   1.2701e-08
     0.02976  1.32107e-08
   0.0300965  1.37409e-08
   0.0304368  1.42925e-08
   0.0307809   1.4866e-08
   0.0311289  1.54627e-08
   0.0314809  1.60833e-08
   0.0318368  1.67288e-08
   0.0321968  1.74002e-08
   0.0325608  1.80986e-08
    0.032929   1.8825e-08
   0.0333013  1.95806e-08
   0.0336778  2.03664e-08
   0.0340586  2.11838e-08
   0.0344437  2.20341e-08
   0.0348331  2.29183e-08
   0.0352269   2.3838e-08
   0.0356252  2.47949e-08
    0.036028    2.579e-08
   0.0364354  2.68252e-08
   0.0368473  2.79016e-08
    0.037264  2.90217e-08
   0.0376853  3.01864e-08
   0.0381114   3.1398e-08
   0.0385423  3.26581e-08
   0.0389781   3.3969e-08
   0.0394188  3.53323e-08
   0.0398645  3.67504e-08
   0.0403152  3.82253e-08
    0.040771  3.97593e-08
    0.041232  4.13552e-08
   0.0416982   4.3015e-08
   0.0421697  4.47415e-08
   0.0426464  4.65369e-08
   0.0431286  4.84047e-08
   0.0436163  5.03477e-08
   0.0441094  5.23682e-08
   0.0446081  5.44698e-08
   0.0451125  5.66563e-08
   0.0456226  5.89303e-08
   0.0461384  6.12953e-08
   0.0466601  6.37555e-08
   0.0471876   6.6314e-08
   0.0477212  6.89759e-08
   0.0482607   7.1744e-08
   0.0488064  7.46237e-08
   0.0493582  7.76185e-08
   0.0499163  8.07339e-08
   0.0504807  8.39742e-08
   0.0510514  8.73442e-08
   0.0516286  9.08497e-08
   0.0522124  9.44963e-08
   0.0528027  9.82886e-08
   0.0533997  1.02233e-07
   0.0540035  1.06337e-07
   0.0546141  1.10605e-07
   0.0552316  1.15044e-07
   0.0558561  1.19661e-07
   0.0564876  1.24463e-07
   0.0571263  1.29459e-07
   0.0577722  1.34655e-07
   0.0584254  1.40059e-07
    0.059086   1.4568e-07
    0.059754  1.51527e-07
   0.0604296  1.57608e-07
   0.0611129  1.63934e-07
   0.0618039  1.70514e-07
   0.0625027  1.77358e-07
   0.0632093  1.84475e-07
    0.063924  1.91879e-07
   0.0646468  1.99581e-07
   0.0653777   2.0759e-07
   0.0661169  2.15922e-07
   0.0668645  2.24589e-07
   0.0676205  2.33602e-07
    0.068385  2.42977e-07
   0.0691582  2.52729e-07
   0.0699402  2.62873e-07
   0.0707309  2.73422e-07
   0.0715307  2.84397e-07
   0.0723394   2.9581e-07
   0.0731573  3.07682e-07
   0.0739845  3.20032e-07
    0.074821  3.32876e-07
    0.075667  3.46236e-07
   0.0765225  3.60132e-07
   0.0773877  3.74586e-07
   0.0782627   3.8962e-07
   0.0791476  4.05257e-07
   0.0800424  4.21521e-07
   0.0809474  4.38438e-07
   0.0818627  4.56036e-07
   0.0827883  4.74339e-07
   0.0837243  4.93375e-07
   0.0846709  5.13176e-07
   0.0856283  5.33773e-07
   0.0865964  5.55195e-07
   0.0875755  5.77477e-07
   0.0885657  6.00654e-07
   0.0895671  6.24762e-07
   0.0905798  6.49836e-07
   0.0916039  6.75916e-07
   0.0926396  7.03043e-07
   0.0936871  7.31261e-07
   0.0947464   7.6061e-07
   0.0958176  7.91135e-07
    0.096901  8.22888e-07
   0.0979966  8.55913e-07
   0.0991046  8.90264e-07
    0.100225   9.2599e-07
    0.101358  9.63147e-07
    0.102504   1.0018e-06
    0.103663  1.04201e-06
    0.104835  1.08383e-06
    0.106021  1.12735e-06
    0.107219  1.17257e-06
    0.108432  1.21966e-06
    0.109658  1.26861e-06
    0.110898  1.31953e-06
    0.112151  1.37245e-06
    0.113419  1.42753e-06
    0.114702  1.48485e-06
    0.115999  1.54444e-06
     0.11731   1.6064e-06
    0.118637   1.6709e-06
    0.119978  1.73794e-06
    0.121335  1.80772e-06
    0.122706  1.88022e-06
    0.124094  1.95571e-06
    0.125497   2.0342e-06
    0.126916  2.11584e-06
    0.128351  2.20076e-06
    0.129802  2.28907e-06
     0.13127  2.38096e-06
    0.132754  2.47651e-06
    0.134255   2.5759e-06
    0.135773  2.67928e-06
    0.137308   2.7868e-06
     0.13886   2.8986e-06
     0.14043  3.01493e-06
    0.142018  3.13595e-06
    0.143624  3.26182e-06
    0.145248  3.39274e-06
     0.14689  3.52888e-06
    0.148551  3.67052e-06
     0.15023  3.81777e-06
    0.151929  3.97102e-06
    0.153647  4.13041e-06
    0.155384  4.29615e-06
    0.157141  4.46858e-06
    0.158918  4.64795e-06
    0.160714  4.83439e-06
    0.162531  5.02839e-06
    0.164369  5.23023e-06
    0.166228  5.44019e-06
    0.168107  5.65847e-06
    0.170008  5.88558e-06
     0.17193  6.12176e-06
    0.173874  6.36744e-06
     0.17584  6.62299e-06
    0.177828  6.88876e-06
    0.179839  7.16527e-06
    0.181872  7.45277e-06
    0.183928  7.75181e-06
    0.186008  8.06296e-06
    0.188111  8.38652e-06
    0.190238  8.72309e-06
    0.192389  9.07317e-06
    0.194564  9.43724e-06
    0.196764  9.81599e-06
    0.198989    1.021e-05
    0.201238  1.06195e-05
    0.203514  1.10458e-05
    0.205815  1.14891e-05
    0.208142  1.19501e-05
    0.210495  1.24296e-05
    0.212875  1.29284e-05
    0.215282  1.34473e-05
    0.217716  1.39869e-05
    0.220178  1.45482e-05
    0.222667  1.51319e-05
    0.225185  1.57393e-05
    0.227731  1.63709e-05
    0.230306  1.70278e-05
     0.23291  1.77112e-05
    0.235543  1.84218e-05
    0.238206   1.9161e-05
      0.2409  1.99301e-05
    0.243623  2.07296e-05
    0.246378  2.15616e-05
    0.249163  2.24266e-05
    0.251981  2.33268e-05
     0.25483  2.42628e-05
    0.257711  2.52363e-05
    0.260625   2.6249e-05
    0.263571  2.73021e-05
    0.266552  2.83979e-05
    0.269565  2.95371e-05
    0.272613  3.07224e-05
    0.275696  3.19555e-05
    0.278813  3.32376e-05
    0.281965  3.45711e-05
    0.285153  3.59583e-05
    0.288377  3.74011e-05
    0.291638   3.8902e-05
    0.294935  4.04628e-05
     0.29827  4.20865e-05
    0.301642  4.37749e-05
    0.305053  4.55316e-05
    0.308502  4.73585e-05
     0.31199  4.92586e-05
    0.315517  5.12347e-05
    0.319085  5.32907e-05
    0.322693   5.5429e-05
    0.326341  5.76527e-05
    0.330031  5.99659e-05
    0.333762  6.23715e-05
    0.337536  6.48742e-05
    0.341353  6.74774e-05
    0.345212  7.01843e-05
    0.349115      7.3e-05
    0.353062  7.59286e-05
    0.357054  7.89749e-05
    0.361091  8.21433e-05
    0.365174   8.5439e-05
    0.369303  8.88669e-05
    0.373479  9.24324e-05
    0.377701    9.614e-05
    0.381972  9.99973e-05
    0.386291  0.000104009
    0.390658  0.000108181
    0.395075  0.000112521
    0.399542  0.000117035
    0.404059  0.000121729
    0.408628  0.000126613
    0.413248  0.000131692
    0.417921  0.000136975
    0.422646  0.000142469
    0.427424  0.000148183
    0.432257  0.000154128
    0.437144   0.00016031
    0.442087  0.000166741
    0.447086  0.000173429
    0.452141  0.000180386
    0.457253  0.000187621
    0.462423  0.000195146
    0.467651  0.000202973
    0.472939  0.000211114
    0.478286  0.000219581
    0.483694  0.000228388
    0.489162  0.000237546
    0.494693  0.000247073
    0.500286  0.000256982
    0.505943  0.000267289
    0.511663  0.000278007
    0.517449  0.000289157
    0.523299  0.000300752
    0.529216  0.000312813
    0.535199  0.000325356
    0.541251  0.000338404
     0.54737  0.000351972
    0.553559  0.000366086
    0.559818  0.000380765
    0.566148  0.000396033
    0.572549  0.000411912
    0.579022  0.000428426
    0.585569  0.000445603
     0.59219  0.000463469
    0.598885  0.000482049
    0.605657  0.000501376
    0.612505  0.000521477
     0.61943  0.000542381
    0.626434  0.000564125
    0.633516  0.000586736
    0.640679  0.000610255
    0.647923  0.000634717
    0.655249  0.000660159
    0.662657  0.000686617
     0.67015   0.00071414
    0.677727  0.000742761
     0.68539  0.000772531
    0.693139   0.00080349
    0.700976   0.00083569
    0.708902   0.00086918
    0.716917   0.00090401
    0.725023  0.000940235
     0.73322  0.000977907
     0.74151   0.00101709
    0.749894   0.00105784
    0.758373   0.00110022
    0.766947    0.0011443
    0.775619   0.00119015
    0.784389   0.00123783
    0.793257   0.00128741
    0.802226   0.00133898
    0.811297   0.00139261
     0.82047   0.00144839
    0.829746   0.00150639
    0.839128   0.00156673
    0.848615   0.00162947
     0.85821   0.00169472
    0.867914   0.00176259
    0.877727   0.00183316
    0.887651   0.00190656
    0.897687   0.00198289
    0.907837   0.00206227
    0.918101   0.00214483
    0.928482   0.00223069
     0.93898   0.00231998
    0.949596   0.00241283
    0.960333    0.0025094
    0.971191   0.00260982
    0.982172   0.00271426
    0.993277   0.00282287
     1.00451   0.00293585
     1.01586   0.00305323
     1.02735   0.00317542
     1.03897    0.0033025
     1.05071   0.00343451
     1.06259   0.00357189
     1.07461   0.00371481
     1.08676   0.00386337
     1.09905   0.00401788
     1.11147   0.00417845
     1.12404   0.00434555
     1.13675   0.00451929
      1.1496    0.0046999
      1.1626   0.00488778
     1.17574   0.00508305
     1.18904   0.00528628
     1.20248   0.00549745
     1.21608   0.00571716
     1.22983   0.00594557
     1.24373   0.00618298
     1.25779    0.0064299
     1.27201   0.00668667
      1.2864   0.00695383
     1.30094   0.00723139
     1.31565   0.00752011
     1.33053    0.0078204
     1.34557   0.00813246
     1.36078   0.00845693
     1.37617   0.00879448
     1.39173   0.00914537
     1.40746   0.00951007
     1.42338   0.00988956
     1.43947    0.0102839
     1.45575    0.0106941
     1.47221    0.0111205
     1.48885    0.0115636
     1.50569    0.0120247
     1.52271    0.0125038
     1.53993    0.0130021
     1.55734      0.01352
     1.57495    0.0140586
     1.59275    0.0146182
     1.61076    0.0152003
     1.62897    0.0158054
     1.64739    0.0164345
     1.66602    0.0170887
     1.68485    0.0177684
      1.7039    0.0184752
     1.72317    0.0192101
     1.74265    0.0199739
     1.76236    0.0207682
     1.78228    0.0215934
     1.80243    0.0224514
     1.82281    0.0233433
     1.84342    0.0242705
     1.86427    0.0252346
     1.88534     0.026236
     1.90666    0.0272775
     1.92822    0.0283599
     1.95002    0.0294848
     1.97207    0.0306543
     1.99437    0.0318698
     2.01691    0.0331324
     2.03972    0.0344456
     2.06278      0.03581
      2.0861    0.0372279
     2.10969     0.038702
     2.13354    0.0402334
     2.15767    0.0418257
     2.18206    0.0434795
     2.20673    0.0451985
     2.23168    0.0469849
     2.25692    0.0488418
     2.28244    0.0507709
     2.30824    0.0527749
     2.33434    0.0548579
     2.36073    0.0570218
     2.38742    0.0592703
     2.41442    0.0616072
     2.44172    0.0640348
     2.46932    0.0665562
     2.49724    0.0691765
     2.52548    0.0718992
     2.55403    0.0747267
     2.58291    0.0776649
     2.61211    0.0807164
     2.64165    0.0838874
     2.67152    0.0871809
     2.70172     0.090601
     2.73227    0.0941544
     2.76316    0.0978445
      2.7944     0.101677
       2.826     0.105659
     2.85795     0.109793
     2.89026     0.114086
     2.92294     0.118545
     2.95599     0.123176
     2.98941     0.127984
     3.02321     0.132976
      3.0574     0.138161
     3.09196     0.143542
     3.12692     0.149131
     3.16228     0.154933
     3.19803     0.160955
     3.23419     0.167208
     3.27076     0.173699
     3.30774     0.180435
     3.34514     0.187428
     3.38296     0.194686
     3.42121     0.202218
     3.45989     0.210035
     3.49901     0.218148
     3.53857     0.226566
     3.57858     0.235301
     3.61904     0.244363
     3.65996     0.253767
     3.70134     0.263522
     3.74319     0.273642
     3.78552     0.284142
     3.82832     0.295031
      3.8716     0.306323
     3.91538     0.318038
     3.95964     0.330183
     4.00441     0.342779
     4.04969     0.355842
     4.09548     0.369385
     4.14178     0.383423
     4.18861     0.397978
     4.23597     0.413066
     4.28387     0.428707
      4.3323     0.444913
     4.38129     0.461712
     4.43082     0.479115
     4.48092     0.497151
     4.53158     0.515834
     4.58282     0.535192
     4.63464     0.555245
     4.68704     0.576012
     4.74003     0.597519
     4.79363     0.619794
     4.84782     0.642852
     4.90264     0.666732
     4.95807     0.691449
     5.01413     0.717034
     5.07082     0.743511
     5.12815     0.770911
     5.18613     0.799263
     5.24477     0.828597
     5.30407      0.85894
     5.36404     0.890324
     5.42469     0.922781
     5.48603     0.956345
     5.54805     0.991038
     5.61078      1.02691
     5.67422      1.06398
     5.73838      1.10229
     5.80326      1.14187
     5.86887      1.18276
     5.93523        1.225
     6.00234      1.26862
      6.0702      1.31365
     6.13883      1.36014
     6.20824      1.40812
     6.27844      1.45765
     6.34942      1.50873
     6.42121      1.56143
     6.49382      1.61579
     6.56724      1.67183
     6.64149      1.72959
     6.71658      1.78913
     6.79253      1.85048
     6.86932      1.91367
     6.94699      1.97875
     7.02554      2.04576
     7.10497      2.11473
     7.18531      2.18572
     7.26655      2.25873
     7.34871      2.33383
      7.4318      2.41105
     7.51582       2.4904
      7.6008      2.57195
     7.68674      2.65571
     7.77365      2.74172
     7.86154      2.83001
     7.95043       2.9206
     8.04032      3.01352
     8.13123       3.1088
     8.22317      3.20646
     8.31614       3.3065
     8.41017      3.40897
     8.50526      3.51384
     8.60142      3.62115
     8.69868       3.7309
     8.79703      3.84308
     8.89649      3.95768
     8.99708      4.07472
     9.09881      4.19417
     9.20168        4.316
     9.30572       4.4402
     9.41094      4.56675
     9.51734      4.69558
     9.62495      4.82667
     9.73377      4.95996
     9.84383       5.0954
     9.95513      5.23292
     10.0677      5.37244
     10.1815      5.51383
     10.2966      5.65705
     10.4131       5.8021
     10.5308       5.9486
     10.6499      6.09666
     10.7703      6.24599
      10.892      6.39642
     11.0152      6.54802
     11.1397      6.70034
     11.2657      6.85342
     11.3931      7.00691
     11.5219      7.16058
     11.6522       7.3143
     11.7839      7.46767
     11.9171      7.62053
     12.0519      7.77269
     12.1881      7.92361
     12.3259      8.07318
     12.4653      8.22105
     12.6063      8.36684
     12.7488      8.51008
     12.8929      8.65046
     13.0387      8.78766
     13.1861      8.92116
     13.3352      9.05058
      13.486      9.17546
     13.6385      9.29531
     13.7927      9.40963
     13.9486      9.51792
     14.1063       9.6197
     14.2658      9.71443
     14.4271      9.80156
     14.5902      9.88052
     14.7552      9.95078
      14.922      10.0117
     15.0908      10.0628
     15.2614      10.1033
     15.4339      10.1328
     15.6084      10.1506
     15.7849      10.1562
     15.9634      10.1489
     16.1439      10.1281
     16.3264      10.0934
      16.511       10.044
     16.6977      9.97951
     16.8865      9.89934
     17.0774      9.80302
     17.2705      9.69003
     17.4658      9.55994
     17.6632      9.41244
     17.8629      9.24703
     18.0649      9.06342
     18.2692      8.86134
     18.4757      8.64073
     18.6846      8.40128
     18.8959      8.14293
     19.1095      7.86583
     19.3256      7.56986
     19.5441      7.25535
     19.7651      6.92247
     19.9885      6.57176
     20.2145      6.20343
     20.4431      5.81808
     20.6742      5.41661
      20.908      4.99953
     21.1444      4.56797
     21.3835      4.12287
     21.6252      3.66562
     21.8697      3.19721
      22.117      2.71911
     22.3671      2.23294
       22.62      1.74044
     22.8757      1.24348
     23.1344     0.743651
     23.3959     0.243451
     23.6605    -0.255474
      23.928    -0.750427
     24.1985     -1.23919
     24.4721     -1.71944
     24.7488     -2.18861
     25.0287     -2.64425
     25.3116      -3.0834
     25.5978     -3.50384
     25.8873      -3.9029
     26.1799     -4.27766
      26.476     -4.62603
     26.7753     -4.94513
      27.078     -5.23276
     27.3842     -5.48672
     27.6938     -5.70477
     28.0069     -5.88504
     28.3236     -6.02585
     28.6438     -6.12565
     28.9677     -6.18332
     29.2952     -6.19791
     29.6265     -6.16888
     29.9614     -6.09605
     30.3002     -5.97955
     30.6428        -5.82
     30.9892     -5.61844
     31.3396     -5.37625
      31.694     -5.09534
     32.0523     -4.77819
     32.4147     -4.42749
     32.7812     -4.04655
     33.1519     -3.63902
     33.5267     -3.20918
     33.9058      -2.7614
     34.2891      -2.3007
     34.6768     -1.83209
     35.0689     -1.36106
     35.4654    -0.893306
     35.8664    -0.434527
     36.2719   0.00941279
      36.682     0.432793
     37.0968     0.830004
     37.5162      1.19547
     37.9404      1.52421
     38.3693      1.81142
     38.8032      2.05309
     39.2419       2.2455
     39.6856      2.38591
     40.1343      2.47227
     40.5881      2.50346
      41.047      2.47931
     41.5111      2.40067
     41.9804      2.26949
     42.4551      2.08872
     42.9351       1.8625
     43.4205      1.59598
     43.9115      1.29523
      44.408     0.967442
     44.9101     0.620528
     45.4178     0.263164
     45.9314   -0.0956427
     46.4507    -0.446181
     46.9759    -0.778874
      47.507      -1.0841
     48.0442     -1.35267
     48.5874     -1.57586
     49.1367     -1.74591
     49.6923     -1.85618
     50.2541     -1.90137
     50.8223     -1.87784
      51.397     -1.78373
     51.9781     -1.61929
     52.5658      -1.3868
     53.1601     -1.09087
     53.7612    -0.738216
      54.369    -0.337912
     54.9838    0.0991589
     55.6054     0.559922
     56.2341       1.0301
     56.8699        1.494
     57.5129      1.93523
     58.1632      2.33717
     58.8208       2.6834
     59.4859      2.95857
     60.1585      3.14871
     60.8387       3.2421
     61.5265      3.22966
     62.2222      3.10588
     62.9257      2.86879
     63.6372      2.52064
     64.3567      2.06826
     65.0843       1.5225
     65.8202     0.899157
     66.5644     0.217868
      67.317    -0.498001
     68.0782     -1.22228
     68.8479     -1.92641
     69.6263     -2.58113
     70.4136     -3.15732
     71.2097     -3.62713
     72.0148     -3.96581
     72.8291     -4.15276
     73.6525     -4.17283
     74.4853      -4.0176
     75.3274     -3.68626
     76.1791     -3.18612
     77.0404     -2.53309
     77.9115     -1.75137
     78.7924    -0.873069
     79.6833    0.0631204
     80.5842      1.01311
     81.4953      1.92978
     82.4168      2.76504
     83.3486      3.47221
      84.291      4.00935
      85.244      4.34143
     86.2079      4.44325
     87.1826      4.30146
     88.1683      3.91635
     89.1652      3.30274
     90.1733      2.49027
     91.1929      1.52222
      92.224     0.454187
     93.2667    -0.649052
     94.3212     -1.71731
     95.3877     -2.67926
     96.4662     -3.46727
     97.5569     -4.02276
     98.6599      -4.3009
     99.7754     -4.27494
     100.904     -3.93924
     102.044     -3.31243
     103.198     -2.43437
     104.365      -1.3684
     105.545    -0.195323
     106.738     0.991675
     107.945      2.09523
     109.166      3.01983
       110.4      3.68119
     111.648      4.01653
     112.911      3.98938
     114.187      3.59596
     115.478      2.86683
     116.784      1.86638
     118.104     0.689759
      119.44    -0.548883
      120.79      -1.7211
     122.156     -2.70422
     123.537     -3.38907
     124.934     -3.69683
     126.346     -3.58813
     127.775     -3.07009
      129.22     -2.19876
     130.681     -1.07494
     132.158     0.166126
     133.652      1.37099
     135.163      2.38511
     136.692      3.07452
     138.237      3.34376
       139.8      3.15363
     141.381      2.52724
     142.979      1.55191
     144.596     0.366852
     146.231    -0.851709
     147.884     -1.91835
     149.556     -2.66718
     151.247     -2.97807
     152.957     -2.79951
     154.687     -2.16007
     156.436     -1.16821
     158.204   0.00383811
     159.993      1.14947
     161.802      2.06044
     163.632       2.5687
     165.482      2.57864
     167.353      2.08988
     169.245      1.20066
     171.158    0.0922075
     173.094     -1.00673
     175.051      -1.8632
      177.03     -2.29428
     179.032     -2.20745
     181.056     -1.62567
     183.103    -0.686205
     185.173      0.38718
     187.267      1.33562
     189.384      1.92649
     191.525      2.01483
     193.691      1.58231
     195.881     0.747637
     198.096    -0.261283
     200.335     -1.16539
     202.601     -1.71318
     204.891     -1.75103
     207.208     -1.27406
     209.551    -0.431338
      211.92     0.514374
     214.316      1.26619
     216.739      1.58621
      219.19      1.37576
     221.668     0.712846
     224.174    -0.169576
     226.709     -0.96047
     229.272     -1.37881
     231.865     -1.27815
     234.486    -0.704682
     237.137     0.115365
     239.819     0.858775
      242.53      1.23071
     245.272       1.0872
     248.045     0.497484
      250.85    -0.279649
     253.686    -0.903006
     256.555     -1.09969
     259.455    -0.789541
     262.389    -0.126975
     265.356     0.566638
     268.356     0.955403
      271.39     0.854829
     274.458     0.327709
     277.562    -0.343898
       280.7    -0.802346
     283.874    -0.807206
     287.083    -0.368626
     290.329      0.25466
     293.612     0.700023
     296.931     0.712513
     300.289     0.298746
     303.684     -0.27428
     307.118    -0.644211
      310.59     -0.58325
     314.102    -0.147553
     317.653     0.359014
     321.245     0.590999
     324.877     0.400275
      328.55   -0.0591934
     332.265    -0.444149
     336.022    -0.475975
     339.821    -0.149889
     343.663     0.264945
     347.549     0.440288
     351.478     0.252072
     355.452    -0.122999
     359.471    -0.362067
     363.536     -0.27421
     367.646    0.0378628
     371.803     0.284342
     376.006     0.249822
     380.258  -0.00587143
     384.557    -0.223137
     388.905    -0.202097
     393.302   0.00772586
     397.749     0.176623
     402.246     0.143116
     406.794   -0.0265649
     411.394    -0.134679
     416.045   -0.0795228
     420.749    0.0437025
     425.507    0.0847148
     430.318    0.0210376
     435.183   -0.0402616
     440.103   -0.0258471
     445.079    0.0134154
     450.112   0.00417479
     455.201   -0.0251654
     460.348 -0.000370346
     465.553    0.0525881
     470.816    0.0300877
      476.14   -0.0630298
     481.523   -0.0788655
     486.968    0.0404248
     492.473     0.121759
     498.042    0.0102012
     503.673    -0.141234
     509.368   -0.0724569
     515.127     0.133555
     520.951     0.130272
     526.841     -0.10565
     532.798    -0.174276
     538.822    0.0688084
     544.914     0.202599
     551.075   -0.0334863
     557.306    -0.218185
     563.607   0.00721145
      569.98     0.225576
     576.424   0.00562622
     582.942    -0.228279
     589.533  -0.00286314
     596.198     0.227261
     602.939   -0.0158407
     609.756    -0.220246
      616.65    0.0489562
     623.623     0.201979
     630.674   -0.0916255
     637.804    -0.166078
     645.016     0.133865
     652.309     0.108456
     659.684    -0.160649
     667.143   -0.0330949
     674.686     0.155516
     682.314   -0.0434515
     690.029    -0.110162
     697.831    0.0938452
     705.721    0.0366447
       713.7   -0.0942671
     721.769    0.0294442
      729.93    0.0482673
     738.183   -0.0495235
     746.529   0.00269875
      754.97    0.0218925
     763.506   -0.0111567
     772.139    0.0025285
     780.869   -0.0141948
     789.698    0.0206609
     798.627   0.00413488
     807.656   -0.0444004
     816.788    0.0558753
     826.023   -0.0155343
     835.363    -0.050595
     844.808    0.0891306
     854.359    -0.065718
     864.019  -0.00724678
     873.788    0.0821297
     883.668    -0.111764
     893.659    0.0797572
     903.763  -0.00619079
     913.982   -0.0693132
     924.316     0.113337
     934.766    -0.107318
     945.335    0.0641084
     956.024  -0.00421234
     966.833   -0.0493423
     977.765     0.081409
      988.82    -0.087924
        1000    0.0737823
