        0.01  3.18436e-10
   0.0101131  3.31252e-10
   0.0102274  3.44503e-10
    0.010343  3.58344e-10
     0.01046  3.72694e-10
   0.0105783  3.87671e-10
   0.0106979  4.03198e-10
   0.0108188  4.19451e-10
   0.0109411  4.36239e-10
   0.0110648  4.53731e-10
   0.0111899  4.71949e-10
   0.0113165  4.90971e-10
   0.0114444  5.10626e-10
   0.0115738  5.31116e-10
   0.0117047  5.52387e-10
    0.011837  5.74639e-10
   0.0119709  5.97737e-10
   0.0121062  6.21638e-10
   0.0122431  6.46626e-10
   0.0123815  6.72581e-10
   0.0125215  6.99545e-10
   0.0126631   7.2762e-10
   0.0128062  7.56849e-10
    0.012951  7.87251e-10
   0.0130975  8.18749e-10
   0.0132456  8.51588e-10
   0.0133953  8.85786e-10
   0.0135468  9.21389e-10
   0.0136999   9.5837e-10
   0.0138548  9.96818e-10
   0.0140115  1.03683e-09
   0.0141699  1.07849e-09
   0.0143301  1.12174e-09
   0.0144921  1.16675e-09
    0.014656   1.2136e-09
   0.0148217  1.26229e-09
   0.0149893  1.31294e-09
   0.0151588  1.36567e-09
   0.0153302  1.42052e-09
   0.0155035  1.47751e-09
   0.0156788  1.53678e-09
   0.0158561  1.59845e-09
   0.0160353  1.66265e-09
   0.0162166  1.72935e-09
      0.0164  1.79872e-09
   0.0165854  1.87096e-09
   0.0167729  1.94604e-09
   0.0169626  2.02417e-09
   0.0171544  2.10539e-09
   0.0173483  2.18987e-09
   0.0175445  2.27785e-09
   0.0177429  2.36925e-09
   0.0179435  2.46433e-09
   0.0181463  2.56326e-09
   0.0183515  2.66606e-09
    0.018559  2.77309e-09
   0.0187688  2.88436e-09
   0.0189811  3.00021e-09
   0.0191957   3.1206e-09
   0.0194127  3.24582e-09
   0.0196322  3.37605e-09
   0.0198542   3.5116e-09
   0.0200786   3.6525e-09
   0.0203057   3.7991e-09
   0.0205353  3.95161e-09
   0.0207674  4.11014e-09
   0.0210022  4.27505e-09
   0.0212397  4.44668e-09
   0.0214799  4.62522e-09
   0.0217227  4.81083e-09
   0.0219683  5.00385e-09
   0.0222167  5.20482e-09
   0.0224679  5.41371e-09
   0.0227219  5.63087e-09
   0.0229788  5.85683e-09
   0.0232387  6.09205e-09
   0.0235014  6.33648e-09
   0.0237671  6.59084e-09
   0.0240358  6.85524e-09
   0.0243076  7.13046e-09
   0.0245824   7.4166e-09
   0.0248604  7.71434e-09
   0.0251415  8.02399e-09
   0.0254257  8.34594e-09
   0.0257132   8.6809e-09
   0.0260039  9.02929e-09
   0.0262979  9.39169e-09
   0.0265953   9.7687e-09
    0.026896  1.01608e-08
   0.0272001  1.05686e-08
   0.0275076  1.09927e-08
   0.0278186  1.14339e-08
   0.0281332  1.18929e-08
   0.0284513  1.23702e-08
   0.0287729  1.28666e-08
   0.0290983  1.33831e-08
   0.0294273  1.39202e-08
     0.02976  1.44789e-08
   0.0300965    1.506e-08
   0.0304368  1.56645e-08
   0.0307809  1.62931e-08
   0.0311289   1.6947e-08
   0.0314809  1.76273e-08
   0.0318368  1.83346e-08
   0.0321968  1.90706e-08
   0.0325608  1.98359e-08
    0.032929  2.06321e-08
   0.0333013  2.14602e-08
   0.0336778  2.23214e-08
   0.0340586  2.32173e-08
   0.0344437  2.41492e-08
   0.0348331  2.51184e-08
   0.0352269  2.61263e-08
   0.0356252   2.7175e-08
    0.036028  2.82657e-08
   0.0364354  2.94003e-08
   0.0368473  3.05801e-08
    0.037264  3.18076e-08
   0.0376853  3.30842e-08
   0.0381114   3.4412e-08
   0.0385423  3.57931e-08
   0.0389781  3.72297e-08
   0.0394188   3.8724e-08
   0.0398645  4.02782e-08
   0.0403152  4.18946e-08
    0.040771   4.3576e-08
    0.041232   4.5325e-08
   0.0416982  4.71441e-08
   0.0421697  4.90365e-08
   0.0426464  5.10041e-08
   0.0431286  5.30513e-08
   0.0436163  5.51808e-08
   0.0441094  5.73952e-08
   0.0446081  5.96986e-08
   0.0451125  6.20949e-08
   0.0456226  6.45872e-08
   0.0461384  6.71793e-08
   0.0466601  6.98757e-08
   0.0471876  7.26798e-08
   0.0477212  7.55972e-08
   0.0482607  7.86309e-08
   0.0488064   8.1787e-08
   0.0493582  8.50693e-08
   0.0499163  8.84838e-08
   0.0504807  9.20352e-08
   0.0510514  9.57286e-08
   0.0516286  9.95706e-08
   0.0522124  1.03567e-07
   0.0528027  1.07724e-07
   0.0533997  1.12047e-07
   0.0540035  1.16544e-07
   0.0546141  1.21222e-07
   0.0552316  1.26087e-07
   0.0558561  1.31148e-07
   0.0564876  1.36411e-07
   0.0571263  1.41886e-07
   0.0577722  1.47581e-07
   0.0584254  1.53504e-07
    0.059086  1.59665e-07
    0.059754  1.66072e-07
   0.0604296  1.72737e-07
   0.0611129  1.79671e-07
   0.0618039  1.86882e-07
   0.0625027  1.94383e-07
   0.0632093  2.02183e-07
    0.063924  2.10298e-07
   0.0646468  2.18739e-07
   0.0653777  2.27517e-07
   0.0661169  2.36649e-07
   0.0668645  2.46147e-07
   0.0676205  2.56026e-07
    0.068385  2.66301e-07
   0.0691582  2.76989e-07
   0.0699402  2.88107e-07
   0.0707309  2.99669e-07
   0.0715307  3.11697e-07
   0.0723394  3.24206e-07
   0.0731573  3.37218e-07
   0.0739845  3.50752e-07
    0.074821   3.6483e-07
    0.075667  3.79472e-07
   0.0765225  3.94702e-07
   0.0773877  4.10543e-07
   0.0782627   4.2702e-07
   0.0791476  4.44159e-07
   0.0800424  4.61983e-07
   0.0809474  4.80524e-07
   0.0818627  4.99811e-07
   0.0827883  5.19871e-07
   0.0837243  5.40735e-07
   0.0846709  5.62436e-07
   0.0856283  5.85011e-07
   0.0865964  6.08489e-07
   0.0875755   6.3291e-07
   0.0885657  6.58312e-07
   0.0895671  6.84733e-07
   0.0905798  7.12215e-07
   0.0916039  7.40798e-07
   0.0926396  7.70528e-07
   0.0936871  8.01455e-07
   0.0947464  8.33621e-07
   0.0958176  8.67076e-07
    0.096901  9.01877e-07
   0.0979966  9.38072e-07
   0.0991046  9.75721e-07
    0.100225  1.01488e-06
    0.101358   1.0556e-06
    0.102504  1.09796e-06
    0.103663  1.14203e-06
    0.104835  1.18786e-06
    0.106021  1.23556e-06
    0.107219  1.28512e-06
    0.108432  1.33673e-06
    0.109658  1.39038e-06
    0.110898  1.44619e-06
    0.112151  1.50419e-06
    0.113419  1.56455e-06
    0.114702  1.62737e-06
    0.115999  1.69269e-06
     0.11731   1.7606e-06
    0.118637  1.83129e-06
    0.119978  1.90477e-06
    0.121335  1.98124e-06
    0.122706   2.0607e-06
    0.124094  2.14344e-06
    0.125497  2.22946e-06
    0.126916  2.31894e-06
    0.128351    2.412e-06
    0.129802  2.50879e-06
     0.13127   2.6095e-06
    0.132754  2.71422e-06
    0.134255  2.82315e-06
    0.135773  2.93645e-06
    0.137308  3.05429e-06
     0.13886  3.17683e-06
     0.14043  3.30432e-06
    0.142018  3.43695e-06
    0.143624  3.57491e-06
    0.145248  3.71839e-06
     0.14689  3.86759e-06
    0.148551  4.02283e-06
     0.15023  4.18421e-06
    0.151929  4.35218e-06
    0.153647  4.52686e-06
    0.155384  4.70851e-06
    0.157141  4.89749e-06
    0.158918  5.09407e-06
    0.160714  5.29841e-06
    0.162531  5.51103e-06
    0.164369  5.73224e-06
    0.166228  5.96235e-06
    0.168107  6.20157e-06
    0.170008  6.45049e-06
     0.17193  6.70933e-06
    0.173874  6.97859e-06
     0.17584  7.25866e-06
    0.177828  7.54994e-06
    0.179839  7.85299e-06
    0.181872  8.16808e-06
    0.183928  8.49582e-06
    0.186008  8.83683e-06
    0.188111  9.19144e-06
    0.190238  9.56031e-06
    0.192389  9.94399e-06
    0.194564   1.0343e-05
    0.196764  1.07581e-05
    0.198989  1.11899e-05
    0.201238  1.16387e-05
    0.203514  1.21059e-05
    0.205815  1.25917e-05
    0.208142   1.3097e-05
    0.210495  1.36225e-05
    0.212875  1.41692e-05
    0.215282  1.47378e-05
    0.217716  1.53292e-05
    0.220178  1.59445e-05
    0.222667  1.65842e-05
    0.225185  1.72498e-05
    0.227731   1.7942e-05
    0.230306   1.8662e-05
     0.23291  1.94109e-05
    0.235543  2.01897e-05
    0.238206  2.09998e-05
      0.2409  2.18427e-05
    0.243623  2.27189e-05
    0.246378  2.36307e-05
    0.249163  2.45787e-05
    0.251981  2.55653e-05
     0.25483  2.65912e-05
    0.257711  2.76581e-05
    0.260625   2.8768e-05
    0.263571   2.9922e-05
    0.266552   3.1123e-05
    0.269565  3.23715e-05
    0.272613  3.36705e-05
    0.275696  3.50219e-05
    0.278813   3.6427e-05
    0.281965  3.78885e-05
    0.285153  3.94087e-05
    0.288377  4.09899e-05
    0.291638  4.26348e-05
    0.294935  4.43453e-05
     0.29827  4.61247e-05
    0.301642  4.79752e-05
    0.305053  4.99004e-05
    0.308502  5.19025e-05
     0.31199  5.39849e-05
    0.315517  5.61505e-05
    0.319085  5.84038e-05
    0.322693  6.07472e-05
    0.326341  6.31841e-05
    0.330031  6.57192e-05
    0.333762  6.83555e-05
    0.337536  7.10982e-05
    0.341353  7.39512e-05
    0.345212  7.69176e-05
    0.349115  8.00034e-05
    0.353062  8.32128e-05
    0.357054  8.65512e-05
    0.361091  9.00235e-05
    0.365174  9.36353e-05
    0.369303  9.73918e-05
    0.373479  0.000101299
    0.377701  0.000105362
    0.381972   0.00010959
    0.386291  0.000113986
    0.390658  0.000118558
    0.395075  0.000123314
    0.399542  0.000128261
    0.404059  0.000133405
    0.408628  0.000138757
    0.413248  0.000144323
    0.417921  0.000150113
    0.422646  0.000156133
    0.427424  0.000162395
    0.432257   0.00016891
    0.437144  0.000175684
    0.442087  0.000182731
    0.447086  0.000190061
    0.452141  0.000197684
    0.457253  0.000205613
    0.462423  0.000213859
    0.467651  0.000222436
    0.472939  0.000231357
    0.478286  0.000240635
    0.483694  0.000250286
    0.489162  0.000260322
    0.494693  0.000270762
    0.500286   0.00028162
    0.505943  0.000292914
    0.511663  0.000304659
    0.517449  0.000316878
    0.523299  0.000329583
    0.529216    0.0003428
    0.535199  0.000356544
    0.541251  0.000370842
     0.54737  0.000385709
    0.553559  0.000401174
    0.559818  0.000417259
    0.566148   0.00043399
    0.572549  0.000451389
    0.579022  0.000469484
    0.585569  0.000488306
     0.59219  0.000507882
    0.598885   0.00052824
    0.605657  0.000549418
    0.612505  0.000571442
     0.61943  0.000594347
    0.626434  0.000618172
    0.633516  0.000642947
    0.640679  0.000668717
    0.647923  0.000695519
    0.655249  0.000723396
    0.662657  0.000752385
     0.67015   0.00078254
    0.677727    0.0008139
     0.68539  0.000846516
    0.693139  0.000880436
    0.700976  0.000915715
    0.708902  0.000952408
    0.716917  0.000990568
    0.725023   0.00103026
     0.73322   0.00107153
     0.74151   0.00111446
    0.749894    0.0011591
    0.758373   0.00120554
    0.766947   0.00125383
    0.775619   0.00130405
    0.784389   0.00135629
    0.793257    0.0014106
    0.802226    0.0014671
    0.811297   0.00152586
     0.82047   0.00158696
    0.829746   0.00165051
    0.839128    0.0017166
    0.848615   0.00178533
     0.85821   0.00185681
    0.867914   0.00193115
    0.877727   0.00200846
    0.887651   0.00208886
    0.897687   0.00217247
    0.907837   0.00225943
    0.918101   0.00234986
    0.928482    0.0024439
     0.93898   0.00254171
    0.949596   0.00264341
    0.960333   0.00274918
    0.971191   0.00285918
    0.982172   0.00297357
    0.993277   0.00309252
     1.00451   0.00321626
     1.01586   0.00334482
     1.02735   0.00347864
     1.03897   0.00361781
     1.05071    0.0037624
     1.06259   0.00391284
     1.07461   0.00406936
     1.08676   0.00423205
     1.09905   0.00440126
     1.11147   0.00457709
     1.12404   0.00476007
     1.13675   0.00495032
      1.1496   0.00514809
      1.1626   0.00535382
     1.17574   0.00556764
     1.18904   0.00579016
     1.20248   0.00602137
     1.21608   0.00626194
     1.22983   0.00651201
     1.24373   0.00677194
     1.25779   0.00704227
     1.27201   0.00732338
      1.2864   0.00761586
     1.30094   0.00791972
     1.31565   0.00823578
     1.33053   0.00856449
     1.34557   0.00890609
     1.36078   0.00926126
     1.37617   0.00963074
     1.39173    0.0100148
     1.40746     0.010414
     1.42338    0.0108293
     1.43947    0.0112609
     1.45575    0.0117098
     1.47221    0.0121764
     1.48885    0.0126614
     1.50569    0.0131659
     1.52271    0.0136902
     1.53993    0.0142354
     1.55734    0.0148022
     1.57495    0.0153914
     1.59275    0.0160038
     1.61076    0.0166406
     1.62897    0.0173026
     1.64739    0.0179908
     1.66602    0.0187064
     1.68485    0.0194499
      1.7039     0.020223
     1.72317    0.0210269
     1.74265    0.0218622
     1.76236     0.022731
     1.78228    0.0236334
     1.80243    0.0245717
     1.82281    0.0255471
     1.84342    0.0265609
     1.86427     0.027615
     1.88534    0.0287099
     1.90666    0.0298485
     1.92822    0.0310318
     1.95002    0.0322616
     1.97207    0.0335398
     1.99437    0.0348684
     2.01691    0.0362484
     2.03972    0.0376836
     2.06278    0.0391746
      2.0861     0.040724
     2.10969    0.0423346
     2.13354    0.0440079
     2.15767    0.0457474
     2.18206    0.0475541
     2.20673    0.0494318
     2.23168     0.051383
     2.25692    0.0534111
     2.28244    0.0555179
     2.30824    0.0577063
     2.33434    0.0599807
     2.36073    0.0623432
     2.38742     0.064798
     2.41442     0.067349
     2.44172    0.0699988
     2.46932    0.0727506
     2.49724    0.0756102
     2.52548    0.0785811
     2.55403    0.0816663
     2.58291    0.0848718
     2.61211    0.0882006
     2.64165    0.0916593
     2.67152    0.0952512
     2.70172    0.0989808
     2.73227     0.102855
     2.76316     0.106878
      2.7944     0.111057
       2.826     0.115396
     2.85795     0.119902
     2.89026      0.12458
     2.92294     0.129438
     2.95599     0.134483
     2.98941      0.13972
     3.02321     0.145157
      3.0574     0.150803
     3.09196     0.156662
     3.12692     0.162745
     3.16228     0.169061
     3.19803     0.175614
     3.23419     0.182418
     3.27076     0.189479
     3.30774     0.196807
     3.34514     0.204411
     3.38296     0.212302
     3.42121     0.220491
     3.45989     0.228987
     3.49901     0.237803
     3.53857     0.246948
     3.57858     0.256437
     3.61904     0.266279
     3.65996     0.276489
     3.70134     0.287078
     3.74319     0.298062
     3.78552     0.309454
     3.82832     0.321266
      3.8716     0.333513
     3.91538     0.346215
     3.95964      0.35938
     4.00441      0.37303
     4.04969     0.387182
     4.09548     0.401851
     4.14178     0.417052
     4.18861     0.432808
     4.23597     0.449135
     4.28387     0.466056
      4.3323     0.483583
     4.38129     0.501745
     4.43082     0.520555
     4.48092     0.540042
     4.53158     0.560221
     4.58282     0.581123
     4.63464     0.602766
     4.68704     0.625172
     4.74003     0.648367
     4.79363     0.672382
     4.84782     0.697231
     4.90264     0.722955
     4.95807     0.749568
     5.01413     0.777106
     5.07082     0.805592
     5.12815     0.835056
     5.18613      0.86553
     5.24477     0.897045
     5.30407     0.929627
     5.36404     0.963311
     5.42469     0.998129
     5.48603      1.03411
     5.54805      1.07129
     5.61078       1.1097
     5.67422      1.14938
     5.73838      1.19037
     5.80326      1.23268
     5.86887      1.27637
     5.93523      1.32147
     6.00234      1.36801
      6.0702      1.41603
     6.13883      1.46557
     6.20824      1.51667
     6.27844      1.56937
     6.34942      1.62368
     6.42121      1.67967
     6.49382      1.73738
     6.56724      1.79682
     6.64149      1.85804
     6.71658      1.92109
     6.79253        1.986
     6.86932      2.05278
     6.94699      2.12151
     7.02554      2.19221
     7.10497      2.26489
     7.18531      2.33963
     7.26655      2.41642
     7.34871      2.49532
      7.4318      2.57634
     7.51582      2.65951
      7.6008      2.74488
     7.68674      2.83246
     7.77365      2.92227
     7.86154      3.01434
     7.95043      3.10868
     8.04032      3.20532
     8.13123      3.30425
     8.22317      3.40551
     8.31614      3.50907
     8.41017      3.61496
     8.50526      3.72317
     8.60142      3.83369
     8.69868      3.94652
     8.79703      4.06163
     8.89649      4.17901
     8.99708      4.29863
     9.09881      4.42046
     9.20168      4.54444
     9.30572      4.67056
     9.41094      4.79875
     9.51734      4.92893
     9.62495      5.06105
     9.73377      5.19503
     9.84383      5.33079
     9.95513      5.46822
     10.0677      5.60723
     10.1815      5.74764
     10.2966      5.88939
     10.4131      6.03245
     10.5308      6.17639
     10.6499      6.32129
     10.7703      6.46683
      10.892      6.61281
     11.0152      6.75923
     11.1397      6.90562
     11.2657      7.05198
     11.3931      7.19792
     11.5219      7.34316
     11.6522      7.48751
     11.7839      7.63056
     11.9171      7.77209
     12.0519      7.91186
     12.1881      8.04929
     12.3259      8.18423
     12.4653      8.31627
     12.6063      8.44501
     12.7488      8.56991
     12.8929      8.69065
     13.0387      8.80684
     13.1861      8.91793
     13.3352      9.02351
      13.486      9.12307
     13.6385       9.2161
     13.7927      9.30208
     13.9486      9.38047
     14.1063      9.45078
     14.2658      9.51245
     14.4271      9.56491
     14.5902      9.60759
     14.7552      9.63995
      14.922      9.66139
     15.0908      9.67137
     15.2614       9.6693
     15.4339      9.65463
     15.6084      9.62679
     15.7849      9.58525
     15.9634      9.52947
     16.1439      9.45894
     16.3264      9.37319
      16.511      9.27173
     16.6977      9.15411
     16.8865      9.01995
     17.0774      8.86892
     17.2705      8.70062
     17.4658      8.51481
     17.6632       8.3114
     17.8629      8.09004
     18.0649      7.85067
     18.2692      7.59328
     18.4757      7.31809
     18.6846        7.025
     18.8959      6.71426
     19.1095      6.38636
     19.3256      6.04146
     19.5441      5.68024
     19.7651      5.30321
     19.9885      4.91131
     20.2145      4.50508
     20.4431      4.08551
     20.6742      3.65392
      20.908      3.21117
     21.1444      2.75884
     21.3835      2.29823
     21.6252      1.83115
     21.8697      1.35897
      22.117     0.883541
     22.3671     0.406846
       22.62   -0.0690295
     22.8757    -0.541902
     23.1344     -1.00986
     23.3959     -1.47018
     23.6605     -1.92095
      23.928     -2.35935
     24.1985     -2.78301
     24.4721     -3.18954
     24.7488     -3.57637
     25.0287     -3.94108
     25.3116     -4.28093
     25.5978     -4.59384
     25.8873     -4.87743
     26.1799     -5.12928
      26.476     -5.34763
     26.7753     -5.53032
      27.078     -5.67577
     27.3842     -5.78251
     27.6938     -5.84926
     28.0069     -5.87511
     28.3236     -5.85941
     28.6438     -5.80189
     28.9677     -5.70259
     29.2952       -5.562
     29.6265      -5.3809
     29.9614     -5.16073
     30.3002     -4.90302
     30.6428     -4.61005
     30.9892     -4.28445
     31.3396     -3.92912
      31.694     -3.54755
     32.0523     -3.14378
     32.4147      -2.7219
     32.7812     -2.28658
     33.1519     -1.84268
     33.5267     -1.39555
     33.9058    -0.950422
     34.2891    -0.512985
     34.6768   -0.0886688
     35.0689     0.316881
     35.4654     0.698127
     35.8664      1.04982
     36.2719      1.36692
      36.682      1.64484
     37.0968      1.87946
     37.5162      2.06715
     37.9404      2.20512
     38.3693      2.29122
     38.8032      2.32425
     39.2419      2.30388
     39.6856      2.23079
     40.1343      2.10669
     40.5881      1.93434
      41.047       1.7176
     41.5111      1.46134
     41.9804      1.17148
     42.4551     0.854762
     42.9351     0.518958
     43.4205     0.172428
     43.9115    -0.175978
      44.408    -0.516809
     44.9101    -0.840574
     45.4178     -1.13777
     45.9314     -1.39934
     46.4507      -1.6165
     46.9759     -1.78149
      47.507     -1.88753
     48.0442     -1.92922
     48.5874     -1.90268
     49.1367     -1.80588
     49.6923     -1.63871
     50.2541     -1.40326
     50.8223     -1.10374
      51.397    -0.746596
     51.9781    -0.340643
     52.5658     0.103418
     53.1601     0.572846
     53.7612      1.05343
      54.369      1.52944
     54.9838       1.9846
     55.6054      2.40191
     56.2341      2.76492
     56.8699      3.05776
     57.5129      3.26606
     58.1632      3.37747
     58.8208      3.38231
     59.4859      3.27414
     60.1585      3.05028
     60.8387      2.71218
     61.5265      2.26574
     62.2222      1.72131
     62.9257      1.09388
     63.6372     0.402533
     64.3567    -0.329832
     65.0843      -1.0766
     65.8202     -1.80989
     66.5644     -2.49978
      67.317     -3.11627
     68.0782     -3.63084
     68.8479     -4.01728
     69.6263     -4.25352
     70.4136     -4.32271
     71.2097     -4.21448
     72.0148     -3.92595
     72.8291     -3.46235
     73.6525     -2.83766
     74.4853     -2.07415
     75.3274     -1.20246
     76.1791    -0.259959
     77.0404     0.709994
     77.9115      1.66043
     78.7924      2.54258
     79.6833      3.30887
     80.5842      3.91523
     81.4953      4.32422
     82.4168      4.50739
     83.3486      4.44763
      84.291      4.14111
      85.244      3.59841
     86.2079      2.84468
     87.1826       1.9195
     88.1683      0.87487
     89.1652    -0.227211
     90.1733      -1.3179
     91.1929     -2.32628
      92.224     -3.18347
     93.2667     -3.82807
     94.3212     -4.21099
     95.3877     -4.29969
     96.4662     -4.08183
     97.5569     -3.56735
     98.6599     -2.78925
     99.7754     -1.80228
     100.904    -0.679497
     102.044      0.48982
     103.198      1.61339
     104.365      2.59577
     105.545      3.35091
     106.738      3.80998
     107.945      3.92837
     109.166      3.69046
       110.4      3.11429
     111.648      2.25036
     112.911       1.1783
     114.187   0.00383078
     115.478     -1.15695
     116.784     -2.18369
     118.104     -2.96607
      119.44     -3.41864
      120.79     -3.48839
     122.156     -3.16516
     123.537     -2.48397
     124.934     -1.52268
     126.346    -0.396444
     127.775      0.75846
      129.22      1.79617
     130.681      2.58312
     132.158      3.01612
     133.652      3.03691
     135.163      2.64243
     136.692      1.88747
     138.237      0.88149
       139.8    -0.229058
     141.381     -1.27805
     142.979     -2.10509
     144.596     -2.58309
     146.231     -2.63716
     147.884     -2.26124
     149.556     -1.52054
     151.247    -0.543507
     152.957     0.498263
     154.687      1.41985
     156.436      2.05478
     158.204      2.28881
     159.993      2.08232
     161.802      1.48033
     163.632     0.606498
     165.482    -0.358591
     167.353     -1.21497
     169.245     -1.78375
     171.158     -1.94708
     173.094     -1.67547
     175.051     -1.03756
      177.03    -0.186327
     179.032     0.674706
     181.056       1.3384
     183.103      1.64626
     185.173      1.52839
     187.267      1.02375
     189.384     0.272986
     191.525    -0.517912
     193.691     -1.13216
     195.881     -1.40201
     198.096     -1.25887
     200.335    -0.754893
     202.601   -0.0487417
     204.891      0.63846
     207.208      1.09399
     209.551      1.17875
      211.92     0.875488
     214.316     0.295773
     216.739    -0.355626
      219.19    -0.850618
     221.668     -1.01796
     224.174    -0.806971
     226.709    -0.307207
     229.272     0.282838
     231.865     0.732098
     234.486     0.866965
     237.137     0.643327
     239.819     0.165221
      242.53    -0.356394
     245.272    -0.694986
     248.045    -0.707313
      250.85    -0.399146
     253.686    0.0758272
     256.555     0.487817
     259.455     0.640357
     262.389     0.468101
     265.356    0.0699785
     268.356    -0.340382
      271.39     -0.54678
     274.458    -0.446381
     277.562    -0.106543
       280.7     0.271943
     283.874     0.470433
     287.083     0.380171
     290.329     0.067707
     293.612    -0.265874
     296.931    -0.410851
     300.289    -0.283248
     303.684    0.0207825
     307.118     0.289946
      310.59     0.342394
     314.102     0.152531
     317.653    -0.132016
     321.245    -0.299534
     324.877    -0.232027
      328.55   0.00608368
     332.265     0.220655
     336.022     0.243485
     339.821    0.0680689
     343.663    -0.148369
     347.549    -0.221122
     351.478   -0.0977371
     355.452    0.0995529
     359.471     0.188848
     363.536    0.0972506
     367.646   -0.0738195
     371.803     -0.15741
     376.006   -0.0785582
     380.258    0.0680954
     384.557     0.127938
     388.905    0.0491401
     393.302   -0.0696262
     397.749   -0.0966847
     402.246   -0.0149793
     406.794    0.0690451
     411.394    0.0601073
     416.045   -0.0158428
     420.749   -0.0562549
     425.507   -0.0195648
     430.318    0.0312147
     435.183    0.0270332
     440.103   -0.0120434
     445.079   -0.0200379
     450.112   0.00794671
     455.201    0.0152407
     460.348   -0.0129091
     465.553   -0.0203158
     470.816     0.016686
      476.14     0.033419
     481.523   -0.0128345
     486.968   -0.0484841
     492.473  0.000639668
     498.042    0.0602814
     503.673     0.016808
     509.368   -0.0666662
     515.127   -0.0354885
     520.951    0.0683838
     526.841    0.0521887
     532.798   -0.0678264
     538.822    -0.064995
     544.914    0.0677181
     551.075    0.0729469
     557.306   -0.0702932
     563.607   -0.0752667
      569.98     0.076711
     576.424    0.0708405
     582.942   -0.0866174
     589.533   -0.0580768
     596.198    0.0976864
     602.939    0.0355525
     609.756    -0.105236
      616.65  -0.00340039
     623.623     0.102513
     630.674   -0.0344443
     637.804   -0.0828748
     645.016    0.0684214
     652.309    0.0440493
     659.684   -0.0846064
     667.143   0.00625823
     674.686    0.0711517
     682.314   -0.0486114
     690.029   -0.0295472
     697.831    0.0602137
     705.721   -0.0179786
       713.7   -0.0343012
     721.769    0.0390817
      729.93  -0.00514256
     738.183   -0.0221775
     746.529    0.0201156
      754.97  -0.00359745
     763.506  -0.00481084
     772.139   0.00225614
     780.869  -0.00138809
     789.698   0.00912858
     798.627   -0.0171198
     807.656    0.0122544
     816.788   0.00751021
     826.023   -0.0293101
     835.363     0.035934
     844.808    -0.019845
     854.359   -0.0112177
     864.019    0.0399595
     873.788   -0.0508562
     883.668    0.0386307
     893.659   -0.0095725
     903.763   -0.0233401
     913.982    0.0474481
     924.316   -0.0564327
     934.766    0.0474219
     945.335   -0.0280131
     956.024   0.00450699
     966.833    0.0166644
     977.765   -0.0314186
      988.82    0.0384473
        1000   -0.0385851
