        0.01  3.99427e-10
   0.0101131  4.15428e-10
   0.0102274  4.32125e-10
    0.010343  4.49415e-10
     0.01046  4.67412e-10
   0.0105783  4.86229e-10
   0.0106979  5.05764e-10
   0.0108188   5.2602e-10
   0.0109411   5.4709e-10
   0.0110648  5.69117e-10
   0.0111899  5.91942e-10
   0.0113165  6.15742e-10
   0.0114444  6.40418e-10
   0.0115738  6.66127e-10
   0.0117047  6.92802e-10
    0.011837  7.20648e-10
   0.0119709  7.49619e-10
   0.0121062  7.79656e-10
   0.0122431  8.10966e-10
   0.0123815  8.43513e-10
   0.0125215   8.7733e-10
   0.0126631  9.12571e-10
   0.0128062  9.49152e-10
    0.012951  9.87274e-10
   0.0130975  1.02691e-09
   0.0132456   1.0682e-09
   0.0133953  1.11099e-09
   0.0135468  1.15559e-09
   0.0136999  1.20198e-09
   0.0138548   1.2502e-09
   0.0140115  1.30038e-09
   0.0141699  1.35256e-09
   0.0143301  1.40686e-09
   0.0144921  1.46329e-09
    0.014656  1.52205e-09
   0.0148217   1.5832e-09
   0.0149893  1.64674e-09
   0.0151588   1.7128e-09
   0.0153302  1.78156e-09
   0.0155035  1.85303e-09
   0.0156788  1.92738e-09
   0.0158561  2.00477e-09
   0.0160353  2.08521e-09
   0.0162166  2.16891e-09
      0.0164  2.25597e-09
   0.0165854  2.34648e-09
   0.0167729  2.44064e-09
   0.0169626  2.53866e-09
   0.0171544  2.64057e-09
   0.0173483  2.74642e-09
   0.0175445   2.8567e-09
   0.0177429  2.97138e-09
   0.0179435  3.09071e-09
   0.0181463  3.21465e-09
   0.0183515   3.3437e-09
    0.018559  3.47793e-09
   0.0187688  3.61749e-09
   0.0189811  3.76275e-09
   0.0191957  3.91379e-09
   0.0194127  4.07083e-09
   0.0196322  4.23421e-09
   0.0198542   4.4041e-09
   0.0200786  4.58086e-09
   0.0203057  4.76479e-09
   0.0205353  4.95603e-09
   0.0207674  5.15488e-09
   0.0210022  5.36174e-09
   0.0212397  5.57695e-09
   0.0214799  5.80087e-09
   0.0217227  6.03357e-09
   0.0219683  6.27574e-09
   0.0222167  6.52767e-09
   0.0224679  6.78967e-09
   0.0227219  7.06213e-09
   0.0229788  7.34551e-09
   0.0232387  7.64049e-09
   0.0235014  7.94706e-09
   0.0237671  8.26598e-09
   0.0240358   8.5977e-09
   0.0243076  8.94285e-09
   0.0245824   9.3017e-09
   0.0248604  9.67516e-09
   0.0251415  1.00635e-08
   0.0254257  1.04673e-08
   0.0257132  1.08874e-08
   0.0260039  1.13243e-08
   0.0262979  1.17788e-08
   0.0265953  1.22516e-08
    0.026896  1.27434e-08
   0.0272001  1.32549e-08
   0.0275076  1.37868e-08
   0.0278186  1.43401e-08
   0.0281332  1.49158e-08
   0.0284513  1.55144e-08
   0.0287729  1.61369e-08
   0.0290983  1.67847e-08
   0.0294273  1.74584e-08
     0.02976   1.8159e-08
   0.0300965  1.88879e-08
   0.0304368   1.9646e-08
   0.0307809  2.04344e-08
   0.0311289  2.12545e-08
   0.0314809  2.21076e-08
   0.0318368  2.29948e-08
   0.0321968  2.39178e-08
   0.0325608  2.48777e-08
    0.032929  2.58763e-08
   0.0333013  2.69148e-08
   0.0336778   2.7995e-08
   0.0340586  2.91186e-08
   0.0344437  3.02873e-08
   0.0348331  3.15028e-08
   0.0352269   3.2767e-08
   0.0356252  3.40821e-08
    0.036028    3.545e-08
   0.0364354   3.6873e-08
   0.0368473  3.83527e-08
    0.037264  3.98923e-08
   0.0376853  4.14933e-08
   0.0381114  4.31586e-08
   0.0385423  4.48908e-08
   0.0389781  4.66926e-08
   0.0394188  4.85665e-08
   0.0398645  5.05158e-08
   0.0403152  5.25431e-08
    0.040771  5.46518e-08
    0.041232  5.68454e-08
   0.0416982   5.9127e-08
   0.0421697  6.15002e-08
   0.0426464   6.3968e-08
   0.0431286  6.65355e-08
   0.0436163  6.92062e-08
   0.0441094  7.19836e-08
   0.0446081  7.48724e-08
   0.0451125  7.78777e-08
   0.0456226  8.10035e-08
   0.0461384  8.42544e-08
   0.0466601  8.76361e-08
   0.0471876   9.1153e-08
   0.0477212  9.48119e-08
   0.0482607  9.86168e-08
   0.0488064  1.02575e-07
   0.0493582  1.06692e-07
   0.0499163  1.10974e-07
   0.0504807  1.15428e-07
   0.0510514   1.2006e-07
   0.0516286  1.24879e-07
   0.0522124  1.29891e-07
   0.0528027  1.35104e-07
   0.0533997  1.40526e-07
   0.0540035  1.46167e-07
   0.0546141  1.52033e-07
   0.0552316  1.58135e-07
   0.0558561  1.64482e-07
   0.0564876  1.71083e-07
   0.0571263  1.77949e-07
   0.0577722  1.85091e-07
   0.0584254   1.9252e-07
    0.059086  2.00247e-07
    0.059754  2.08283e-07
   0.0604296  2.16642e-07
   0.0611129  2.25338e-07
   0.0618039  2.34382e-07
   0.0625027  2.43789e-07
   0.0632093  2.53572e-07
    0.063924  2.63749e-07
   0.0646468  2.74335e-07
   0.0653777  2.85345e-07
   0.0661169  2.96798e-07
   0.0668645   3.0871e-07
   0.0676205    3.211e-07
    0.068385  3.33986e-07
   0.0691582  3.47391e-07
   0.0699402  3.61334e-07
   0.0707309  3.75835e-07
   0.0715307   3.9092e-07
   0.0723394  4.06608e-07
   0.0731573  4.22927e-07
   0.0739845  4.39902e-07
    0.074821  4.57557e-07
    0.075667  4.75921e-07
   0.0765225  4.95021e-07
   0.0773877  5.14889e-07
   0.0782627  5.35554e-07
   0.0791476  5.57048e-07
   0.0800424  5.79403e-07
   0.0809474  6.02657e-07
   0.0818627  6.26846e-07
   0.0827883  6.52004e-07
   0.0837243   6.7817e-07
   0.0846709  7.05387e-07
   0.0856283  7.33699e-07
   0.0865964  7.63144e-07
   0.0875755  7.93772e-07
   0.0885657   8.2563e-07
   0.0895671  8.58766e-07
   0.0905798  8.93232e-07
   0.0916039   9.2908e-07
   0.0926396  9.66366e-07
   0.0936871  1.00515e-06
   0.0947464  1.04549e-06
   0.0958176  1.08745e-06
    0.096901   1.1311e-06
   0.0979966  1.17649e-06
   0.0991046  1.22371e-06
    0.100225  1.27281e-06
    0.101358  1.32389e-06
    0.102504  1.37702e-06
    0.103663  1.43229e-06
    0.104835  1.48977e-06
    0.106021  1.54959e-06
    0.107219  1.61174e-06
    0.108432  1.67647e-06
    0.109658  1.74375e-06
    0.110898  1.81374e-06
    0.112151  1.88648e-06
    0.113419  1.96219e-06
    0.114702  2.04098e-06
    0.115999  2.12289e-06
     0.11731  2.20806e-06
    0.118637  2.29671e-06
    0.119978  2.38886e-06
    0.121335  2.48477e-06
    0.122706  2.58442e-06
    0.124094  2.68819e-06
    0.125497  2.79607e-06
    0.126916  2.90829e-06
    0.128351  3.02501e-06
    0.129802  3.14639e-06
     0.13127   3.2727e-06
    0.132754  3.40402e-06
    0.134255  3.54063e-06
    0.135773  3.68273e-06
    0.137308  3.83051e-06
     0.13886  3.98419e-06
     0.14043  4.14408e-06
    0.142018  4.31042e-06
    0.143624  4.48343e-06
    0.145248  4.66337e-06
     0.14689  4.85049e-06
    0.148551  5.04517e-06
     0.15023  5.24757e-06
    0.151929  5.45822e-06
    0.153647  5.67729e-06
    0.155384   5.9051e-06
    0.157141   6.1421e-06
    0.158918  6.38863e-06
    0.160714  6.64489e-06
    0.162531  6.91154e-06
    0.164369  7.18896e-06
    0.166228  7.47754e-06
    0.168107  7.77755e-06
    0.170008  8.08971e-06
     0.17193  8.41432e-06
    0.173874    8.752e-06
     0.17584  9.10324e-06
    0.177828  9.46852e-06
    0.179839  9.84857e-06
    0.181872  1.02437e-05
    0.183928  1.06547e-05
    0.186008  1.10824e-05
    0.188111  1.15271e-05
    0.190238  1.19897e-05
    0.192389  1.24708e-05
    0.194564  1.29712e-05
    0.196764  1.34918e-05
    0.198989  1.40333e-05
    0.201238  1.45962e-05
    0.203514  1.51821e-05
    0.205815  1.57913e-05
    0.208142   1.6425e-05
    0.210495   1.7084e-05
    0.212875  1.77695e-05
    0.215282  1.84826e-05
    0.217716  1.92242e-05
    0.220178  1.99958e-05
    0.222667   2.0798e-05
    0.225185  2.16327e-05
    0.227731  2.25007e-05
    0.230306  2.34036e-05
     0.23291  2.43428e-05
    0.235543  2.53194e-05
    0.238206  2.63353e-05
      0.2409  2.73923e-05
    0.243623  2.84911e-05
    0.246378  2.96345e-05
    0.249163  3.08233e-05
    0.251981  3.20605e-05
     0.25483  3.33469e-05
    0.257711  3.46848e-05
    0.260625  3.60765e-05
    0.263571  3.75237e-05
    0.266552  3.90297e-05
    0.269565  4.05953e-05
    0.272613  4.22242e-05
    0.275696  4.39188e-05
    0.278813  4.56808e-05
    0.281965  4.75134e-05
    0.285153  4.94196e-05
    0.288377  5.14024e-05
    0.291638   5.3465e-05
    0.294935  5.56098e-05
     0.29827  5.78411e-05
    0.301642  6.01614e-05
    0.305053  6.25754e-05
    0.308502  6.50858e-05
     0.31199   6.7697e-05
    0.315517  7.04125e-05
    0.319085  7.32378e-05
    0.322693  7.61762e-05
    0.326341  7.92317e-05
    0.330031  8.24105e-05
    0.333762   8.5716e-05
    0.337536   8.9155e-05
    0.341353  9.27321e-05
    0.345212  9.64516e-05
    0.349115  0.000100321
    0.353062  0.000104345
    0.357054   0.00010853
    0.361091  0.000112884
    0.365174  0.000117412
    0.369303  0.000122122
    0.373479  0.000127021
    0.377701  0.000132116
    0.381972  0.000137416
    0.386291  0.000142928
    0.390658   0.00014866
    0.395075  0.000154622
    0.399542  0.000160824
    0.404059  0.000167274
    0.408628  0.000173984
    0.413248  0.000180961
    0.417921   0.00018822
    0.422646  0.000195768
    0.427424  0.000203618
    0.432257  0.000211785
    0.437144  0.000220278
    0.442087  0.000229112
    0.447086  0.000238301
    0.452141  0.000247857
    0.457253  0.000257796
    0.462423  0.000268134
    0.467651  0.000278885
    0.472939  0.000290069
    0.478286  0.000301699
    0.483694  0.000313797
    0.489162  0.000326376
    0.494693  0.000339463
    0.500286  0.000353073
    0.505943   0.00036723
    0.511663  0.000381951
    0.517449  0.000397266
    0.523299  0.000413191
    0.529216  0.000429756
    0.535199  0.000446983
    0.541251  0.000464903
     0.54737  0.000483537
    0.553559   0.00050292
    0.559818  0.000523079
    0.566148  0.000544046
    0.572549  0.000565851
    0.579022  0.000588529
    0.585569  0.000612117
     0.59219   0.00063665
    0.598885  0.000662161
    0.605657    0.0006887
    0.612505  0.000716299
     0.61943  0.000745001
    0.626434  0.000774855
    0.633516  0.000805898
    0.640679  0.000838189
    0.647923  0.000871772
    0.655249    0.0009067
    0.662657  0.000943022
     0.67015  0.000980803
    0.677727   0.00102009
     0.68539   0.00106096
    0.693139   0.00110345
    0.700976   0.00114765
    0.708902   0.00119362
    0.716917   0.00124142
    0.725023   0.00129114
     0.73322   0.00134284
     0.74151   0.00139661
    0.749894   0.00145253
    0.758373   0.00151069
    0.766947   0.00157117
    0.775619   0.00163408
    0.784389    0.0016995
    0.793257   0.00176753
    0.802226   0.00183828
    0.811297   0.00191186
     0.82047   0.00198838
    0.829746   0.00206795
    0.839128   0.00215071
    0.848615   0.00223677
     0.85821   0.00232627
    0.867914   0.00241935
    0.877727   0.00251614
    0.887651    0.0026168
    0.897687   0.00272147
    0.907837   0.00283033
    0.918101   0.00294352
    0.928482   0.00306125
     0.93898   0.00318366
    0.949596   0.00331096
    0.960333   0.00344334
    0.971191     0.003581
    0.982172   0.00372415
    0.993277   0.00387301
     1.00451   0.00402784
     1.01586    0.0041887
     1.02735   0.00435614
     1.03897   0.00453026
     1.05071   0.00471114
     1.06259   0.00489934
     1.07461   0.00509513
     1.08676   0.00529863
     1.09905   0.00551027
     1.11147   0.00573018
     1.12404   0.00595901
     1.13675   0.00619692
      1.1496   0.00644422
      1.1626   0.00670145
     1.17574   0.00696878
     1.18904   0.00724697
     1.20248     0.007536
     1.21608    0.0078367
     1.22983   0.00814926
     1.24373   0.00847412
     1.25779   0.00881195
     1.27201   0.00916321
      1.2864   0.00952867
     1.30094    0.0099083
     1.31565    0.0103031
     1.33053    0.0107138
     1.34557    0.0111404
     1.36078     0.011584
     1.37617    0.0120454
     1.39173     0.012525
     1.40746    0.0130234
     1.42338    0.0135419
     1.43947    0.0140806
     1.45575    0.0146409
     1.47221    0.0152233
     1.48885    0.0158285
     1.50569     0.016458
     1.52271     0.017112
     1.53993    0.0177922
     1.55734    0.0184991
     1.57495     0.019234
     1.59275    0.0199975
     1.61076    0.0207916
     1.62897    0.0216168
     1.64739    0.0224747
     1.66602    0.0233665
     1.68485    0.0242929
      1.7039    0.0252562
     1.72317    0.0262576
     1.74265     0.027298
     1.76236    0.0283799
     1.78228    0.0295036
     1.80243    0.0306717
     1.82281    0.0318857
     1.84342    0.0331474
     1.86427    0.0344591
     1.88534    0.0358212
     1.90666    0.0372374
     1.92822     0.038709
     1.95002     0.040238
     1.97207     0.041827
     1.99437    0.0434782
     2.01691     0.045193
     2.03972    0.0469759
     2.06278    0.0488278
      2.0861    0.0507518
     2.10969    0.0527514
     2.13354    0.0548283
     2.15767    0.0569869
     2.18206    0.0592282
     2.20673    0.0615571
     2.23168    0.0639765
     2.25692    0.0664906
     2.28244    0.0691016
     2.30824    0.0718129
     2.33434      0.07463
     2.36073    0.0775554
     2.38742    0.0805941
     2.41442    0.0837511
     2.44172    0.0870292
     2.46932    0.0904326
     2.49724     0.093968
     2.52548    0.0976399
     2.55403     0.101452
     2.58291     0.105411
     2.61211     0.109521
     2.64165     0.113789
     2.67152     0.118221
     2.70172      0.12282
     2.73227     0.127597
     2.76316     0.132554
      2.7944     0.137701
       2.826     0.143045
     2.85795      0.14859
     2.89026     0.154345
     2.92294     0.160319
     2.95599     0.166519
     2.98941     0.172952
     3.02321     0.179629
      3.0574     0.186559
     3.09196     0.193745
     3.12692     0.201204
     3.16228     0.208943
     3.19803     0.216969
     3.23419     0.225297
     3.27076     0.233935
     3.30774     0.242894
     3.34514     0.252186
     3.38296     0.261823
     3.42121     0.271816
     3.45989     0.282178
     3.49901     0.292923
     3.53857     0.304062
     3.57858      0.31561
     3.61904     0.327581
     3.65996     0.339991
     3.70134     0.352851
     3.74319      0.36618
     3.78552     0.379995
     3.82832     0.394307
      3.8716     0.409135
     3.91538     0.424499
     3.95964      0.44041
     4.00441     0.456894
     4.04969     0.473967
     4.09548     0.491648
     4.14178     0.509952
     4.18861     0.528907
     4.23597     0.548529
     4.28387     0.568844
      4.3323     0.589864
     4.38129     0.611623
     4.43082     0.634133
     4.48092     0.657426
     4.53158      0.68152
     4.58282     0.706445
     4.63464     0.732224
     4.68704     0.758878
     4.74003     0.786435
     4.79363     0.814928
     4.84782     0.844371
     4.90264     0.874808
     4.95807     0.906253
     5.01413     0.938742
     5.07082     0.972299
     5.12815      1.00696
     5.18613      1.04274
     5.24477      1.07969
     5.30407      1.11783
     5.36404      1.15719
     5.42469       1.1978
     5.48603       1.2397
     5.54805       1.2829
     5.61078      1.32745
     5.67422      1.37339
     5.73838      1.42073
     5.80326      1.46952
     5.86887      1.51977
     5.93523      1.57154
     6.00234      1.62485
      6.0702      1.67971
     6.13883      1.73618
     6.20824      1.79428
     6.27844      1.85404
     6.34942      1.91549
     6.42121      1.97865
     6.49382      2.04357
     6.56724      2.11025
     6.64149      2.17872
     6.71658      2.24902
     6.79253      2.32118
     6.86932      2.39518
     6.94699      2.47107
     7.02554      2.54887
     7.10497      2.62858
     7.18531      2.71023
     7.26655      2.79381
     7.34871      2.87935
      7.4318      2.96684
     7.51582      3.05627
      7.6008      3.14767
     7.68674      3.24101
     7.77365      3.33629
     7.86154      3.43349
     7.95043       3.5326
     8.04032      3.63358
     8.13123      3.73643
     8.22317      3.84109
     8.31614      3.94752
     8.41017       4.0557
     8.50526      4.16555
     8.60142      4.27701
     8.69868      4.39004
     8.79703      4.50454
     8.89649      4.62043
     8.99708      4.73763
     9.09881      4.85604
     9.20168      4.97553
     9.30572        5.096
     9.41094      5.21732
     9.51734      5.33934
     9.62495      5.46192
     9.73377      5.58489
     9.84383      5.70809
     9.95513      5.83132
     10.0677       5.9544
     10.1815      6.07706
     10.2966      6.19914
     10.4131      6.32049
     10.5308      6.44064
     10.6499      6.55951
     10.7703      6.67671
      10.892      6.79195
     11.0152      6.90507
     11.1397      7.01557
     11.2657      7.12328
     11.3931      7.22775
     11.5219      7.32859
     11.6522      7.42552
     11.7839      7.51804
     11.9171      7.60582
     12.0519       7.6885
     12.1881      7.76552
     12.3259      7.83655
     12.4653      7.90112
     12.6063      7.95878
     12.7488      8.00901
     12.8929      8.05138
     13.0387      8.08544
     13.1861      8.11067
     13.3352      8.12662
      13.486      8.13279
     13.6385      8.12871
     13.7927      8.11391
     13.9486      8.08793
     14.1063       8.0503
     14.2658      8.00058
     14.4271      7.93835
     14.5902      7.86321
     14.7552      7.77474
      14.922      7.67263
     15.0908      7.55646
     15.2614      7.42606
     15.4339      7.28116
     15.6084      7.12145
     15.7849      6.94679
     15.9634      6.75708
     16.1439      6.55229
     16.3264      6.33245
      16.511      6.09754
     16.6977      5.84771
     16.8865      5.58322
     17.0774      5.30438
     17.2705      5.01147
     17.4658      4.70497
     17.6632      4.38564
     17.8629      4.05386
     18.0649       3.7104
     18.2692      3.35615
     18.4757      2.99228
     18.6846      2.61954
     18.8959      2.23914
     19.1095      1.85257
     19.3256      1.46088
     19.5441      1.06578
     19.7651     0.668707
     19.9885     0.271552
     20.2145    -0.124236
     20.4431    -0.516761
     20.6742    -0.903891
      20.908     -1.28393
     21.1444     -1.65463
     21.3835     -2.01402
     21.6252      -2.3598
     21.8697      -2.6901
      22.117     -3.00275
     22.3671      -3.2956
       22.62     -3.56656
     22.8757     -3.81362
     23.1344     -4.03502
     23.3959     -4.22876
     23.6605     -4.39338
      23.928     -4.52721
     24.1985     -4.62898
     24.4721      -4.6976
     24.7488     -4.73217
     25.0287     -4.73206
     25.3116     -4.69697
     25.5978     -4.62685
     25.8873     -4.52197
     26.1799      -4.3831
      26.476     -4.21107
     26.7753     -4.00747
      27.078     -3.77396
     27.3842     -3.51266
     27.6938     -3.22622
     28.0069     -2.91752
     28.3236     -2.58979
     28.6438     -2.24679
     28.9677     -1.89231
     29.2952     -1.53075
     29.6265     -1.16639
     29.9614    -0.804194
     30.3002    -0.448671
     30.6428    -0.104862
     30.9892     0.222318
     31.3396      0.52821
      31.694     0.808112
     32.0523      1.05752
     32.4147      1.27247
     32.7812       1.4493
     33.1519       1.5849
     33.5267      1.67671
     33.9058      1.72295
     34.2891      1.72257
     34.6768      1.67538
     35.0689      1.58208
     35.4654      1.44435
     35.8664      1.26482
     36.2719      1.04717
      36.682     0.795977
     37.0968     0.516789
     37.5162      0.21617
     37.9404    -0.098719
     38.3693    -0.419806
     38.8032    -0.738764
     39.2419     -1.04651
     39.6856     -1.33406
     40.1343     -1.59231
     40.5881     -1.81247
      41.047      -1.9862
     41.5111     -2.10599
     41.9804      -2.1653
     42.4551     -2.15891
     42.9351     -2.08313
     43.4205     -1.93602
     43.9115     -1.71753
      44.408     -1.42985
     44.9101      -1.0773
     45.4178    -0.666552
     45.9314    -0.206248
     46.4507      0.29237
     46.9759     0.816427
      47.507      1.35112
     48.0442      1.88045
     48.5874      2.38711
     49.1367      2.85353
     49.6923      3.26223
     50.2541      3.59617
     50.8223      3.83982
      51.397      3.97954
     51.9781      4.00424
     52.5658      3.90617
     53.1601      3.68135
     53.7612      3.32999
      54.369      2.85706
     54.9838      2.27209
     55.6054      1.58983
     56.2341     0.829245
     56.8699    0.0138738
     57.5129    -0.829165
     58.1632     -1.66987
     58.8208     -2.47626
     59.4859      -3.2159
     60.1585     -3.85681
     60.8387      -4.3692
     61.5265     -4.72674
     62.2222     -4.90849
     62.9257     -4.89949
     63.6372     -4.69245
     64.3567     -4.28885
     65.0843     -3.69813
     65.8202      -2.9404
     66.5644     -2.04386
      67.317       -1.045
     68.0782    0.0128408
     68.8479      1.08074
     69.6263      2.10721
     70.4136      3.04029
     71.2097      3.82998
     72.0148      4.43188
     72.8291      4.80956
     73.6525      4.93716
     74.4853      4.80181
     75.3274      4.40511
     76.1791      3.76384
     77.0404      2.91013
     77.9115      1.89009
     78.7924     0.762181
     79.6833    -0.406349
     80.5842     -1.54284
     81.4953      -2.5743
     82.4168     -3.43211
     83.3486     -4.05665
      84.291     -4.40289
      85.244     -4.44373
     86.2079     -4.17322
     87.1826     -3.60815
     88.1683     -2.78785
     89.1652     -1.77222
     90.1733    -0.638222
     91.1929     0.525989
      92.224       1.6272
     93.2667      2.57525
     94.3212      3.29088
     95.3877      3.71292
     96.4662      3.80487
     97.5569      3.55904
     98.6599      2.99857
     99.7754      2.17643
     100.904      1.17107
     102.044    0.0822024
     103.198    -0.984512
     104.365      -1.9213
     105.545      -2.6328
     106.738     -3.04709
     107.945     -3.12353
     109.166     -2.85777
       110.4     -2.28465
     111.648     -1.47393
     112.911    -0.522908
     114.187     0.451759
     115.478      1.33333
     116.784      2.01473
     118.104      2.41436
      119.44      2.48808
      120.79       2.2344
     122.156      1.69575
     123.537     0.953835
     124.934     0.117258
     126.346    -0.692225
     127.775     -1.35995
      129.22     -1.79236
     130.681     -1.93356
     132.158     -1.77409
     133.652     -1.35057
     135.163    -0.741099
     136.692   -0.0512877
     138.237     0.601802
       139.8      1.11256
     141.381      1.40214
     142.979      1.43271
     144.596      1.21323
     146.231     0.796554
     147.884     0.268702
     149.556    -0.268496
     151.247    -0.716174
     152.957    -0.997122
     154.687     -1.06951
     156.436    -0.933065
     158.204    -0.627547
     159.993    -0.222294
     161.802     0.197535
     163.632     0.548932
     165.482     0.766126
     167.353     0.812979
     169.245      0.68806
     171.158     0.423906
     173.094    0.0796195
     175.051    -0.269713
      177.03    -0.547997
     179.032    -0.693321
     181.056    -0.670878
     183.103    -0.482509
     185.173    -0.169835
     187.267     0.191487
     189.384     0.506291
     191.525      0.68372
     193.691     0.663393
     195.881     0.438537
     198.096    0.0663808
     200.335    -0.340783
     202.601     -0.64699
     204.891    -0.736526
     207.208    -0.561493
     209.551    -0.169255
      211.92     0.302601
     214.316     0.670784
     216.739      0.77698
      219.19     0.559772
     221.668    0.0941599
     224.174    -0.426593
     226.709    -0.767342
     229.272    -0.758556
     231.865    -0.386809
     234.486     0.181817
     237.137     0.669723
     239.819      0.82156
      242.53     0.543657
     245.272   -0.0298105
     248.045    -0.592198
      250.85    -0.825354
     253.686     -0.58471
     256.555  0.000544043
     259.455     0.585307
     262.389     0.809323
     265.356     0.524129
     268.356   -0.0951725
      271.39    -0.646366
     274.458    -0.758658
     277.562    -0.350852
       280.7     0.294877
     283.874      0.71826
     287.083     0.610163
     290.329    0.0518018
     293.612      -0.5308
     296.931    -0.685738
     300.289    -0.294708
     303.684     0.319615
     307.118     0.648103
      310.59     0.420366
     314.102    -0.156235
     317.653    -0.569203
     321.245    -0.455776
     324.877     0.063881
      328.55     0.494237
     332.265     0.433239
     336.022   -0.0386058
     339.821    -0.439301
     343.663     -0.37336
     347.549    0.0649506
     351.478     0.398726
     355.452     0.284251
     359.471    -0.122023
     363.536    -0.353626
     367.646    -0.167477
     371.803     0.182164
     376.006       0.2817
     380.258    0.0425196
     384.557     -0.21049
     388.905    -0.173021
     393.302    0.0650824
     397.749     0.177996
     402.246    0.0495154
     406.794    -0.108652
     411.394   -0.0908335
     416.045    0.0321745
     420.749    0.0712519
     425.507    0.0105795
     430.318   -0.0272428
     435.183   -0.0120163
     440.103   -0.0110889
     445.079   -0.0153885
     450.112    0.0294088
     455.201    0.0545379
     460.348   -0.0274059
     465.553   -0.0930247
     470.816    0.0121838
      476.14     0.125474
     481.523   0.00729006
     486.968    -0.151854
     492.473   -0.0231939
     498.042     0.174528
     503.673     0.029222
     509.368    -0.195501
     515.127   -0.0204261
     520.951     0.214226
     526.841  -0.00713003
     532.798    -0.225997
     538.822    0.0551985
     544.914     0.221239
     551.075    -0.120202
     557.306    -0.186923
     563.607     0.189282
      569.98     0.112015
     576.424     -0.23735
     582.942   0.00201899
     589.533     0.231336
     596.198    -0.128906
     602.939    -0.147127
     609.756     0.214593
      616.65  -0.00235491
     623.623    -0.199253
     630.674     0.147849
     637.804    0.0695272
     645.016    -0.189633
     652.309    0.0958603
     659.684    0.0844903
     667.143    -0.159185
     674.686    0.0752373
     682.314    0.0618063
     690.029    -0.122263
     697.831    0.0729909
     705.721    0.0203597
       713.7    -0.075315
     721.769    0.0633421
      729.93     -0.01499
     738.183   -0.0229554
     746.529    0.0284231
      754.97   -0.0123781
     763.506  -0.00065934
     772.139  -0.00383386
     780.869    0.0212117
     789.698     -0.03488
     798.627    0.0301871
     807.656  -0.00407676
     816.788   -0.0341169
     826.023    0.0689577
     835.363   -0.0868185
     844.808    0.0812706
     854.359   -0.0541426
     864.019    0.0132921
     873.788    0.0312859
     883.668   -0.0707195
     893.659    0.0993312
     903.763    -0.114986
     913.982     0.118541
     924.316    -0.113647
     934.766     0.100861
     945.335   -0.0862933
     956.024    0.0716083
     966.833    -0.058547
     977.765    0.0481022
      988.82   -0.0405171
        1000    0.0355519
