        0.01  2.53707e-06
   0.0101131  2.58023e-06
   0.0102274   2.6241e-06
    0.010343  2.66871e-06
     0.01046  2.71412e-06
   0.0105783   2.7603e-06
   0.0106979  2.80724e-06
   0.0108188  2.85497e-06
   0.0109411  2.90351e-06
   0.0110648  2.95289e-06
   0.0111899  3.00311e-06
   0.0113165  3.05422e-06
   0.0114444  3.10615e-06
   0.0115738  3.15898e-06
   0.0117047  3.21272e-06
    0.011837  3.26734e-06
   0.0119709  3.32294e-06
   0.0121062  3.37943e-06
   0.0122431  3.43692e-06
   0.0123815  3.49536e-06
   0.0125215  3.55481e-06
   0.0126631  3.61528e-06
   0.0128062  3.67674e-06
    0.012951  3.73927e-06
   0.0130975   3.8029e-06
   0.0132456  3.86758e-06
   0.0133953  3.93334e-06
   0.0135468  4.00025e-06
   0.0136999  4.06826e-06
   0.0138548  4.13745e-06
   0.0140115  4.20784e-06
   0.0141699   4.2794e-06
   0.0143301  4.35217e-06
   0.0144921  4.42618e-06
    0.014656  4.50148e-06
   0.0148217  4.57804e-06
   0.0149893  4.65591e-06
   0.0151588   4.7351e-06
   0.0153302  4.81564e-06
   0.0155035  4.89753e-06
   0.0156788  4.98083e-06
   0.0158561  5.06555e-06
   0.0160353  5.15167e-06
   0.0162166  5.23928e-06
      0.0164  5.32841e-06
   0.0165854  5.41903e-06
   0.0167729  5.51118e-06
   0.0169626  5.60494e-06
   0.0171544  5.70027e-06
   0.0173483  5.79719e-06
   0.0175445  5.89581e-06
   0.0177429   5.9961e-06
   0.0179435  6.09808e-06
   0.0181463  6.20175e-06
   0.0183515  6.30724e-06
    0.018559  6.41452e-06
   0.0187688   6.5236e-06
   0.0189811  6.63459e-06
   0.0191957  6.74743e-06
   0.0194127  6.86217e-06
   0.0196322  6.97888e-06
   0.0198542  7.09759e-06
   0.0200786  7.21826e-06
   0.0203057  7.34107e-06
   0.0205353  7.46593e-06
   0.0207674  7.59286e-06
   0.0210022  7.72199e-06
   0.0212397  7.85335e-06
   0.0214799  7.98694e-06
   0.0217227  8.12275e-06
   0.0219683  8.26089e-06
   0.0222167   8.4014e-06
   0.0224679  8.54429e-06
   0.0227219  8.68959e-06
   0.0229788  8.83737e-06
   0.0232387  8.98773e-06
   0.0235014  9.14056e-06
   0.0237671  9.29601e-06
   0.0240358   9.4541e-06
   0.0243076  9.61491e-06
   0.0245824  9.77842e-06
   0.0248604  9.94476e-06
   0.0251415  1.01139e-05
   0.0254257  1.02859e-05
   0.0257132  1.04608e-05
   0.0260039  1.06387e-05
   0.0262979  1.08197e-05
   0.0265953  1.10037e-05
    0.026896  1.11909e-05
   0.0272001  1.13812e-05
   0.0275076  1.15747e-05
   0.0278186  1.17716e-05
   0.0281332  1.19718e-05
   0.0284513  1.21755e-05
   0.0287729  1.23825e-05
   0.0290983  1.25931e-05
   0.0294273  1.28073e-05
     0.02976  1.30251e-05
   0.0300965  1.32467e-05
   0.0304368   1.3472e-05
   0.0307809  1.37011e-05
   0.0311289  1.39341e-05
   0.0314809  1.41711e-05
   0.0318368  1.44121e-05
   0.0321968  1.46572e-05
   0.0325608  1.49065e-05
    0.032929    1.516e-05
   0.0333013  1.54179e-05
   0.0336778  1.56801e-05
   0.0340586  1.59468e-05
   0.0344437   1.6218e-05
   0.0348331  1.64938e-05
   0.0352269  1.67743e-05
   0.0356252  1.70596e-05
    0.036028  1.73497e-05
   0.0364354  1.76448e-05
   0.0368473  1.79449e-05
    0.037264  1.82501e-05
   0.0376853  1.85605e-05
   0.0381114  1.88762e-05
   0.0385423  1.91972e-05
   0.0389781  1.95237e-05
   0.0394188  1.98558e-05
   0.0398645  2.01935e-05
   0.0403152  2.05369e-05
    0.040771  2.08862e-05
    0.041232  2.12414e-05
   0.0416982  2.16027e-05
   0.0421697  2.19701e-05
   0.0426464  2.23437e-05
   0.0431286  2.27238e-05
   0.0436163  2.31103e-05
   0.0441094  2.35033e-05
   0.0446081   2.3903e-05
   0.0451125  2.43096e-05
   0.0456226   2.4723e-05
   0.0461384  2.51435e-05
   0.0466601  2.55712e-05
   0.0471876   2.6006e-05
   0.0477212  2.64484e-05
   0.0482607  2.68981e-05
   0.0488064  2.73557e-05
   0.0493582  2.78209e-05
   0.0499163  2.82941e-05
   0.0504807  2.87753e-05
   0.0510514  2.92646e-05
   0.0516286  2.97624e-05
   0.0522124  3.02686e-05
   0.0528027  3.07834e-05
   0.0533997  3.13069e-05
   0.0540035  3.18394e-05
   0.0546141  3.23809e-05
   0.0552316  3.29316e-05
   0.0558561  3.34917e-05
   0.0564876  3.40613e-05
   0.0571263  3.46406e-05
   0.0577722  3.52298e-05
   0.0584254   3.5829e-05
    0.059086  3.64383e-05
    0.059754   3.7058e-05
   0.0604296  3.76883e-05
   0.0611129  3.83293e-05
   0.0618039  3.89812e-05
   0.0625027  3.96442e-05
   0.0632093  4.03184e-05
    0.063924  4.10041e-05
   0.0646468  4.17015e-05
   0.0653777  4.24108e-05
   0.0661169  4.31321e-05
   0.0668645  4.38657e-05
   0.0676205  4.46117e-05
    0.068385  4.53704e-05
   0.0691582  4.61421e-05
   0.0699402  4.69269e-05
   0.0707309  4.77249e-05
   0.0715307  4.85367e-05
   0.0723394  4.93621e-05
   0.0731573  5.02016e-05
   0.0739845  5.10555e-05
    0.074821  5.19238e-05
    0.075667  5.28069e-05
   0.0765225   5.3705e-05
   0.0773877  5.46184e-05
   0.0782627  5.55474e-05
   0.0791476  5.64921e-05
   0.0800424  5.74528e-05
   0.0809474  5.84299e-05
   0.0818627  5.94238e-05
   0.0827883  6.04344e-05
   0.0837243  6.14622e-05
   0.0846709  6.25075e-05
   0.0856283  6.35707e-05
   0.0865964  6.46518e-05
   0.0875755  6.57514e-05
   0.0885657  6.68697e-05
   0.0895671   6.8007e-05
   0.0905798  6.91636e-05
   0.0916039  7.03399e-05
   0.0926396  7.15362e-05
   0.0936871  7.27529e-05
   0.0947464  7.39903e-05
   0.0958176  7.52486e-05
    0.096901  7.65285e-05
   0.0979966    7.783e-05
   0.0991046  7.91537e-05
    0.100225  8.04998e-05
    0.101358  8.18686e-05
    0.102504   8.3261e-05
    0.103663  8.46771e-05
    0.104835  8.61172e-05
    0.106021  8.75827e-05
    0.107219  8.90713e-05
    0.108432  9.05871e-05
    0.109658  9.21278e-05
    0.110898  9.36948e-05
    0.112151  9.52872e-05
    0.113419  9.69078e-05
    0.114702  9.85568e-05
    0.115999  0.000100233
     0.11731  0.000101937
    0.118637  0.000103672
    0.119978  0.000105434
    0.121335  0.000107228
    0.122706  0.000109051
    0.124094  0.000110906
    0.125497  0.000112792
    0.126916  0.000114711
    0.128351  0.000116662
    0.129802  0.000118646
     0.13127  0.000120664
    0.132754  0.000122716
    0.134255  0.000124803
    0.135773  0.000126926
    0.137308  0.000129084
     0.13886  0.000131279
     0.14043  0.000133511
    0.142018  0.000135782
    0.143624  0.000138092
    0.145248  0.000140441
     0.14689  0.000142829
    0.148551  0.000145259
     0.15023  0.000147728
    0.151929  0.000150241
    0.153647  0.000152797
    0.155384  0.000155395
    0.157141  0.000158038
    0.158918  0.000160726
    0.160714  0.000163459
    0.162531  0.000166239
    0.164369  0.000169066
    0.166228  0.000171943
    0.168107  0.000174866
    0.170008  0.000177841
     0.17193  0.000180865
    0.173874  0.000183941
     0.17584   0.00018707
    0.177828  0.000190251
    0.179839  0.000193487
    0.181872  0.000196777
    0.183928  0.000200123
    0.186008  0.000203528
    0.188111  0.000206989
    0.190238  0.000210509
    0.192389   0.00021409
    0.194564   0.00021773
    0.196764  0.000221434
    0.198989    0.0002252
    0.201238  0.000229029
    0.203514  0.000232925
    0.205815  0.000236886
    0.208142  0.000240915
    0.210495  0.000245012
    0.212875  0.000249179
    0.215282  0.000253417
    0.217716  0.000257727
    0.220178  0.000262111
    0.222667  0.000266567
    0.225185  0.000271102
    0.227731  0.000275712
    0.230306  0.000280402
     0.23291  0.000285171
    0.235543   0.00029002
    0.238206  0.000294952
      0.2409  0.000299969
    0.243623   0.00030507
    0.246378  0.000310259
    0.249163  0.000315534
    0.251981  0.000320902
     0.25483   0.00032636
    0.257711   0.00033191
    0.260625  0.000337555
    0.263571  0.000343294
    0.266552  0.000349134
    0.269565   0.00035507
    0.272613  0.000361109
    0.275696  0.000367252
    0.278813  0.000373498
    0.281965  0.000379849
    0.285153  0.000386309
    0.288377  0.000392878
    0.291638  0.000399561
    0.294935  0.000406355
     0.29827  0.000413267
    0.301642  0.000420294
    0.305053  0.000427443
    0.308502  0.000434712
     0.31199  0.000442105
    0.315517  0.000449623
    0.319085  0.000457271
    0.322693  0.000465048
    0.326341  0.000472956
    0.330031     0.000481
    0.333762  0.000489179
    0.337536  0.000497499
    0.341353  0.000505961
    0.345212  0.000514564
    0.349115  0.000523315
    0.353062  0.000532214
    0.357054  0.000541265
    0.361091   0.00055047
    0.365174  0.000559832
    0.369303  0.000569353
    0.373479  0.000579037
    0.377701  0.000588883
    0.381972  0.000598898
    0.386291  0.000609084
    0.390658  0.000619441
    0.395075  0.000629975
    0.399542  0.000640689
    0.404059  0.000651583
    0.408628  0.000662665
    0.413248  0.000673934
    0.417921  0.000685397
    0.422646  0.000697052
    0.427424  0.000708904
    0.432257  0.000720961
    0.437144   0.00073322
    0.442087   0.00074569
    0.447086  0.000758373
    0.452141  0.000771269
    0.457253  0.000784385
    0.462423  0.000797724
    0.467651  0.000811289
    0.472939  0.000825087
    0.478286  0.000839117
    0.483694  0.000853387
    0.489162  0.000867897
    0.494693  0.000882656
    0.500286  0.000897666
    0.505943  0.000912932
    0.511663  0.000928455
    0.517449  0.000944246
    0.523299  0.000960302
    0.529216  0.000976632
    0.535199  0.000993238
    0.541251   0.00101013
     0.54737   0.00102731
    0.553559   0.00104477
    0.559818   0.00106254
    0.566148   0.00108061
    0.572549   0.00109899
    0.579022   0.00111767
    0.585569   0.00113668
     0.59219   0.00115601
    0.598885   0.00117566
    0.605657   0.00119566
    0.612505   0.00121599
     0.61943   0.00123666
    0.626434   0.00125769
    0.633516   0.00127908
    0.640679   0.00130082
    0.647923   0.00132294
    0.655249   0.00134544
    0.662657   0.00136831
     0.67015   0.00139158
    0.677727   0.00141524
     0.68539   0.00143931
    0.693139   0.00146378
    0.700976   0.00148867
    0.708902   0.00151398
    0.716917   0.00153972
    0.725023    0.0015659
     0.73322   0.00159253
     0.74151    0.0016196
    0.749894   0.00164714
    0.758373   0.00167515
    0.766947   0.00170362
    0.775619   0.00173259
    0.784389   0.00176205
    0.793257   0.00179201
    0.802226   0.00182247
    0.811297   0.00185346
     0.82047   0.00188497
    0.829746   0.00191701
    0.839128   0.00194961
    0.848615   0.00198275
     0.85821   0.00201646
    0.867914   0.00205074
    0.877727   0.00208561
    0.887651   0.00212106
    0.897687   0.00215712
    0.907837   0.00219379
    0.918101   0.00223108
    0.928482   0.00226901
     0.93898   0.00230758
    0.949596   0.00234681
    0.960333    0.0023867
    0.971191   0.00242727
    0.982172   0.00246853
    0.993277   0.00251049
     1.00451   0.00255318
     1.01586   0.00259655
     1.02735    0.0026407
     1.03897    0.0026856
     1.05071   0.00273122
     1.06259   0.00277764
     1.07461   0.00282488
     1.08676   0.00287289
     1.09905   0.00292173
     1.11147   0.00297136
     1.12404   0.00302187
     1.13675   0.00307324
      1.1496   0.00312545
      1.1626   0.00317858
     1.17574   0.00323258
     1.18904   0.00328754
     1.20248   0.00334339
     1.21608   0.00340023
     1.22983   0.00345801
     1.24373   0.00351675
     1.25779    0.0035765
     1.27201   0.00363727
      1.2864   0.00369911
     1.30094   0.00376194
     1.31565   0.00382586
     1.33053   0.00389089
     1.34557   0.00395698
     1.36078   0.00402419
     1.37617   0.00409258
     1.39173   0.00416212
     1.40746    0.0042328
     1.42338   0.00430474
     1.43947   0.00437785
     1.45575   0.00445224
     1.47221   0.00452788
     1.48885   0.00460476
     1.50569   0.00468301
     1.52271   0.00476254
     1.53993   0.00484345
     1.55734    0.0049257
     1.57495   0.00500937
     1.59275   0.00509442
     1.61076   0.00518094
     1.62897   0.00526892
     1.64739   0.00535841
     1.66602   0.00544942
     1.68485   0.00554192
      1.7039   0.00563602
     1.72317   0.00573174
     1.74265   0.00582905
     1.76236   0.00592805
     1.78228   0.00602866
     1.80243     0.006131
     1.82281   0.00623509
     1.84342   0.00634094
     1.86427   0.00644861
     1.88534   0.00655803
     1.90666   0.00666935
     1.92822   0.00678256
     1.95002   0.00689767
     1.97207   0.00701474
     1.99437   0.00713379
     2.01691    0.0072548
     2.03972   0.00737793
     2.06278    0.0075031
      2.0861   0.00763039
     2.10969   0.00775986
     2.13354   0.00789149
     2.15767    0.0080254
     2.18206    0.0081615
     2.20673   0.00829992
     2.23168   0.00844069
     2.25692   0.00858388
     2.28244   0.00872946
     2.30824   0.00887745
     2.33434   0.00902799
     2.36073   0.00918104
     2.38742   0.00933669
     2.41442   0.00949501
     2.44172   0.00965597
     2.46932   0.00981959
     2.49724   0.00998602
     2.52548    0.0101553
     2.55403    0.0103274
     2.58291    0.0105024
     2.61211    0.0106803
     2.64165    0.0108613
     2.67152    0.0110453
     2.70172    0.0112323
     2.73227    0.0114226
     2.76316     0.011616
      2.7944    0.0118127
       2.826    0.0120128
     2.85795    0.0122161
     2.89026    0.0124229
     2.92294    0.0126332
     2.95599     0.012847
     2.98941    0.0130644
     3.02321    0.0132855
      3.0574    0.0135103
     3.09196    0.0137388
     3.12692    0.0139712
     3.16228    0.0142075
     3.19803    0.0144478
     3.23419    0.0146921
     3.27076    0.0149405
     3.30774     0.015193
     3.34514    0.0154498
     3.38296    0.0157109
     3.42121    0.0159764
     3.45989    0.0162463
     3.49901    0.0165207
     3.53857    0.0167997
     3.57858    0.0170834
     3.61904    0.0173718
     3.65996    0.0176651
     3.70134    0.0179632
     3.74319    0.0182663
     3.78552    0.0185746
     3.82832    0.0188879
      3.8716    0.0192064
     3.91538    0.0195303
     3.95964    0.0198595
     4.00441    0.0201942
     4.04969    0.0205346
     4.09548    0.0208806
     4.14178    0.0212323
     4.18861    0.0215898
     4.23597    0.0219534
     4.28387    0.0223229
      4.3323    0.0226986
     4.38129    0.0230805
     4.43082    0.0234687
     4.48092    0.0238634
     4.53158    0.0242646
     4.58282    0.0246724
     4.63464    0.0250871
     4.68704    0.0255085
     4.74003    0.0259368
     4.79363    0.0263723
     4.84782    0.0268149
     4.90264    0.0272649
     4.95807    0.0277222
     5.01413     0.028187
     5.07082    0.0286595
     5.12815    0.0291397
     5.18613    0.0296278
     5.24477     0.030124
     5.30407    0.0306282
     5.36404    0.0311407
     5.42469    0.0316616
     5.48603     0.032191
     5.54805     0.032729
     5.61078    0.0332758
     5.67422    0.0338315
     5.73838    0.0343963
     5.80326    0.0349702
     5.86887    0.0355534
     5.93523    0.0361461
     6.00234    0.0367484
      6.0702    0.0373604
     6.13883    0.0379823
     6.20824    0.0386142
     6.27844    0.0392564
     6.34942    0.0399089
     6.42121    0.0405718
     6.49382    0.0412455
     6.56724    0.0419299
     6.64149    0.0426252
     6.71658    0.0433316
     6.79253    0.0440495
     6.86932    0.0447785
     6.94699    0.0455193
     7.02554    0.0462719
     7.10497    0.0470363
     7.18531     0.047813
     7.26655    0.0486018
     7.34871     0.049403
      7.4318    0.0502169
     7.51582    0.0510435
      7.6008    0.0518832
     7.68674    0.0527359
     7.77365     0.053602
     7.86154    0.0544815
     7.95043    0.0553748
     8.04032    0.0562819
     8.13123     0.057203
     8.22317    0.0581384
     8.31614    0.0590881
     8.41017    0.0600524
     8.50526    0.0610315
     8.60142    0.0620255
     8.69868    0.0630348
     8.79703    0.0640593
     8.89649    0.0650993
     8.99708    0.0661551
     9.09881    0.0672268
     9.20168    0.0683144
     9.30572    0.0694184
     9.41094    0.0705389
     9.51734     0.071676
     9.62495    0.0728299
     9.73377    0.0740008
     9.84383     0.075189
     9.95513    0.0763945
     10.0677    0.0776177
     10.1815    0.0788582
     10.2966    0.0801167
     10.4131    0.0813945
     10.5308    0.0826893
     10.6499    0.0840032
     10.7703    0.0853353
      10.892    0.0866855
     11.0152    0.0880561
     11.1397    0.0894447
     11.2657    0.0908537
     11.3931    0.0922818
     11.5219     0.093729
     11.6522    0.0951965
     11.7839    0.0966831
     11.9171    0.0981898
     12.0519    0.0997177
     12.1881     0.101264
     12.3259     0.102832
     12.4653     0.104421
     12.6063     0.106031
     12.7488      0.10766
     12.8929      0.10931
     13.0387     0.110982
     13.1861     0.112674
     13.3352     0.114388
      13.486     0.116122
     13.6385     0.117878
     13.7927     0.119655
     13.9486     0.121452
     14.1063     0.123271
     14.2658     0.125111
     14.4271     0.126973
     14.5902     0.128855
     14.7552     0.130759
      14.922     0.132683
     15.0908     0.134629
     15.2614     0.136595
     15.4339     0.138581
     15.6084     0.140588
     15.7849     0.142616
     15.9634     0.144664
     16.1439     0.146732
     16.3264      0.14882
      16.511     0.150927
     16.6977     0.153053
     16.8865     0.155199
     17.0774     0.157362
     17.2705     0.159544
     17.4658     0.161744
     17.6632     0.163961
     17.8629     0.166195
     18.0649     0.168446
     18.2692     0.170713
     18.4757     0.172994
     18.6846      0.17529
     18.8959     0.177602
     19.1095     0.179925
     19.3256     0.182263
     19.5441     0.184612
     19.7651     0.186972
     19.9885     0.189342
     20.2145     0.191722
     20.4431     0.194111
     20.6742     0.196506
      20.908     0.198909
     21.1444     0.201317
     21.3835     0.203729
     21.6252     0.206143
     21.8697     0.208559
      22.117     0.210976
     22.3671     0.213392
       22.62     0.215806
     22.8757     0.218215
     23.1344     0.220619
     23.3959     0.223015
     23.6605     0.225403
      23.928      0.22778
     24.1985     0.230144
     24.4721     0.232494
     24.7488     0.234827
     25.0287     0.237143
     25.3116     0.239437
     25.5978     0.241709
     25.8873     0.243956
     26.1799     0.246174
      26.476     0.248364
     26.7753     0.250521
      27.078     0.252642
     27.3842     0.254727
     27.6938     0.256771
     28.0069     0.258772
     28.3236     0.260728
     28.6438     0.262635
     28.9677      0.26449
     29.2952      0.26629
     29.6265     0.268032
     29.9614     0.269713
     30.3002     0.271331
     30.6428     0.272881
     30.9892     0.274359
     31.3396     0.275764
      31.694     0.277092
     32.0523     0.278338
     32.4147       0.2795
     32.7812     0.280574
     33.1519     0.281558
     33.5267     0.282446
     33.9058     0.283236
     34.2891     0.283924
     34.6768     0.284507
     35.0689     0.284982
     35.4654     0.285344
     35.8664     0.285592
     36.2719      0.28572
      36.682     0.285727
     37.0968     0.285609
     37.5162     0.285363
     37.9404     0.284986
     38.3693     0.284475
     38.8032     0.283827
     39.2419     0.283041
     39.6856     0.282113
     40.1343     0.281042
     40.5881     0.279825
      41.047      0.27846
     41.5111     0.276947
     41.9804     0.275283
     42.4551     0.273467
     42.9351     0.271499
     43.4205     0.269379
     43.9115     0.267104
      44.408     0.264677
     44.9101     0.262097
     45.4178     0.259365
     45.9314     0.256482
     46.4507     0.253449
     46.9759     0.250269
      47.507     0.246943
     48.0442     0.243474
     48.5874     0.239865
     49.1367      0.23612
     49.6923     0.232242
     50.2541     0.228236
     50.8223     0.224106
      51.397     0.219857
     51.9781     0.215496
     52.5658     0.211028
     53.1601     0.206459
     53.7612     0.201797
      54.369     0.197049
     54.9838     0.192221
     55.6054     0.187324
     56.2341     0.182365
     56.8699     0.177352
     57.5129     0.172294
     58.1632     0.167202
     58.8208     0.162084
     59.4859     0.156951
     60.1585     0.151812
     60.8387     0.146677
     61.5265     0.141558
     62.2222     0.136463
     62.9257     0.131405
     63.6372     0.126392
     64.3567     0.121442
     65.0843     0.116546
     65.8202     0.111731
     66.5644     0.107004
      67.317      0.10237
     68.0782    0.0978379
     68.8479    0.0934184
     69.6263     0.089118
     70.4136    0.0849432
     71.2097    0.0809012
     72.0148     0.076997
     72.8291    0.0732346
     73.6525    0.0696187
     74.4853    0.0661508
     75.3274    0.0628332
     76.1791    0.0596655
     77.0404     0.056647
     77.9115     0.053775
     78.7924    0.0510461
     79.6833    0.0484547
     80.5842    0.0459945
     81.4953    0.0436569
     82.4168    0.0414279
     83.3486    0.0393037
      84.291    0.0372672
      85.244    0.0353035
     86.2079    0.0333955
     87.1826    0.0315253
     88.1683    0.0296726
     89.1652    0.0278155
     90.1733    0.0259309
     91.1929    0.0239936
      92.224    0.0219774
     93.2667    0.0198548
     94.3212    0.0175966
     95.3877    0.0151787
     96.4662    0.0125589
     97.5569   0.00971139
     98.6599   0.00660425
     99.7754   0.00320526
     100.904 -0.000519146
     102.044  -0.00459401
     103.198  -0.00904472
     104.365   -0.0139386
     105.545   -0.0192608
     106.738   -0.0250501
     107.945   -0.0313335
     109.166   -0.0381308
       110.4   -0.0454514
     111.648   -0.0533119
     112.911    -0.061725
     114.187   -0.0706779
     115.478   -0.0801818
     116.784    -0.090218
     118.104    -0.100762
      119.44    -0.111804
      120.79     -0.12329
     122.156    -0.135192
     123.537    -0.147448
     124.934    -0.160004
     126.346    -0.172775
     127.775    -0.185697
      129.22    -0.198665
     130.681    -0.211584
     132.158    -0.224321
     133.652    -0.236782
     135.163    -0.248828
     136.692    -0.260328
     138.237    -0.271123
       139.8    -0.281076
     141.381    -0.290031
     142.979    -0.297826
     144.596    -0.304312
     146.231    -0.309328
     147.884    -0.312721
     149.556    -0.314348
     151.247    -0.314069
     152.957    -0.311756
     154.687    -0.307292
     156.436    -0.300582
     158.204     -0.29155
     159.993    -0.280128
     161.802    -0.266289
     163.632    -0.250019
     165.482     -0.23135
     167.353    -0.210329
     169.245    -0.187042
     171.158    -0.161614
     173.094    -0.134174
     175.051    -0.104933
      177.03   -0.0741293
     179.032   -0.0420069
     181.056  -0.00886707
     183.103    0.0249661
     185.173    0.0591305
     187.267    0.0932533
     189.384     0.126906
     191.525     0.159677
     193.691     0.191136
     195.881      0.22082
     198.096     0.248296
     200.335     0.273111
     202.601     0.294875
     204.891     0.313159
     207.208     0.327621
     209.551     0.337924
      211.92     0.343807
     214.316     0.345059
     216.739     0.341523
      219.19      0.33313
     221.668     0.319893
     224.174     0.301906
     226.709     0.279345
     229.272       0.2525
     231.865     0.221721
     234.486     0.187496
     237.137      0.15035
     239.819     0.110899
      242.53    0.0698738
     245.272    0.0280069
     248.045   -0.0138939
      250.85   -0.0550053
     253.686   -0.0944609
     256.555    -0.131454
     259.455     -0.16514
     262.389    -0.194797
     265.356    -0.219727
     268.356     -0.23934
      271.39    -0.253173
     274.458    -0.260885
     277.562    -0.262294
       280.7    -0.257375
     283.874    -0.246278
     287.083    -0.229327
     290.329    -0.207013
     293.612    -0.179997
     296.931    -0.149101
     300.289    -0.115243
     303.684   -0.0794874
     307.118   -0.0429341
      310.59  -0.00674712
     314.102    0.0279456
     317.653    0.0600327
     321.245    0.0885218
     324.877     0.112524
      328.55     0.131338
     332.265     0.144461
     336.022     0.151612
     339.821     0.152759
     343.663     0.148119
     347.549     0.138151
     351.478     0.123546
     355.452     0.105182
     359.471     0.084097
     363.536     0.061429
     367.646    0.0379437
     371.803    0.0160743
     376.006   -0.0043723
     380.258    -0.022052
     384.557   -0.0362278
     388.905   -0.0464271
     393.302    -0.052447
     397.749   -0.0543752
     402.246   -0.0525787
     406.794   -0.0476752
     411.394   -0.0405902
     416.045   -0.0319586
     420.749   -0.0231075
     425.507   -0.0149041
     430.318  -0.00820449
     435.183  -0.00365806
     440.103  -0.00164588
     445.079  -0.00223762
     450.112  -0.00517637
     455.201   -0.0098937
     460.348   -0.0155647
     465.553   -0.0211869
     470.816   -0.0256908
      476.14   -0.0280662
     481.523   -0.0274863
     486.968   -0.0234307
     492.473   -0.0157816
     498.042  -0.00486967
     503.673   0.00850329
     509.368    0.0231309
     515.127    0.0374972
     520.951    0.0499404
     526.841    0.0588426
     532.798    0.0628373
     538.822    0.0610088
     544.914    0.0530553
     551.075     0.039386
     557.306    0.0211352
     563.607  8.61704e-05
      569.98   -0.0215155
     576.424   -0.0412026
     582.942   -0.0566231
     589.533   -0.0658369
     596.198   -0.0676282
     602.939   -0.0617092
     609.756   -0.0488036
      616.65   -0.0306019
     623.623  -0.00954709
     630.674    0.0114988
     637.804    0.0296885
     645.016    0.0426349
     652.309     0.048788
     659.684    0.0477117
     667.143     0.040152
     674.686    0.0279016
     682.314    0.0134602
     690.029 -0.000452281
     697.831   -0.0114294
     705.721   -0.0178694
       713.7   -0.0192925
     721.769   -0.0164113
      729.93    -0.010921
     738.183  -0.00504439
     746.529 -0.000922327
      754.97 -3.22696e-06
     763.506  -0.00259413
     772.139   -0.0077114
     780.869   -0.0133048
     789.698   -0.0168337
     798.627   -0.0160574
     807.656  -0.00983366
     816.788    0.0013298
     826.023     0.015167
     835.363    0.0281036
     844.808    0.0361871
     854.359    0.0362889
     864.019    0.0272093
     873.788    0.0103266
     883.668    -0.010499
     893.659   -0.0298273
     903.763    -0.042177
     913.982   -0.0437338
     924.316   -0.0339636
     934.766    -0.014738
     945.335   0.00765437
     956.024    0.0268507
     966.833    0.0372358
     977.765    0.0361206
      988.82     0.024663
        1000    0.0074096
