        0.01  0.000129743
   0.0101131   0.00013195
   0.0102274  0.000134194
    0.010343  0.000136475
     0.01046  0.000138797
   0.0105783  0.000141159
   0.0106979  0.000143559
   0.0108188     0.000146
   0.0109411  0.000148483
   0.0110648  0.000151008
   0.0111899  0.000153576
   0.0113165   0.00015619
   0.0114444  0.000158845
   0.0115738  0.000161547
   0.0117047  0.000164295
    0.011837  0.000167088
   0.0119709  0.000169932
   0.0121062  0.000172821
   0.0122431   0.00017576
   0.0123815  0.000178749
   0.0125215  0.000181789
   0.0126631  0.000184882
   0.0128062  0.000188024
    0.012951  0.000191222
   0.0130975  0.000194476
   0.0132456  0.000197784
   0.0133953  0.000201147
   0.0135468  0.000204569
   0.0136999  0.000208046
   0.0138548  0.000211585
   0.0140115  0.000215184
   0.0141699  0.000218844
   0.0143301  0.000222565
   0.0144921   0.00022635
    0.014656  0.000230201
   0.0148217  0.000234116
   0.0149893  0.000238098
   0.0151588  0.000242148
   0.0153302  0.000246267
   0.0155035  0.000250454
   0.0156788  0.000254714
   0.0158561  0.000259047
   0.0160353  0.000263451
   0.0162166  0.000267931
      0.0164  0.000272489
   0.0165854  0.000277123
   0.0167729  0.000281836
   0.0169626  0.000286631
   0.0171544  0.000291506
   0.0173483  0.000296462
   0.0175445  0.000301506
   0.0177429  0.000306634
   0.0179435  0.000311849
   0.0181463  0.000317151
   0.0183515  0.000322546
    0.018559  0.000328032
   0.0187688   0.00033361
   0.0189811  0.000339286
   0.0191957  0.000345056
   0.0194127  0.000350924
   0.0196322  0.000356892
   0.0198542  0.000362963
   0.0200786  0.000369134
   0.0203057  0.000375414
   0.0205353    0.0003818
   0.0207674  0.000388291
   0.0210022  0.000394894
   0.0212397  0.000401612
   0.0214799  0.000408444
   0.0217227  0.000415389
   0.0219683  0.000422453
   0.0222167  0.000429638
   0.0224679  0.000436946
   0.0227219  0.000444376
   0.0229788  0.000451934
   0.0232387  0.000459623
   0.0235014  0.000467438
   0.0237671  0.000475388
   0.0240358  0.000483472
   0.0243076  0.000491696
   0.0245824  0.000500058
   0.0248604  0.000508564
   0.0251415  0.000517214
   0.0254257  0.000526009
   0.0257132  0.000534956
   0.0260039  0.000544053
   0.0262979  0.000553306
   0.0265953  0.000562718
    0.026896  0.000572289
   0.0272001  0.000582022
   0.0275076   0.00059192
   0.0278186  0.000601986
   0.0281332  0.000612227
   0.0284513   0.00062264
   0.0287729  0.000633226
   0.0290983  0.000643999
   0.0294273  0.000654952
     0.02976   0.00066609
   0.0300965  0.000677419
   0.0304368  0.000688941
   0.0307809  0.000700657
   0.0311289  0.000712573
   0.0314809  0.000724693
   0.0318368  0.000737017
   0.0321968  0.000749553
   0.0325608    0.0007623
    0.032929  0.000775267
   0.0333013  0.000788452
   0.0336778  0.000801861
   0.0340586  0.000815499
   0.0344437   0.00082937
   0.0348331  0.000843474
   0.0352269  0.000857818
   0.0356252  0.000872407
    0.036028  0.000887245
   0.0364354  0.000902337
   0.0368473  0.000917681
    0.037264  0.000933292
   0.0376853  0.000949164
   0.0381114  0.000965307
   0.0385423  0.000981725
   0.0389781  0.000998422
   0.0394188    0.0010154
   0.0398645   0.00103267
   0.0403152   0.00105023
    0.040771    0.0010681
    0.041232   0.00108626
   0.0416982   0.00110474
   0.0421697   0.00112353
   0.0426464   0.00114263
   0.0431286   0.00116207
   0.0436163   0.00118183
   0.0441094   0.00120193
   0.0446081   0.00122237
   0.0451125   0.00124316
   0.0456226   0.00126431
   0.0461384   0.00128581
   0.0466601   0.00130768
   0.0471876   0.00132992
   0.0477212   0.00135254
   0.0482607   0.00137554
   0.0488064   0.00139894
   0.0493582   0.00142273
   0.0499163   0.00144693
   0.0504807   0.00147154
   0.0510514   0.00149656
   0.0516286   0.00152201
   0.0522124    0.0015479
   0.0528027   0.00157422
   0.0533997     0.001601
   0.0540035   0.00162823
   0.0546141   0.00165592
   0.0552316   0.00168408
   0.0558561   0.00171273
   0.0564876   0.00174185
   0.0571263   0.00177148
   0.0577722   0.00180161
   0.0584254   0.00183225
    0.059086   0.00186341
    0.059754    0.0018951
   0.0604296   0.00192733
   0.0611129   0.00196011
   0.0618039   0.00199345
   0.0625027   0.00202736
   0.0632093   0.00206183
    0.063924    0.0020969
   0.0646468   0.00213256
   0.0653777   0.00216883
   0.0661169   0.00220572
   0.0668645   0.00224324
   0.0676205   0.00228139
    0.068385   0.00232018
   0.0691582   0.00235965
   0.0699402   0.00239978
   0.0707309   0.00244059
   0.0715307    0.0024821
   0.0723394   0.00252431
   0.0731573   0.00256725
   0.0739845   0.00261091
    0.074821   0.00265532
    0.075667   0.00270048
   0.0765225    0.0027464
   0.0773877   0.00279311
   0.0782627   0.00284062
   0.0791476   0.00288893
   0.0800424   0.00293806
   0.0809474   0.00298803
   0.0818627   0.00303885
   0.0827883   0.00309053
   0.0837243   0.00314309
   0.0846709   0.00319655
   0.0856283   0.00325092
   0.0865964    0.0033062
   0.0875755   0.00336243
   0.0885657   0.00341962
   0.0895671   0.00347778
   0.0905798   0.00353693
   0.0916039   0.00359708
   0.0926396   0.00365826
   0.0936871   0.00372048
   0.0947464   0.00378375
   0.0958176    0.0038481
    0.096901   0.00391355
   0.0979966   0.00398011
   0.0991046    0.0040478
    0.100225   0.00411663
    0.101358   0.00418663
    0.102504   0.00425784
    0.103663   0.00433025
    0.104835    0.0044039
    0.106021   0.00447884
    0.107219   0.00455496
    0.108432   0.00463248
    0.109658   0.00471126
    0.110898    0.0047914
    0.112151   0.00487283
    0.113419    0.0049557
    0.114702   0.00504003
    0.115999   0.00512575
     0.11731   0.00521289
    0.118637   0.00530159
    0.119978   0.00539173
    0.121335   0.00548346
    0.122706   0.00557666
    0.124094   0.00567154
    0.125497   0.00576799
    0.126916    0.0058661
    0.128351   0.00596586
    0.129802   0.00606731
     0.13127   0.00617053
    0.132754   0.00627545
    0.134255   0.00638218
    0.135773   0.00649073
    0.137308   0.00660111
     0.13886   0.00671334
     0.14043   0.00682751
    0.142018   0.00694364
    0.143624   0.00706175
    0.145248   0.00718186
     0.14689   0.00730398
    0.148551   0.00742822
     0.15023    0.0075545
    0.151929   0.00768301
    0.153647   0.00781369
    0.155384   0.00794656
    0.157141   0.00808172
    0.158918   0.00821919
    0.160714   0.00835891
    0.162531   0.00850106
    0.164369   0.00864566
    0.166228   0.00879274
    0.168107   0.00894224
    0.170008   0.00909434
     0.17193   0.00924899
    0.173874   0.00940629
     0.17584   0.00956627
    0.177828   0.00972895
    0.179839   0.00989443
    0.181872    0.0100627
    0.183928    0.0102338
    0.186008    0.0104079
    0.188111    0.0105848
    0.190238    0.0107649
    0.192389    0.0109479
    0.194564    0.0111341
    0.196764    0.0113235
    0.198989    0.0115161
    0.201238    0.0117118
    0.203514    0.0119111
    0.205815    0.0121136
    0.208142    0.0123196
    0.210495    0.0125291
    0.212875    0.0127422
    0.215282    0.0129589
    0.217716    0.0131793
    0.220178    0.0134034
    0.222667    0.0136313
    0.225185    0.0138632
    0.227731     0.014099
    0.230306    0.0143387
     0.23291    0.0145826
    0.235543    0.0148305
    0.238206    0.0150827
      0.2409    0.0153393
    0.243623    0.0156001
    0.246378    0.0158654
    0.249163    0.0161351
    0.251981    0.0164096
     0.25483    0.0166887
    0.257711    0.0169725
    0.260625    0.0172611
    0.263571    0.0175546
    0.266552    0.0178532
    0.269565    0.0181567
    0.272613    0.0184655
    0.275696    0.0187796
    0.278813    0.0190989
    0.281965    0.0194236
    0.285153    0.0197539
    0.288377    0.0200898
    0.291638    0.0204315
    0.294935    0.0207789
     0.29827    0.0211323
    0.301642    0.0214916
    0.305053    0.0218571
    0.308502    0.0222288
     0.31199    0.0226067
    0.315517    0.0229911
    0.319085    0.0233821
    0.322693    0.0237798
    0.326341    0.0241841
    0.330031    0.0245953
    0.333762    0.0250135
    0.337536    0.0254388
    0.341353    0.0258715
    0.345212    0.0263113
    0.349115    0.0267587
    0.353062    0.0272137
    0.357054    0.0276764
    0.361091     0.028147
    0.365174    0.0286257
    0.369303    0.0291124
    0.373479    0.0296075
    0.377701    0.0301108
    0.381972    0.0306229
    0.386291    0.0311436
    0.390658     0.031673
    0.395075    0.0322116
    0.399542    0.0327593
    0.404059    0.0333162
    0.408628    0.0338827
    0.413248    0.0344588
    0.417921    0.0350447
    0.422646    0.0356406
    0.427424    0.0362464
    0.432257    0.0368627
    0.437144    0.0374894
    0.442087    0.0381269
    0.447086    0.0387751
    0.452141    0.0394344
    0.457253    0.0401048
    0.462423    0.0407866
    0.467651      0.04148
    0.472939    0.0421852
    0.478286    0.0429024
    0.483694    0.0436318
    0.489162    0.0443734
    0.494693    0.0451278
    0.500286    0.0458949
    0.505943    0.0466752
    0.511663    0.0474686
    0.517449    0.0482757
    0.523299    0.0490963
    0.529216    0.0499309
    0.535199    0.0507796
    0.541251    0.0516429
     0.54737    0.0525206
    0.553559    0.0534134
    0.559818    0.0543214
    0.566148    0.0552448
    0.572549    0.0561838
    0.579022    0.0571387
    0.585569    0.0581099
     0.59219    0.0590976
    0.598885     0.060102
    0.605657    0.0611236
    0.612505    0.0621625
     0.61943     0.063219
    0.626434    0.0642935
    0.633516    0.0653861
    0.640679    0.0664973
    0.647923    0.0676274
    0.655249    0.0687768
    0.662657    0.0699455
     0.67015    0.0711343
    0.677727    0.0723431
     0.68539    0.0735725
    0.693139    0.0748226
    0.700976     0.076094
    0.708902    0.0773871
    0.716917     0.078702
    0.725023    0.0800393
     0.73322    0.0813992
     0.74151    0.0827822
    0.749894    0.0841888
    0.758373    0.0856192
    0.766947    0.0870737
    0.775619    0.0885531
    0.784389    0.0900576
    0.793257    0.0915874
    0.802226    0.0931433
    0.811297    0.0947257
     0.82047    0.0963348
    0.829746    0.0979711
    0.839128    0.0996354
    0.848615     0.101328
     0.85821     0.103049
    0.867914     0.104799
    0.877727     0.106579
    0.887651     0.108389
    0.897687      0.11023
    0.907837     0.112102
    0.918101     0.114005
    0.928482     0.115941
     0.93898      0.11791
    0.949596     0.119912
    0.960333     0.121948
    0.971191     0.124019
    0.982172     0.126125
    0.993277     0.128266
     1.00451     0.130444
     1.01586     0.132657
     1.02735      0.13491
     1.03897       0.1372
     1.05071     0.139528
     1.06259     0.141896
     1.07461     0.144306
     1.08676     0.146755
     1.09905     0.149246
     1.11147     0.151777
     1.12404     0.154353
     1.13675     0.156973
      1.1496     0.159635
      1.1626     0.162344
     1.17574     0.165097
     1.18904       0.1679
     1.20248     0.170747
     1.21608     0.173644
     1.22983     0.176589
     1.24373     0.179583
     1.25779     0.182628
     1.27201     0.185725
      1.2864     0.188876
     1.30094     0.192078
     1.31565     0.195335
     1.33053     0.198647
     1.34557     0.202014
     1.36078     0.205437
     1.37617     0.208921
     1.39173     0.212462
     1.40746     0.216061
     1.42338     0.219724
     1.43947     0.223446
     1.45575     0.227233
     1.47221     0.231083
     1.48885     0.234996
     1.50569     0.238978
     1.52271     0.243024
     1.53993     0.247141
     1.55734     0.251325
     1.57495     0.255581
     1.59275     0.259906
     1.61076     0.264307
     1.62897      0.26878
     1.64739     0.273329
     1.66602     0.277956
     1.68485     0.282657
      1.7039      0.28744
     1.72317     0.292303
     1.74265     0.297247
     1.76236     0.302276
     1.78228     0.307386
     1.80243     0.312583
     1.82281     0.317867
     1.84342     0.323241
     1.86427     0.328706
     1.88534     0.334258
     1.90666     0.339907
     1.92822      0.34565
     1.95002     0.351488
     1.97207     0.357425
     1.99437     0.363461
     2.01691     0.369595
     2.03972     0.375835
     2.06278     0.382178
      2.0861     0.388626
     2.10969     0.395184
     2.13354     0.401849
     2.15767     0.408628
     2.18206     0.415516
     2.20673     0.422521
     2.23168     0.429643
     2.25692     0.436885
     2.28244     0.444246
     2.30824     0.451727
     2.33434     0.459335
     2.36073     0.467068
     2.38742      0.47493
     2.41442     0.482924
     2.44172      0.49105
     2.46932     0.499308
     2.49724     0.507704
     2.52548     0.516241
     2.55403     0.524917
     2.58291     0.533738
     2.61211     0.542703
     2.64165     0.551819
     2.67152     0.561084
     2.70172     0.570499
     2.73227     0.580072
     2.76316     0.589801
      2.7944     0.599691
       2.826     0.609745
     2.85795     0.619961
     2.89026     0.630345
     2.92294     0.640901
     2.95599      0.65163
     2.98941     0.662533
     3.02321     0.673616
      3.0574     0.684882
     3.09196     0.696326
     3.12692      0.70796
     3.16228     0.719785
     3.19803     0.731799
     3.23419      0.74401
     3.27076     0.756421
     3.30774     0.769031
     3.34514     0.781846
     3.38296     0.794868
     3.42121     0.808101
     3.45989     0.821546
     3.49901      0.83521
     3.53857     0.849092
     3.57858     0.863199
     3.61904     0.877532
     3.65996     0.892095
     3.70134     0.906891
     3.74319     0.921924
     3.78552     0.937199
     3.82832     0.952715
      3.8716     0.968477
     3.91538     0.984493
     3.95964      1.00076
     4.00441      1.01728
     4.04969      1.03407
     4.09548      1.05112
     4.14178      1.06844
     4.18861      1.08604
     4.23597      1.10391
     4.28387      1.12206
      4.3323      1.14049
     4.38129      1.15921
     4.43082      1.17822
     4.48092      1.19753
     4.53158      1.21714
     4.58282      1.23705
     4.63464      1.25727
     4.68704      1.27779
     4.74003      1.29864
     4.79363       1.3198
     4.84782      1.34128
     4.90264       1.3631
     4.95807      1.38524
     5.01413      1.40772
     5.07082      1.43054
     5.12815       1.4537
     5.18613      1.47721
     5.24477      1.50108
     5.30407      1.52529
     5.36404      1.54987
     5.42469      1.57481
     5.48603      1.60013
     5.54805       1.6258
     5.61078      1.65186
     5.67422       1.6783
     5.73838      1.70512
     5.80326      1.73233
     5.86887      1.75993
     5.93523      1.78793
     6.00234      1.81633
      6.0702      1.84513
     6.13883      1.87434
     6.20824      1.90396
     6.27844      1.93399
     6.34942      1.96444
     6.42121      1.99532
     6.49382      2.02662
     6.56724      2.05834
     6.64149       2.0905
     6.71658      2.12309
     6.79253      2.15613
     6.86932       2.1896
     6.94699      2.22351
     7.02554      2.25788
     7.10497      2.29269
     7.18531      2.32795
     7.26655      2.36367
     7.34871      2.39984
      7.4318      2.43646
     7.51582      2.47355
      7.6008      2.51109
     7.68674       2.5491
     7.77365      2.58758
     7.86154      2.62651
     7.95043      2.66591
     8.04032      2.70577
     8.13123       2.7461
     8.22317      2.78689
     8.31614      2.82815
     8.41017      2.86986
     8.50526      2.91204
     8.60142      2.95468
     8.69868      2.99778
     8.79703      3.04133
     8.89649      3.08534
     8.99708      3.12979
     9.09881      3.17469
     9.20168      3.22003
     9.30572      3.26581
     9.41094      3.31202
     9.51734      3.35866
     9.62495      3.40572
     9.73377      3.45319
     9.84383      3.50107
     9.95513      3.54934
     10.0677      3.59801
     10.1815      3.64704
     10.2966      3.69644
     10.4131      3.74625
     10.5308      3.79635
     10.6499      3.84682
     10.7703      3.89758
      10.892      3.94863
     11.0152      4.00002
     11.1397      4.05165
     11.2657      4.10358
     11.3931      4.15574
     11.5219       4.2081
     11.6522      4.26068
     11.7839      4.31341
     11.9171       4.3663
     12.0519      4.41937
     12.1881      4.47249
     12.3259      4.52572
     12.4653      4.57902
     12.6063      4.63236
     12.7488      4.68566
     12.8929      4.73891
     13.0387      4.79212
     13.1861      4.84521
     13.3352      4.89817
      13.486      4.95096
     13.6385      5.00352
     13.7927      5.05582
     13.9486      5.10779
     14.1063      5.15943
     14.2658      5.21068
     14.4271      5.26147
     14.5902      5.31177
     14.7552      5.36153
      14.922      5.41066
     15.0908      5.45916
     15.2614      5.50691
     15.4339      5.55386
     15.6084      5.59998
     15.7849      5.64519
     15.9634      5.68942
     16.1439      5.73258
     16.3264      5.77461
      16.511      5.81544
     16.6977      5.85499
     16.8865      5.89317
     17.0774      5.92989
     17.2705      5.96509
     17.4658      5.99867
     17.6632      6.03052
     17.8629      6.06057
     18.0649      6.08872
     18.2692      6.11487
     18.4757      6.13891
     18.6846      6.16074
     18.8959      6.18026
     19.1095      6.19735
     19.3256      6.21191
     19.5441      6.22383
     19.7651      6.23298
     19.9885      6.23924
     20.2145      6.24251
     20.4431      6.24265
     20.6742      6.23955
      20.908      6.23307
     21.1444      6.22309
     21.3835      6.20948
     21.6252      6.19212
     21.8697      6.17087
      22.117      6.14559
     22.3671      6.11616
       22.62      6.08245
     22.8757      6.04433
     23.1344      6.00164
     23.3959      5.95429
     23.6605       5.9021
      23.928      5.84499
     24.1985      5.78282
     24.4721      5.71544
     24.7488      5.64275
     25.0287      5.56459
     25.3116      5.48094
     25.5978      5.39158
     25.8873      5.29643
     26.1799      5.19547
      26.476      5.08847
     26.7753      4.97546
      27.078       4.8563
     27.3842       4.7309
     27.6938      4.59924
     28.0069      4.46124
     28.3236      4.31683
     28.6438      4.16604
     28.9677      4.00877
     29.2952      3.84508
     29.6265      3.67488
     29.9614      3.49834
     30.3002      3.31533
     30.6428        3.126
     30.9892      2.93043
     31.3396      2.72861
      31.694      2.52068
     32.0523      2.30686
     32.4147      2.08718
     32.7812      1.86185
     33.1519      1.63102
     33.5267      1.39501
     33.9058      1.15395
     34.2891     0.908197
     34.6768      0.65795
     35.0689     0.403554
     35.4654     0.145386
     35.8664    -0.116218
     36.2719    -0.380824
      36.682    -0.648037
     37.0968    -0.917433
     37.5162     -1.18843
     37.9404     -1.46061
     38.3693     -1.73333
     38.8032     -2.00618
     39.2419     -2.27841
     39.6856     -2.54948
     40.1343     -2.81871
     40.5881     -3.08546
      41.047     -3.34899
     41.5111     -3.60861
     41.9804     -3.86357
     42.4551     -4.11317
     42.9351     -4.35658
     43.4205     -4.59302
     43.9115     -4.82177
      44.408     -5.04197
     44.9101     -5.25282
     45.4178     -5.45351
     45.9314     -5.64333
     46.4507      -5.8214
     46.9759     -5.98699
      47.507     -6.13932
     48.0442      -6.2777
     48.5874     -6.40139
     49.1367     -6.50971
     49.6923     -6.60206
     50.2541     -6.67782
     50.8223     -6.73647
      51.397     -6.77751
     51.9781     -6.80052
     52.5658     -6.80514
     53.1601     -6.79107
     53.7612     -6.75812
      54.369     -6.70615
     54.9838      -6.6351
     55.6054     -6.54507
     56.2341     -6.43616
     56.8699     -6.30863
     57.5129     -6.16283
     58.1632     -5.99919
     58.8208     -5.81831
     59.4859     -5.62082
     60.1585     -5.40752
     60.8387     -5.17929
     61.5265     -4.93715
     62.2222     -4.68211
     62.9257     -4.41544
     63.6372     -4.13838
     64.3567     -3.85232
     65.0843      -3.5588
     65.8202     -3.25921
     66.5644     -2.95524
      67.317     -2.64851
     68.0782     -2.34068
     68.8479     -2.03353
     69.6263     -1.72877
     70.4136     -1.42806
     71.2097      -1.1332
     72.0148    -0.845806
     72.8291    -0.567474
     73.6525    -0.299809
     74.4853   -0.0442002
     75.3274      0.19795
     76.1791     0.425487
     77.0404     0.637315
     77.9115     0.832554
     78.7924      1.01046
     79.6833      1.17053
     80.5842      1.31242
     81.4953      1.43606
     82.4168       1.5417
     83.3486      1.62948
      84.291      1.70014
      85.244      1.75451
     86.2079      1.79368
     87.1826      1.81896
     88.1683      1.83187
     89.1652      1.83412
     90.1733      1.82761
     91.1929      1.81436
      92.224      1.79653
     93.2667      1.77633
     94.3212      1.75602
     95.3877      1.73772
     96.4662      1.72383
     97.5569      1.71628
     98.6599      1.71695
     99.7754      1.72748
     100.904      1.74923
     102.044      1.78313
     103.198       1.8298
     104.365      1.88941
     105.545      1.96148
     106.738      2.04505
     107.945      2.13864
     109.166      2.24013
       110.4      2.34664
     111.648       2.4549
     112.911      2.56104
     114.187      2.66042
     115.478      2.74804
     116.784      2.81899
     118.104      2.86742
      119.44      2.88768
      120.79      2.87403
     122.156      2.82095
     123.537      2.72331
     124.934      2.57678
     126.346      2.37714
     127.775      2.12161
      129.22      1.80879
     130.681      1.43887
     132.158      1.01253
     133.652     0.533598
     135.163   0.00689544
     136.692    -0.560864
     138.237     -1.15985
       139.8     -1.77981
     141.381      -2.4079
     142.979     -3.02923
     144.596     -3.62871
     146.231     -4.18904
     147.884     -4.69273
     149.556     -5.12247
     151.247     -5.46102
     152.957     -5.69225
     154.687     -5.80182
     156.436     -5.77759
     158.204      -5.6107
     159.993      -5.2956
     161.802     -4.83124
     163.632     -4.22094
     165.482     -3.47372
     167.353     -2.60315
     169.245     -1.62844
     171.158    -0.573936
     173.094     0.532508
     175.051      1.65667
      177.03       2.7629
     179.032      3.81365
     181.056      4.76909
     183.103      5.59152
     185.173      6.24502
     187.267      6.69793
     189.384      6.92392
     191.525       6.9044
     193.691      6.62927
     195.881      6.09865
     198.096      5.32327
     200.335      4.32581
     202.601      3.13825
     204.891      1.80608
     207.208     0.380815
     209.551     -1.07633
      211.92     -2.49976
     214.316      -3.8225
     216.739     -4.97814
      219.19     -5.90565
     221.668      -6.5518
     224.174      -6.8762
     226.709     -6.85334
     229.272     -6.47549
     231.865      -5.7541
     234.486     -4.72173
     237.137     -3.42937
     239.819     -1.94575
      242.53    -0.355993
     245.272      1.24688
     248.045      2.76406
      250.85      4.09885
     253.686       5.1618
     256.555      5.88022
     259.455       6.2007
     262.389      6.09733
     265.356      5.57317
     268.356      4.66266
      271.39      3.42995
     274.458      1.96603
     277.562     0.381494
       280.7     -1.19849
     283.874     -2.64807
     287.083     -3.84799
     290.329     -4.69899
     293.612     -5.12937
     296.931     -5.10395
     300.289     -4.62845
     303.684     -3.75091
     307.118     -2.55771
      310.59     -1.16766
     314.102     0.280921
     317.653      1.64171
     321.245      2.77808
     324.877       3.5759
      328.55      3.95866
     332.265      3.89594
     336.022      3.40812
     339.821      2.56502
     343.663      1.47773
     347.549     0.285384
     351.478     -0.86163
     355.452     -1.82265
     359.471     -2.48408
     363.536     -2.77561
     367.646     -2.65351
     371.803      -2.2337
     376.006     -1.52388
     380.258    -0.670769
     384.557     0.188709
     388.905     0.924976
     393.302      1.43565
     397.749      1.66229
     402.246      1.59845
     406.794      1.28858
     411.394     0.818909
     416.045     0.289922
     420.749      -0.1877
     425.507    -0.532962
     430.318     -0.70119
     435.183    -0.693022
     440.103    -0.549996
     445.079    -0.340441
     450.112    -0.138938
     455.201  -0.00472542
     460.348    0.0351798
     465.553  -0.00745881
     470.816   -0.0876944
      476.14    -0.144388
     481.523    -0.123433
     486.968 -0.000240488
     492.473     0.206584
     498.042     0.436506
     503.673     0.603761
     509.368     0.626931
     515.127     0.461064
     520.951     0.121614
     526.841    -0.310422
     532.798    -0.706984
     538.822    -0.931996
     544.914    -0.889813
     551.075    -0.565629
     557.306   -0.0415411
     563.607     0.521567
      569.98     0.934739
     576.424      1.04789
     582.942     0.810086
     589.533     0.296245
     596.198    -0.312782
     602.939      -0.7949
     609.756    -0.972401
      616.65    -0.785608
     623.623    -0.320239
     630.674     0.226644
     637.804     0.630989
     645.016     0.740237
     652.309     0.539887
     659.684     0.155038
     667.143    -0.217044
     674.686    -0.409424
     682.314    -0.369558
     690.029     -0.17706
     697.831    0.0159174
     705.721    0.0872466
       713.7    0.0255863
     721.769   -0.0664164
      729.93   -0.0545232
     738.183     0.111511
     746.529     0.334213
      754.97     0.417238
     763.506     0.211117
     772.139    -0.240379
     780.869     -0.67392
     789.698    -0.754718
     798.627    -0.324733
     807.656     0.423717
     816.788      1.01056
     826.023     0.974874
     835.363     0.238449
     844.808    -0.757146
     854.359     -1.30207
     864.019    -0.933171
     873.788     0.160093
     883.668      1.19631
     893.659      1.36063
     903.763     0.469528
     913.982    -0.812815
     924.316     -1.46525
     934.766    -0.911583
     945.335     0.380368
     956.024      1.32281
     966.833      1.10486
     977.765   -0.0594118
      988.82     -1.10504
        1000     -1.09394
