        0.01  1.43547e-13
   0.0101131  1.45989e-13
   0.0102274  1.48471e-13
    0.010343  1.50996e-13
     0.01046  1.53565e-13
   0.0105783  1.56178e-13
   0.0106979  1.58834e-13
   0.0108188  1.61534e-13
   0.0109411  1.64281e-13
   0.0110648  1.67075e-13
   0.0111899  1.69916e-13
   0.0113165  1.72808e-13
   0.0114444  1.75746e-13
   0.0115738  1.78735e-13
   0.0117047  1.81776e-13
    0.011837  1.84866e-13
   0.0119709  1.88012e-13
   0.0121062  1.91208e-13
   0.0122431  1.94461e-13
   0.0123815  1.97767e-13
   0.0125215  2.01131e-13
   0.0126631  2.04553e-13
   0.0128062   2.0803e-13
    0.012951  2.11568e-13
   0.0130975  2.15168e-13
   0.0132456  2.18828e-13
   0.0133953  2.22548e-13
   0.0135468  2.26334e-13
   0.0136999  2.30182e-13
   0.0138548  2.34097e-13
   0.0140115  2.38079e-13
   0.0141699  2.42128e-13
   0.0143301  2.46246e-13
   0.0144921  2.50433e-13
    0.014656  2.54694e-13
   0.0148217  2.59025e-13
   0.0149893  2.63431e-13
   0.0151588  2.67912e-13
   0.0153302  2.72469e-13
   0.0155035  2.77102e-13
   0.0156788  2.81815e-13
   0.0158561  2.86609e-13
   0.0160353  2.91481e-13
   0.0162166  2.96439e-13
      0.0164  3.01482e-13
   0.0165854  3.06608e-13
   0.0167729  3.11822e-13
   0.0169626  3.17127e-13
   0.0171544  3.22521e-13
   0.0173483  3.28005e-13
   0.0175445  3.33585e-13
   0.0177429  3.39259e-13
   0.0179435  3.45029e-13
   0.0181463  3.50895e-13
   0.0183515  3.56864e-13
    0.018559  3.62933e-13
   0.0187688  3.69105e-13
   0.0189811  3.75385e-13
   0.0191957  3.81769e-13
   0.0194127  3.88261e-13
   0.0196322  3.94865e-13
   0.0198542  4.01581e-13
   0.0200786  4.08409e-13
   0.0203057  4.15357e-13
   0.0205353  4.22422e-13
   0.0207674  4.29604e-13
   0.0210022   4.3691e-13
   0.0212397  4.44342e-13
   0.0214799  4.51901e-13
   0.0217227  4.59585e-13
   0.0219683  4.67401e-13
   0.0222167  4.75351e-13
   0.0224679  4.83436e-13
   0.0227219  4.91657e-13
   0.0229788  5.00018e-13
   0.0232387  5.08526e-13
   0.0235014  5.17173e-13
   0.0237671  5.25968e-13
   0.0240358  5.34913e-13
   0.0243076  5.44012e-13
   0.0245824  5.53263e-13
   0.0248604  5.62674e-13
   0.0251415  5.72245e-13
   0.0254257  5.81975e-13
   0.0257132  5.91874e-13
   0.0260039  6.01939e-13
   0.0262979  6.12176e-13
   0.0265953   6.2259e-13
    0.026896  6.33179e-13
   0.0272001  6.43948e-13
   0.0275076  6.54899e-13
   0.0278186  6.66036e-13
   0.0281332  6.77367e-13
   0.0284513  6.88887e-13
   0.0287729  7.00601e-13
   0.0290983  7.12519e-13
   0.0294273  7.24637e-13
     0.02976  7.36961e-13
   0.0300965  7.49495e-13
   0.0304368  7.62243e-13
   0.0307809  7.75206e-13
   0.0311289  7.88389e-13
   0.0314809  8.01799e-13
   0.0318368  8.15435e-13
   0.0321968  8.29305e-13
   0.0325608  8.43408e-13
    0.032929  8.57754e-13
   0.0333013  8.72342e-13
   0.0336778  8.87178e-13
   0.0340586  9.02267e-13
   0.0344437  9.17613e-13
   0.0348331  9.33218e-13
   0.0352269  9.49088e-13
   0.0356252   9.6523e-13
    0.036028  9.81647e-13
   0.0364354  9.98344e-13
   0.0368473  1.01532e-12
    0.037264  1.03259e-12
   0.0376853  1.05015e-12
   0.0381114  1.06802e-12
   0.0385423  1.08618e-12
   0.0389781  1.10465e-12
   0.0394188  1.12344e-12
   0.0398645  1.14255e-12
   0.0403152  1.16198e-12
    0.040771  1.18174e-12
    0.041232  1.20184e-12
   0.0416982  1.22228e-12
   0.0421697  1.24307e-12
   0.0426464  1.26421e-12
   0.0431286  1.28571e-12
   0.0436163  1.30758e-12
   0.0441094  1.32982e-12
   0.0446081  1.35243e-12
   0.0451125  1.37544e-12
   0.0456226  1.39883e-12
   0.0461384  1.42262e-12
   0.0466601  1.44682e-12
   0.0471876  1.47142e-12
   0.0477212  1.49645e-12
   0.0482607   1.5219e-12
   0.0488064  1.54778e-12
   0.0493582  1.57411e-12
   0.0499163  1.60088e-12
   0.0504807  1.62811e-12
   0.0510514  1.65579e-12
   0.0516286  1.68396e-12
   0.0522124   1.7126e-12
   0.0528027  1.74172e-12
   0.0533997  1.77135e-12
   0.0540035  1.80147e-12
   0.0546141  1.83211e-12
   0.0552316  1.86327e-12
   0.0558561  1.89496e-12
   0.0564876  1.92719e-12
   0.0571263  1.95997e-12
   0.0577722   1.9933e-12
   0.0584254   2.0272e-12
    0.059086  2.06168e-12
    0.059754  2.09674e-12
   0.0604296   2.1324e-12
   0.0611129  2.16867e-12
   0.0618039  2.20556e-12
   0.0625027  2.24307e-12
   0.0632093  2.28122e-12
    0.063924  2.32002e-12
   0.0646468  2.35948e-12
   0.0653777   2.3996e-12
   0.0661169  2.44042e-12
   0.0668645  2.48192e-12
   0.0676205  2.52414e-12
    0.068385  2.56706e-12
   0.0691582  2.61072e-12
   0.0699402  2.65513e-12
   0.0707309  2.70028e-12
   0.0715307  2.74621e-12
   0.0723394  2.79291e-12
   0.0731573  2.84041e-12
   0.0739845  2.88872e-12
    0.074821  2.93785e-12
    0.075667  2.98782e-12
   0.0765225  3.03864e-12
   0.0773877  3.09032e-12
   0.0782627  3.14288e-12
   0.0791476  3.19633e-12
   0.0800424  3.25069e-12
   0.0809474  3.30597e-12
   0.0818627   3.3622e-12
   0.0827883  3.41939e-12
   0.0837243  3.47754e-12
   0.0846709  3.53668e-12
   0.0856283  3.59684e-12
   0.0865964  3.65801e-12
   0.0875755  3.72022e-12
   0.0885657   3.7835e-12
   0.0895671  3.84785e-12
   0.0905798  3.91329e-12
   0.0916039  3.97984e-12
   0.0926396  4.04753e-12
   0.0936871  4.11637e-12
   0.0947464  4.18638e-12
   0.0958176  4.25758e-12
    0.096901     4.33e-12
   0.0979966  4.40364e-12
   0.0991046  4.47853e-12
    0.100225  4.55469e-12
    0.101358  4.63214e-12
    0.102504  4.71093e-12
    0.103663  4.79105e-12
    0.104835  4.87253e-12
    0.106021  4.95545e-12
    0.107219  5.03968e-12
    0.108432  5.12544e-12
    0.109658  5.21261e-12
    0.110898  5.30128e-12
    0.112151  5.39138e-12
    0.113419  5.48307e-12
    0.114702  5.57637e-12
    0.115999  5.67122e-12
     0.11731  5.76763e-12
    0.118637  5.86577e-12
    0.119978  5.96551e-12
    0.121335    6.067e-12
    0.122706  6.17012e-12
    0.124094  6.27511e-12
    0.125497  6.38183e-12
    0.126916  6.49037e-12
    0.128351  6.60076e-12
    0.129802  6.71301e-12
     0.13127  6.82721e-12
    0.132754  6.94331e-12
    0.134255   7.0614e-12
    0.135773   7.1815e-12
    0.137308  7.30363e-12
     0.13886  7.42781e-12
     0.14043  7.55414e-12
    0.142018  7.68263e-12
    0.143624  7.81332e-12
    0.145248  7.94621e-12
     0.14689  8.08134e-12
    0.148551   8.2188e-12
     0.15023  8.35853e-12
    0.151929  8.50073e-12
    0.153647  8.64532e-12
    0.155384  8.79234e-12
    0.157141  8.94189e-12
    0.158918  9.09399e-12
    0.160714  9.24859e-12
    0.162531  9.40588e-12
    0.164369  9.56588e-12
    0.166228  9.72862e-12
    0.168107  9.89404e-12
    0.170008  1.00623e-11
     0.17193  1.02335e-11
    0.173874  1.04075e-11
     0.17584  1.05845e-11
    0.177828  1.07645e-11
    0.179839  1.09476e-11
    0.181872  1.11338e-11
    0.183928  1.13231e-11
    0.186008  1.15158e-11
    0.188111  1.17116e-11
    0.190238  1.19108e-11
    0.192389  1.21134e-11
    0.194564  1.23194e-11
    0.196764  1.25289e-11
    0.198989   1.2742e-11
    0.201238  1.29587e-11
    0.203514  1.31791e-11
    0.205815  1.34033e-11
    0.208142  1.36312e-11
    0.210495   1.3863e-11
    0.212875  1.40988e-11
    0.215282  1.43386e-11
    0.217716  1.45825e-11
    0.220178  1.48305e-11
    0.222667  1.50827e-11
    0.225185  1.53393e-11
    0.227731  1.56001e-11
    0.230306  1.58655e-11
     0.23291  1.61353e-11
    0.235543  1.64097e-11
    0.238206  1.66888e-11
      0.2409  1.69727e-11
    0.243623  1.72613e-11
    0.246378  1.75549e-11
    0.249163  1.78534e-11
    0.251981  1.81571e-11
     0.25483  1.84659e-11
    0.257711    1.878e-11
    0.260625  1.90994e-11
    0.263571  1.94241e-11
    0.266552  1.97546e-11
    0.269565  2.00905e-11
    0.272613  2.04322e-11
    0.275696  2.07798e-11
    0.278813  2.11332e-11
    0.281965  2.14925e-11
    0.285153  2.18581e-11
    0.288377  2.22298e-11
    0.291638   2.2608e-11
    0.294935  2.29924e-11
     0.29827  2.33835e-11
    0.301642  2.37811e-11
    0.305053  2.41857e-11
    0.308502   2.4597e-11
     0.31199  2.50153e-11
    0.315517  2.54407e-11
    0.319085  2.58735e-11
    0.322693  2.63135e-11
    0.326341   2.6761e-11
    0.330031  2.72162e-11
    0.333762   2.7679e-11
    0.337536  2.81498e-11
    0.341353  2.86286e-11
    0.345212  2.91155e-11
    0.349115  2.96106e-11
    0.353062  3.01142e-11
    0.357054  3.06264e-11
    0.361091  3.11473e-11
    0.365174  3.16771e-11
    0.369303  3.22158e-11
    0.373479  3.27638e-11
    0.377701  3.33209e-11
    0.381972  3.38877e-11
    0.386291  3.44641e-11
    0.390658  3.50502e-11
    0.395075  3.56463e-11
    0.399542  3.62526e-11
    0.404059  3.68691e-11
    0.408628  3.74962e-11
    0.413248  3.81339e-11
    0.417921  3.87825e-11
    0.422646  3.94421e-11
    0.427424  4.01128e-11
    0.432257  4.07951e-11
    0.437144  4.14889e-11
    0.442087  4.21946e-11
    0.447086  4.29123e-11
    0.452141  4.36421e-11
    0.457253  4.43843e-11
    0.462423  4.51392e-11
    0.467651  4.59069e-11
    0.472939  4.66877e-11
    0.478286  4.74817e-11
    0.483694  4.82893e-11
    0.489162  4.91105e-11
    0.494693  4.99458e-11
    0.500286  5.07952e-11
    0.505943  5.16592e-11
    0.511663  5.25377e-11
    0.517449  5.34314e-11
    0.523299    5.434e-11
    0.529216  5.52643e-11
    0.535199  5.62041e-11
    0.541251  5.71601e-11
     0.54737  5.81322e-11
    0.553559  5.91209e-11
    0.559818  6.01264e-11
    0.566148  6.11491e-11
    0.572549  6.21891e-11
    0.579022  6.32467e-11
    0.585569  6.43224e-11
     0.59219  6.54164e-11
    0.598885  6.65289e-11
    0.605657  6.76605e-11
    0.612505  6.88113e-11
     0.61943  6.99815e-11
    0.626434  7.11718e-11
    0.633516  7.23821e-11
    0.640679  7.36132e-11
    0.647923  7.48652e-11
    0.655249  7.61385e-11
    0.662657  7.74334e-11
     0.67015  7.87504e-11
    0.677727  8.00898e-11
     0.68539   8.1452e-11
    0.693139  8.28372e-11
    0.700976  8.42461e-11
    0.708902   8.5679e-11
    0.716917  8.71361e-11
    0.725023  8.86182e-11
     0.73322  9.01252e-11
     0.74151   9.1658e-11
    0.749894  9.32169e-11
    0.758373  9.48024e-11
    0.766947  9.64147e-11
    0.775619  9.80545e-11
    0.784389  9.97223e-11
    0.793257  1.01418e-10
    0.802226  1.03143e-10
    0.811297  1.04897e-10
     0.82047  1.06681e-10
    0.829746  1.08496e-10
    0.839128  1.10341e-10
    0.848615  1.12218e-10
     0.85821  1.14126e-10
    0.867914  1.16067e-10
    0.877727  1.18041e-10
    0.887651  1.20049e-10
    0.897687  1.22091e-10
    0.907837  1.24167e-10
    0.918101  1.26279e-10
    0.928482  1.28427e-10
     0.93898  1.30611e-10
    0.949596  1.32832e-10
    0.960333  1.35091e-10
    0.971191  1.37389e-10
    0.982172  1.39726e-10
    0.993277  1.42102e-10
     1.00451  1.44519e-10
     1.01586  1.46976e-10
     1.02735  1.49476e-10
     1.03897   1.5202e-10
     1.05071  1.54603e-10
     1.06259  1.57233e-10
     1.07461  1.59908e-10
     1.08676  1.62628e-10
     1.09905  1.65395e-10
     1.11147  1.68206e-10
     1.12404  1.71068e-10
     1.13675  1.73977e-10
      1.1496  1.76936e-10
      1.1626  1.79945e-10
     1.17574  1.83005e-10
     1.18904  1.86119e-10
     1.20248  1.89283e-10
     1.21608  1.92503e-10
     1.22983  1.95777e-10
     1.24373  1.99106e-10
     1.25779  2.02492e-10
     1.27201  2.05935e-10
      1.2864   2.0944e-10
     1.30094  2.13001e-10
     1.31565  2.16623e-10
     1.33053  2.20309e-10
     1.34557  2.24055e-10
     1.36078  2.27865e-10
     1.37617  2.31741e-10
     1.39173  2.35683e-10
     1.40746  2.39689e-10
     1.42338  2.43768e-10
     1.43947  2.47913e-10
     1.45575   2.5213e-10
     1.47221  2.56419e-10
     1.48885  2.60778e-10
     1.50569  2.65215e-10
     1.52271  2.69725e-10
     1.53993  2.74313e-10
     1.55734  2.78978e-10
     1.57495  2.83723e-10
     1.59275  2.88547e-10
     1.61076  2.93455e-10
     1.62897  2.98445e-10
     1.64739  3.03521e-10
     1.66602  3.08685e-10
     1.68485  3.13933e-10
      1.7039  3.19272e-10
     1.72317  3.24703e-10
     1.74265  3.30225e-10
     1.76236  3.35843e-10
     1.78228  3.41553e-10
     1.80243  3.47362e-10
     1.82281   3.5327e-10
     1.84342  3.59278e-10
     1.86427  3.65391e-10
     1.88534  3.71603e-10
     1.90666  3.77924e-10
     1.92822  3.84352e-10
     1.95002  3.90889e-10
     1.97207  3.97537e-10
     1.99437  4.04299e-10
     2.01691  4.11173e-10
     2.03972  4.18168e-10
     2.06278  4.25279e-10
      2.0861  4.32511e-10
     2.10969  4.39868e-10
     2.13354  4.47348e-10
     2.15767  4.54959e-10
     2.18206  4.62695e-10
     2.20673  4.70563e-10
     2.23168  4.78566e-10
     2.25692  4.86708e-10
     2.28244  4.94986e-10
     2.30824  5.03403e-10
     2.33434  5.11965e-10
     2.36073  5.20671e-10
     2.38742  5.29526e-10
     2.41442  5.38534e-10
     2.44172  5.47694e-10
     2.46932  5.57006e-10
     2.49724   5.6648e-10
     2.52548  5.76116e-10
     2.55403  5.85913e-10
     2.58291  5.95878e-10
     2.61211  6.06012e-10
     2.64165   6.1632e-10
     2.67152  6.26803e-10
     2.70172  6.37462e-10
     2.73227  6.48304e-10
     2.76316  6.59329e-10
      2.7944  6.70542e-10
       2.826  6.81948e-10
     2.85795  6.93546e-10
     2.89026   7.0534e-10
     2.92294  7.17336e-10
     2.95599  7.29537e-10
     2.98941  7.41944e-10
     3.02321  7.54562e-10
      3.0574  7.67399e-10
     3.09196  7.80447e-10
     3.12692   7.9372e-10
     3.16228  8.07222e-10
     3.19803  8.20949e-10
     3.23419  8.34911e-10
     3.27076  8.49112e-10
     3.30774  8.63553e-10
     3.34514   8.7824e-10
     3.38296  8.93175e-10
     3.42121  9.08366e-10
     3.45989  9.23814e-10
     3.49901  9.39526e-10
     3.53857  9.55504e-10
     3.57858  9.71755e-10
     3.61904  9.88281e-10
     3.65996  1.00509e-09
     3.70134  1.02218e-09
     3.74319  1.03957e-09
     3.78552  1.05725e-09
     3.82832  1.07523e-09
      3.8716  1.09351e-09
     3.91538  1.11211e-09
     3.95964  1.13102e-09
     4.00441  1.15026e-09
     4.04969  1.16982e-09
     4.09548  1.18972e-09
     4.14178  1.20995e-09
     4.18861  1.23053e-09
     4.23597  1.25146e-09
     4.28387  1.27274e-09
      4.3323  1.29439e-09
     4.38129   1.3164e-09
     4.43082  1.33879e-09
     4.48092  1.36155e-09
     4.53158  1.38471e-09
     4.58282  1.40826e-09
     4.63464  1.43221e-09
     4.68704  1.45657e-09
     4.74003  1.48134e-09
     4.79363  1.50653e-09
     4.84782  1.53215e-09
     4.90264  1.55821e-09
     4.95807   1.5847e-09
     5.01413  1.61165e-09
     5.07082  1.63906e-09
     5.12815  1.66693e-09
     5.18613  1.69528e-09
     5.24477  1.72411e-09
     5.30407  1.75343e-09
     5.36404  1.78325e-09
     5.42469  1.81357e-09
     5.48603  1.84442e-09
     5.54805  1.87578e-09
     5.61078  1.90767e-09
     5.67422  1.94011e-09
     5.73838  1.97311e-09
     5.80326  2.00666e-09
     5.86887  2.04078e-09
     5.93523  2.07548e-09
     6.00234  2.11078e-09
      6.0702  2.14667e-09
     6.13883  2.18317e-09
     6.20824  2.22029e-09
     6.27844  2.25805e-09
     6.34942  2.29644e-09
     6.42121  2.33548e-09
     6.49382   2.3752e-09
     6.56724  2.41558e-09
     6.64149  2.45665e-09
     6.71658  2.49842e-09
     6.79253   2.5409e-09
     6.86932   2.5841e-09
     6.94699  2.62803e-09
     7.02554  2.67271e-09
     7.10497  2.71815e-09
     7.18531  2.76436e-09
     7.26655  2.81136e-09
     7.34871  2.85915e-09
      7.4318  2.90776e-09
     7.51582  2.95719e-09
      7.6008  3.00746e-09
     7.68674  3.05858e-09
     7.77365  3.11057e-09
     7.86154  3.16344e-09
     7.95043  3.21721e-09
     8.04032  3.27189e-09
     8.13123  3.32751e-09
     8.22317  3.38406e-09
     8.31614  3.44157e-09
     8.41017  3.50006e-09
     8.50526  3.55955e-09
     8.60142  3.62003e-09
     8.69868  3.68155e-09
     8.79703  3.74411e-09
     8.89649  3.80773e-09
     8.99708  3.87243e-09
     9.09881  3.93822e-09
     9.20168  4.00513e-09
     9.30572  4.07317e-09
     9.41094  4.14237e-09
     9.51734  4.21273e-09
     9.62495  4.28429e-09
     9.73377  4.35706e-09
     9.84383  4.43106e-09
     9.95513  4.50631e-09
     10.0677  4.58285e-09
     10.1815  4.66065e-09
     10.2966  4.73977e-09
     10.4131   4.8203e-09
     10.5308  4.90211e-09
     10.6499  4.98535e-09
     10.7703  5.06996e-09
      10.892  5.15596e-09
     11.0152   5.2435e-09
     11.1397  5.33245e-09
     11.2657  5.42297e-09
     11.3931  5.51499e-09
     11.5219  5.60854e-09
     11.6522  5.70369e-09
     11.7839   5.8004e-09
     11.9171  5.89874e-09
     12.0519   5.9988e-09
     12.1881  6.10046e-09
     12.3259  6.20387e-09
     12.4653  6.30905e-09
     12.6063  6.41601e-09
     12.7488   6.5247e-09
     12.8929   6.6352e-09
     13.0387  6.74761e-09
     13.1861  6.86186e-09
     13.3352  6.97806e-09
      13.486  7.09621e-09
     13.6385  7.21633e-09
     13.7927  7.33844e-09
     13.9486  7.46256e-09
     14.1063  7.58877e-09
     14.2658   7.7171e-09
     14.4271  7.84757e-09
     14.5902  7.98019e-09
     14.7552  8.11506e-09
      14.922  8.25212e-09
     15.0908  8.39155e-09
     15.2614  8.53319e-09
     15.4339  8.67716e-09
     15.6084  8.82355e-09
     15.7849  8.97238e-09
     15.9634  9.12368e-09
     16.1439  9.27744e-09
     16.3264  9.43371e-09
      16.511  9.59257e-09
     16.6977  9.75405e-09
     16.8865  9.91817e-09
     17.0774  1.00849e-08
     17.2705  1.02545e-08
     17.4658  1.04268e-08
     17.6632  1.06018e-08
     17.8629  1.07797e-08
     18.0649  1.09606e-08
     18.2692  1.11444e-08
     18.4757   1.1331e-08
     18.6846  1.15207e-08
     18.8959  1.17136e-08
     19.1095  1.19094e-08
     19.3256  1.21084e-08
     19.5441  1.23106e-08
     19.7651   1.2516e-08
     19.9885  1.27246e-08
     20.2145  1.29365e-08
     20.4431  1.31519e-08
     20.6742  1.33705e-08
      20.908  1.35927e-08
     21.1444  1.38183e-08
     21.3835  1.40474e-08
     21.6252    1.428e-08
     21.8697  1.45162e-08
      22.117  1.47562e-08
     22.3671  1.49998e-08
       22.62  1.52471e-08
     22.8757  1.54981e-08
     23.1344   1.5753e-08
     23.3959  1.60116e-08
     23.6605  1.62743e-08
      23.928  1.65408e-08
     24.1985  1.68112e-08
     24.4721  1.70856e-08
     24.7488  1.73641e-08
     25.0287  1.76467e-08
     25.3116  1.79333e-08
     25.5978   1.8224e-08
     25.8873  1.85191e-08
     26.1799  1.88181e-08
      26.476  1.91215e-08
     26.7753   1.9429e-08
      27.078  1.97409e-08
     27.3842  2.00571e-08
     27.6938  2.03775e-08
     28.0069  2.07023e-08
     28.3236  2.10315e-08
     28.6438   2.1365e-08
     28.9677   2.1703e-08
     29.2952  2.20453e-08
     29.6265  2.23921e-08
     29.9614  2.27432e-08
     30.3002  2.30988e-08
     30.6428  2.34588e-08
     30.9892  2.38232e-08
     31.3396   2.4192e-08
      31.694  2.45653e-08
     32.0523  2.49429e-08
     32.4147  2.53249e-08
     32.7812  2.57113e-08
     33.1519  2.61021e-08
     33.5267   2.6497e-08
     33.9058  2.68964e-08
     34.2891  2.72998e-08
     34.6768  2.77076e-08
     35.0689  2.81195e-08
     35.4654  2.85355e-08
     35.8664  2.89556e-08
     36.2719  2.93796e-08
      36.682  2.98076e-08
     37.0968  3.02395e-08
     37.5162  3.06751e-08
     37.9404  3.11145e-08
     38.3693  3.15574e-08
     38.8032  3.20039e-08
     39.2419  3.24538e-08
     39.6856  3.29071e-08
     40.1343  3.33636e-08
     40.5881  3.38231e-08
      41.047  3.42857e-08
     41.5111  3.47511e-08
     41.9804  3.52191e-08
     42.4551  3.56898e-08
     42.9351  3.61629e-08
     43.4205  3.66382e-08
     43.9115  3.71157e-08
      44.408  3.75951e-08
     44.9101  3.80762e-08
     45.4178  3.85588e-08
     45.9314  3.90429e-08
     46.4507  3.95282e-08
     46.9759  4.00144e-08
      47.507  4.05013e-08
     48.0442  4.09889e-08
     48.5874  4.14767e-08
     49.1367  4.19646e-08
     49.6923  4.24524e-08
     50.2541  4.29397e-08
     50.8223  4.34265e-08
      51.397  4.39123e-08
     51.9781  4.43969e-08
     52.5658  4.48801e-08
     53.1601  4.53616e-08
     53.7612  4.58411e-08
      54.369  4.63182e-08
     54.9838  4.67928e-08
     55.6054  4.72644e-08
     56.2341  4.77329e-08
     56.8699  4.81979e-08
     57.5129   4.8659e-08
     58.1632   4.9116e-08
     58.8208  4.95685e-08
     59.4859  5.00163e-08
     60.1585  5.04588e-08
     60.8387  5.08959e-08
     61.5265  5.13272e-08
     62.2222  5.17523e-08
     62.9257  5.21709e-08
     63.6372  5.25826e-08
     64.3567  5.29866e-08
     65.0843  5.33838e-08
     65.8202  5.37726e-08
     66.5644   5.4153e-08
      67.317  5.45248e-08
     68.0782  5.48876e-08
     68.8479  5.52408e-08
     69.6263  5.55841e-08
     70.4136  5.59173e-08
     71.2097  5.62398e-08
     72.0148  5.65513e-08
     72.8291  5.68514e-08
     73.6525  5.71397e-08
     74.4853  5.74157e-08
     75.3274  5.76792e-08
     76.1791  5.79296e-08
     77.0404  5.81666e-08
     77.9115  5.83897e-08
     78.7924  5.85986e-08
     79.6833  5.87928e-08
     80.5842  5.89719e-08
     81.4953  5.91354e-08
     82.4168  5.92835e-08
     83.3486  5.94147e-08
      84.291   5.9529e-08
      85.244   5.9626e-08
     86.2079  5.97052e-08
     87.1826  5.97663e-08
     88.1683  5.98087e-08
     89.1652  5.98319e-08
     90.1733  5.98356e-08
     91.1929  5.98192e-08
      92.224  5.97823e-08
     93.2667  5.97243e-08
     94.3212  5.96449e-08
     95.3877  5.95424e-08
     96.4662  5.94186e-08
     97.5569  5.92718e-08
     98.6599  5.91016e-08
     99.7754  5.89076e-08
     100.904  5.86891e-08
     102.044  5.84461e-08
     103.198  5.81743e-08
     104.365  5.78836e-08
     105.545  5.75635e-08
     106.738  5.72169e-08
     107.945  5.68432e-08
     109.166  5.64422e-08
       110.4  5.60137e-08
     111.648  5.55572e-08
     112.911  5.50722e-08
     114.187   5.4559e-08
     115.478   5.4019e-08
     116.784  5.34477e-08
     118.104  5.28475e-08
      119.44  5.22175e-08
      120.79  5.15585e-08
     122.156  5.08698e-08
     123.537  5.01517e-08
     124.934  4.94011e-08
     126.346  4.86243e-08
     127.775  4.78178e-08
      129.22  4.69823e-08
     130.681  4.61137e-08
     132.158  4.52257e-08
     133.652   4.4305e-08
     135.163  4.33563e-08
     136.692  4.23797e-08
     138.237   4.1377e-08
       139.8  4.03475e-08
     141.381  3.92919e-08
     142.979  3.82116e-08
     144.596  3.71061e-08
     146.231  3.59767e-08
     147.884  3.48244e-08
     149.556  3.36492e-08
     151.247  3.24522e-08
     152.957  3.12342e-08
     154.687  2.99954e-08
     156.436  2.87375e-08
     158.204  2.74616e-08
     159.993  2.61671e-08
     161.802  2.48559e-08
     163.632  2.35282e-08
     165.482  2.21857e-08
     167.353  2.08289e-08
     169.245  1.94589e-08
     171.158  1.80766e-08
     173.094  1.66818e-08
     175.051   1.5284e-08
      177.03  1.38697e-08
     179.032  1.24392e-08
     181.056  1.10084e-08
     183.103   9.5708e-09
     185.173  8.12757e-09
     187.267  6.67925e-09
     189.384  5.22777e-09
     191.525  3.77369e-09
     193.691   2.3176e-09
     195.881  8.61492e-10
     198.096 -5.93992e-10
     200.335 -2.04686e-09
     202.601 -3.49768e-09
     204.891 -4.94314e-09
     207.208 -6.38371e-09
     209.551 -7.81651e-09
      211.92 -9.24164e-09
     214.316 -1.06585e-08
     216.739 -1.20635e-08
      219.19 -1.34568e-08
     221.668 -1.48362e-08
     224.174 -1.62006e-08
     226.709 -1.75491e-08
     229.272 -1.88793e-08
     231.865 -2.01908e-08
     234.486 -2.14808e-08
     237.137 -2.27486e-08
     239.819 -2.39931e-08
      242.53 -2.52116e-08
     245.272 -2.64033e-08
     248.045 -2.75664e-08
      250.85 -2.86996e-08
     253.686 -2.97992e-08
     256.555 -3.08689e-08
     259.455 -3.19015e-08
     262.389 -3.28979e-08
     265.356 -3.38559e-08
     268.356 -3.47738e-08
      271.39 -3.56502e-08
     274.458 -3.64832e-08
     277.562 -3.72717e-08
       280.7 -3.80134e-08
     283.874 -3.87086e-08
     287.083 -3.93523e-08
     290.329 -3.99448e-08
     293.612 -4.04843e-08
     296.931  -4.0969e-08
     300.289 -4.13979e-08
     303.684  -4.1769e-08
     307.118 -4.20811e-08
      310.59 -4.23327e-08
     314.102 -4.25208e-08
     317.653 -4.26474e-08
     321.245  -4.2711e-08
     324.877 -4.27074e-08
      328.55 -4.26371e-08
     332.265  -4.2499e-08
     336.022 -4.22921e-08
     339.821 -4.20156e-08
     343.663 -4.16688e-08
     347.549 -4.12509e-08
     351.478 -4.07617e-08
     355.452 -4.02004e-08
     359.471  -3.9567e-08
     363.536 -3.88611e-08
     367.646 -3.70868e-08
     371.803 -3.72331e-08
     376.006 -3.63114e-08
     380.258 -3.53183e-08
     384.557 -3.42549e-08
     388.905 -3.31218e-08
     393.302 -3.19203e-08
     397.749 -3.06517e-08
     402.246 -2.93174e-08
     406.794 -2.79193e-08
     411.394 -2.65885e-08
     416.045 -2.49398e-08
     420.749 -2.33632e-08
     425.507 -2.17318e-08
     430.318 -2.00494e-08
     435.183 -1.83189e-08
     440.103 -1.65438e-08
     445.079 -1.47278e-08
     450.112 -1.28747e-08
     455.201 -1.09895e-08
     460.348 -9.07632e-09
     465.553 -7.14029e-09
     470.816  -5.1868e-09
      476.14 -3.22041e-09
     481.523 -1.24781e-09
     486.968  7.25912e-10
     492.473   2.6936e-09
     498.042  4.65001e-09
     503.673  6.58752e-09
     509.368  8.49978e-09
     515.127  1.03795e-08
     520.951  1.22196e-08
     526.841  1.40128e-08
     532.798  1.57518e-08
     538.822  1.74288e-08
     544.914  1.90363e-08
     551.075  2.05669e-08
     557.306  2.20129e-08
     563.607  2.33667e-08
      569.98  2.46212e-08
     576.424  2.57653e-08
     582.942  2.67993e-08
     589.533  2.77126e-08
     596.198   2.8499e-08
     602.939  2.91561e-08
     609.756  2.96707e-08
      616.65  3.00374e-08
     623.623  3.02592e-08
     630.674  3.03282e-08
     637.804   3.0241e-08
     645.016  2.99948e-08
     652.309  2.95877e-08
     659.684  2.90186e-08
     667.143  2.82875e-08
     674.686   2.7395e-08
     682.314  2.63431e-08
     690.029  2.51347e-08
     697.831  2.37741e-08
     705.721  2.22665e-08
       713.7  2.06185e-08
     721.769  1.88382e-08
      729.93  1.69343e-08
     738.183  1.49176e-08
     746.529  1.27999e-08
      754.97   1.0594e-08
     763.506  8.31468e-09
     772.139  5.97712e-09
     780.869  3.59839e-09
     789.698  1.19605e-09
     798.627  -1.2112e-09
     807.656 -3.60347e-09
     816.788 -5.96098e-09
     826.023 -8.26264e-09
     835.363 -1.04875e-08
     844.808 -1.26139e-08
     854.359 -1.46206e-08
     864.019 -1.64868e-08
     873.788 -1.81917e-08
     883.668 -1.97156e-08
     893.659 -2.10396e-08
     903.763 -2.21463e-08
     913.982 -2.30197e-08
     924.316 -2.45304e-08
     934.766 -2.40128e-08
     945.335 -2.41115e-08
     956.024 -2.39356e-08
     966.833 -2.34816e-08
     977.765 -2.27495e-08
      988.82 -2.17431e-08
        1000 -2.04697e-08
