        0.01  2.37583e-09
   0.0101131  2.47126e-09
   0.0102274  2.57039e-09
    0.010343  2.67349e-09
     0.01046  2.78085e-09
   0.0105783  2.89254e-09
   0.0106979  3.00857e-09
   0.0108188  3.12938e-09
   0.0109411  3.25483e-09
   0.0110648  3.38554e-09
   0.0111899  3.52141e-09
   0.0113165  3.66284e-09
   0.0114444  3.80976e-09
   0.0115738  3.96264e-09
   0.0117047  4.12182e-09
    0.011837  4.28717e-09
   0.0119709  4.45933e-09
   0.0121062  4.63824e-09
   0.0122431  4.82445e-09
   0.0123815  5.01802e-09
   0.0125215  5.21939e-09
   0.0126631  5.42892e-09
   0.0128062  5.64672e-09
    0.012951  5.87339e-09
   0.0130975  6.10919e-09
   0.0132456  6.35434e-09
   0.0133953  6.60935e-09
   0.0135468  6.87473e-09
   0.0136999  7.15055e-09
   0.0138548  7.43746e-09
   0.0140115  7.73603e-09
   0.0141699   8.0465e-09
   0.0143301  8.36947e-09
   0.0144921  8.70536e-09
    0.014656   9.0547e-09
   0.0148217  9.41821e-09
   0.0149893  9.79621e-09
   0.0151588  1.01895e-08
   0.0153302  1.05984e-08
   0.0155035  1.10238e-08
   0.0156788  1.14662e-08
   0.0158561  1.19265e-08
   0.0160353   1.2405e-08
   0.0162166  1.29028e-08
      0.0164  1.34209e-08
   0.0165854  1.39593e-08
   0.0167729  1.45196e-08
   0.0169626  1.51025e-08
   0.0171544  1.57086e-08
   0.0173483   1.6339e-08
   0.0175445   1.6995e-08
   0.0177429  1.76771e-08
   0.0179435  1.83865e-08
   0.0181463  1.91242e-08
   0.0183515  1.98919e-08
    0.018559  2.06902e-08
   0.0187688  2.15206e-08
   0.0189811  2.23846e-08
   0.0191957   2.3283e-08
   0.0194127  2.42173e-08
   0.0196322  2.51893e-08
   0.0198542  2.62004e-08
   0.0200786  2.72515e-08
   0.0203057  2.83458e-08
   0.0205353  2.94835e-08
   0.0207674  3.06664e-08
   0.0210022  3.18972e-08
   0.0212397  3.31775e-08
   0.0214799  3.45095e-08
   0.0217227  3.58941e-08
   0.0219683  3.73347e-08
   0.0222167  3.88332e-08
   0.0224679  4.03918e-08
   0.0227219  4.20127e-08
   0.0229788  4.36989e-08
   0.0232387  4.54533e-08
   0.0235014  4.72773e-08
   0.0237671  4.91747e-08
   0.0240358  5.11481e-08
   0.0243076  5.32012e-08
   0.0245824  5.53362e-08
   0.0248604  5.75576e-08
   0.0251415  5.98678e-08
   0.0254257    6.227e-08
   0.0257132  6.47695e-08
   0.0260039  6.73688e-08
   0.0262979  7.00725e-08
   0.0265953  7.28856e-08
    0.026896  7.58108e-08
   0.0272001  7.88534e-08
   0.0275076  8.20178e-08
   0.0278186  8.53094e-08
   0.0281332  8.87341e-08
   0.0284513  9.22956e-08
   0.0287729  9.59989e-08
   0.0290983  9.98528e-08
   0.0294273   1.0386e-07
     0.02976  1.08029e-07
   0.0300965  1.12364e-07
   0.0304368  1.16874e-07
   0.0307809  1.21565e-07
   0.0311289  1.26443e-07
   0.0314809  1.31519e-07
   0.0318368  1.36797e-07
   0.0321968  1.42288e-07
   0.0325608  1.47998e-07
    0.032929  1.53938e-07
   0.0333013  1.60117e-07
   0.0336778  1.66542e-07
   0.0340586  1.73227e-07
   0.0344437   1.8018e-07
   0.0348331  1.87411e-07
   0.0352269  1.94931e-07
   0.0356252  2.02755e-07
    0.036028  2.10893e-07
   0.0364354  2.19358e-07
   0.0368473  2.28161e-07
    0.037264   2.3732e-07
   0.0376853  2.46844e-07
   0.0381114  2.56751e-07
   0.0385423  2.67056e-07
   0.0389781  2.77774e-07
   0.0394188  2.88923e-07
   0.0398645  3.00519e-07
   0.0403152  3.12579e-07
    0.040771  3.25124e-07
    0.041232  3.38173e-07
   0.0416982  3.51746e-07
   0.0421697  3.65865e-07
   0.0426464  3.80546e-07
   0.0431286  3.95819e-07
   0.0436163  4.11708e-07
   0.0441094   4.2823e-07
   0.0446081  4.45416e-07
   0.0451125  4.63294e-07
   0.0456226  4.81889e-07
   0.0461384  5.01229e-07
   0.0466601  5.21347e-07
   0.0471876  5.42268e-07
   0.0477212  5.64035e-07
   0.0482607   5.8667e-07
   0.0488064  6.10217e-07
   0.0493582  6.34707e-07
   0.0499163  6.60182e-07
   0.0504807  6.86679e-07
   0.0510514  7.14236e-07
   0.0516286    7.429e-07
   0.0522124   7.7272e-07
   0.0528027   8.0373e-07
   0.0533997  8.35987e-07
   0.0540035  8.69541e-07
   0.0546141   9.0444e-07
   0.0552316  9.40739e-07
   0.0558561  9.78497e-07
   0.0564876  1.01777e-06
   0.0571263  1.05861e-06
   0.0577722   1.1011e-06
   0.0584254  1.14529e-06
    0.059086  1.19126e-06
    0.059754  1.23907e-06
   0.0604296  1.28879e-06
   0.0611129  1.34052e-06
   0.0618039  1.39433e-06
   0.0625027  1.45029e-06
   0.0632093  1.50849e-06
    0.063924  1.56903e-06
   0.0646468  1.63201e-06
   0.0653777   1.6975e-06
   0.0661169  1.76563e-06
   0.0668645   1.8365e-06
   0.0676205   1.9102e-06
    0.068385  1.98686e-06
   0.0691582   2.0666e-06
   0.0699402  2.14955e-06
   0.0707309  2.23581e-06
   0.0715307  2.32555e-06
   0.0723394  2.41888e-06
   0.0731573  2.51596e-06
   0.0739845  2.61694e-06
    0.074821  2.72196e-06
    0.075667  2.83121e-06
   0.0765225  2.94483e-06
   0.0773877  3.06302e-06
   0.0782627  3.18595e-06
   0.0791476  3.31382e-06
   0.0800424   3.4468e-06
   0.0809474  3.58513e-06
   0.0818627  3.72903e-06
   0.0827883  3.87869e-06
   0.0837243  4.03435e-06
   0.0846709  4.19625e-06
   0.0856283  4.36467e-06
   0.0865964  4.53983e-06
   0.0875755  4.72203e-06
   0.0885657  4.91155e-06
   0.0895671  5.10867e-06
   0.0905798   5.3137e-06
   0.0916039  5.52694e-06
   0.0926396  5.74875e-06
   0.0936871  5.97948e-06
   0.0947464  6.21946e-06
   0.0958176  6.46905e-06
    0.096901  6.72868e-06
   0.0979966  6.99872e-06
   0.0991046   7.2796e-06
    0.100225  7.57171e-06
    0.101358  7.87553e-06
    0.102504  8.19159e-06
    0.103663  8.52035e-06
    0.104835  8.86227e-06
    0.106021  9.21814e-06
    0.107219  9.58786e-06
    0.108432  9.97288e-06
    0.109658  1.03731e-05
    0.110898  1.07895e-05
    0.112151  1.12222e-05
    0.113419  1.16725e-05
    0.114702  1.21412e-05
    0.115999  1.26285e-05
     0.11731  1.31351e-05
    0.118637  1.36624e-05
    0.119978  1.42106e-05
    0.121335  1.47811e-05
    0.122706  1.53739e-05
    0.124094  1.59911e-05
    0.125497  1.66328e-05
    0.126916  1.73004e-05
    0.128351  1.79946e-05
    0.129802  1.87167e-05
     0.13127   1.9468e-05
    0.132754  2.02492e-05
    0.134255  2.10618e-05
    0.135773   2.1907e-05
    0.137308  2.27861e-05
     0.13886  2.37002e-05
     0.14043  2.46513e-05
    0.142018  2.56407e-05
    0.143624  2.66698e-05
    0.145248  2.77401e-05
     0.14689  2.88532e-05
    0.148551  3.00112e-05
     0.15023  3.12151e-05
    0.151929   3.2468e-05
    0.153647  3.37711e-05
    0.155384  3.51261e-05
    0.157141  3.65358e-05
    0.158918  3.80022e-05
    0.160714  3.95264e-05
    0.162531  4.11125e-05
    0.164369  4.27625e-05
    0.166228   4.4479e-05
    0.168107  4.62634e-05
    0.170008  4.81202e-05
     0.17193  5.00509e-05
    0.173874  5.20594e-05
     0.17584  5.41485e-05
    0.177828  5.63211e-05
    0.179839  5.85815e-05
    0.181872  6.09318e-05
    0.183928  6.33764e-05
    0.186008  6.59199e-05
    0.188111  6.85649e-05
    0.190238  7.13163e-05
    0.192389   7.4178e-05
    0.194564   7.7154e-05
    0.196764  8.02501e-05
    0.198989  8.34705e-05
    0.201238  8.68184e-05
    0.203514   9.0303e-05
    0.205815  9.39263e-05
    0.208142  9.76949e-05
    0.210495  0.000101614
    0.212875  0.000105691
    0.215282  0.000109932
    0.217716  0.000114343
    0.220178  0.000118931
    0.222667  0.000123702
    0.225185  0.000128666
    0.227731  0.000133828
    0.230306  0.000139198
     0.23291  0.000144783
    0.235543  0.000150591
    0.238206  0.000156632
      0.2409  0.000162918
    0.243623  0.000169452
    0.246378  0.000176252
    0.249163  0.000183321
    0.251981  0.000190678
     0.25483  0.000198327
    0.257711  0.000206283
    0.260625  0.000214559
    0.263571  0.000223164
    0.266552   0.00023212
    0.269565  0.000241429
    0.272613  0.000251115
    0.275696   0.00026119
    0.278813  0.000271668
    0.281965  0.000282564
    0.285153  0.000293898
    0.288377  0.000305687
    0.291638  0.000317951
    0.294935  0.000330703
     0.29827   0.00034397
    0.301642  0.000357765
    0.305053  0.000372117
    0.308502  0.000387042
     0.31199  0.000402566
    0.315517   0.00041871
    0.319085  0.000435507
    0.322693  0.000452975
    0.326341   0.00047114
    0.330031  0.000490037
    0.333762  0.000509688
    0.337536  0.000530131
    0.341353  0.000551395
    0.345212  0.000573505
    0.349115  0.000596503
    0.353062  0.000620423
    0.357054  0.000645303
    0.361091   0.00067118
    0.365174  0.000698097
    0.369303  0.000726091
    0.373479   0.00075521
    0.377701  0.000785486
    0.381972  0.000816986
    0.386291  0.000849745
    0.390658  0.000883811
    0.395075  0.000919246
    0.399542  0.000956102
    0.404059  0.000994431
    0.408628    0.0010343
    0.413248   0.00107577
    0.417921    0.0011189
    0.422646   0.00116375
    0.427424    0.0012104
    0.432257   0.00125892
    0.437144   0.00130938
    0.442087   0.00136187
    0.447086   0.00141646
    0.452141   0.00147324
    0.457253   0.00153228
    0.462423   0.00159369
    0.467651   0.00165756
    0.472939     0.001724
    0.478286   0.00179308
    0.483694   0.00186494
    0.489162   0.00193966
    0.494693   0.00201739
    0.500286   0.00209822
    0.505943   0.00218229
    0.511663   0.00226972
    0.517449   0.00236067
    0.523299   0.00245524
    0.529216    0.0025536
    0.535199   0.00265589
    0.541251   0.00276229
     0.54737   0.00287293
    0.553559     0.002988
    0.559818   0.00310768
    0.566148   0.00323216
    0.572549    0.0033616
    0.579022   0.00349621
    0.585569   0.00363622
     0.59219   0.00378183
    0.598885   0.00393324
    0.605657   0.00409074
    0.612505   0.00425452
     0.61943   0.00442483
    0.626434   0.00460198
    0.633516   0.00478617
    0.640679   0.00497775
    0.647923   0.00517698
    0.655249   0.00538418
    0.662657   0.00559963
     0.67015   0.00582373
    0.677727   0.00605676
     0.68539   0.00629911
    0.693139   0.00655111
    0.700976   0.00681319
    0.708902   0.00708575
    0.716917   0.00736917
    0.725023   0.00766391
     0.73322    0.0079704
     0.74151   0.00828912
    0.749894   0.00862058
    0.758373   0.00896527
    0.766947   0.00932368
    0.775619   0.00969643
    0.784389     0.010084
    0.793257    0.0104871
    0.802226    0.0109062
    0.811297     0.011342
     0.82047    0.0117952
    0.829746    0.0122664
    0.839128    0.0127565
    0.848615     0.013266
     0.85821    0.0137959
    0.867914    0.0143469
    0.877727    0.0149197
    0.887651    0.0155154
    0.897687    0.0161348
    0.907837    0.0167789
    0.918101    0.0174486
    0.928482    0.0181449
     0.93898    0.0188689
    0.949596    0.0196217
    0.960333    0.0204045
    0.971191    0.0212183
    0.982172    0.0220645
    0.993277    0.0229443
     1.00451    0.0238593
     1.01586    0.0248097
     1.02735    0.0257989
     1.03897    0.0268273
     1.05071    0.0278956
     1.06259    0.0290068
     1.07461    0.0301627
     1.08676    0.0313639
     1.09905    0.0326129
     1.11147    0.0339104
     1.12404    0.0352604
     1.13675    0.0366637
      1.1496     0.038122
      1.1626    0.0396387
     1.17574    0.0412144
     1.18904     0.042854
     1.20248     0.044557
     1.21608    0.0463284
     1.22983    0.0481692
     1.24373    0.0500821
     1.25779    0.0520708
     1.27201    0.0541381
      1.2864    0.0562884
     1.30094    0.0585216
     1.31565    0.0608436
     1.33053    0.0632578
     1.34557    0.0657657
     1.36078    0.0683722
     1.37617    0.0710828
     1.39173    0.0738992
     1.40746    0.0768253
     1.42338    0.0798686
     1.43947    0.0830295
     1.45575    0.0863161
     1.47221    0.0897309
     1.48885    0.0932782
     1.50569    0.0969672
     1.52271     0.100798
     1.53993     0.104781
     1.55734     0.108919
     1.57495     0.113219
     1.59275     0.117685
     1.61076     0.122327
     1.62897      0.12715
     1.64739     0.132162
     1.66602      0.13737
     1.68485     0.142778
      1.7039     0.148398
     1.72317     0.154238
     1.74265     0.160303
     1.76236     0.166606
     1.78228      0.17315
     1.80243     0.179949
     1.82281     0.187012
     1.84342     0.194349
     1.86427     0.201972
     1.88534     0.209884
     1.90666     0.218105
     1.92822     0.226644
     1.95002      0.23551
     1.97207     0.244718
     1.99437     0.254282
     2.01691     0.264207
     2.03972      0.27452
     2.06278     0.285225
      2.0861      0.29634
     2.10969     0.307883
     2.13354     0.319864
     2.15767     0.332307
     2.18206     0.345218
     2.20673     0.358623
     2.23168     0.372538
     2.25692     0.386987
     2.28244      0.40198
     2.30824     0.417536
     2.33434     0.433686
     2.36073     0.450442
     2.38742     0.467831
     2.41442     0.485881
     2.44172     0.504606
     2.46932     0.524027
     2.49724     0.544182
     2.52548     0.565095
     2.55403     0.586781
     2.58291     0.609282
     2.61211     0.632615
     2.64165     0.656822
     2.67152     0.681925
     2.70172     0.707949
     2.73227     0.734942
     2.76316     0.762924
      2.7944     0.791937
       2.826      0.82202
     2.85795     0.853198
     2.89026     0.885514
     2.92294     0.919011
     2.95599     0.953728
     2.98941     0.989699
     3.02321      1.02697
      3.0574       1.0656
     3.09196       1.1056
     3.12692      1.14704
     3.16228      1.18998
     3.19803      1.23443
     3.23419      1.28047
     3.27076      1.32814
     3.30774      1.37749
     3.34514      1.42859
     3.38296      1.48147
     3.42121      1.53621
     3.45989      1.59284
     3.49901      1.65145
     3.53857      1.71208
     3.57858      1.77481
     3.61904      1.83968
     3.65996      1.90677
     3.70134      1.97614
     3.74319      2.04786
     3.78552      2.12201
     3.82832      2.19864
      3.8716      2.27781
     3.91538      2.35963
     3.95964      2.44412
     4.00441      2.53141
     4.04969      2.62155
     4.09548      2.71462
     4.14178      2.81068
     4.18861      2.90983
     4.23597      3.01215
     4.28387      3.11771
      4.3323      3.22656
     4.38129      3.33884
     4.43082      3.45457
     4.48092      3.57388
     4.53158      3.69681
     4.58282      3.82347
     4.63464      3.95393
     4.68704      4.08826
     4.74003      4.22653
     4.79363      4.36886
     4.84782      4.51525
     4.90264      4.66587
     4.95807      4.82072
     5.01413      4.97989
     5.07082      5.14344
     5.12815      5.31144
     5.18613      5.48396
     5.24477      5.66107
     5.30407      5.84279
     5.36404      6.02918
     5.42469      6.22029
     5.48603      6.41618
     5.54805      6.61681
     5.61078      6.82228
     5.67422      7.03259
     5.73838      7.24775
     5.80326      7.46773
     5.86887      7.69255
     5.93523      7.92221
     6.00234      8.15667
      6.0702      8.39586
     6.13883      8.63976
     6.20824      8.88832
     6.27844      9.14146
     6.34942      9.39902
     6.42121      9.66098
     6.49382       9.9272
     6.56724      10.1975
     6.64149      10.4717
     6.71658      10.7496
     6.79253      11.0312
     6.86932       11.316
     6.94699      11.6039
     7.02554      11.8947
     7.10497      12.1878
     7.18531      12.4833
     7.26655      12.7805
     7.34871      13.0791
      7.4318      13.3788
     7.51582       13.679
      7.6008      13.9793
     7.68674      14.2792
     7.77365      14.5782
     7.86154      14.8755
     7.95043      15.1707
     8.04032      15.4631
     8.13123      15.7519
     8.22317      16.0364
     8.31614      16.3158
     8.41017      16.5893
     8.50526       16.856
     8.60142       17.115
     8.69868      17.3653
     8.79703       17.606
     8.89649       17.836
     8.99708      18.0541
     9.09881      18.2594
     9.20168      18.4505
     9.30572      18.6263
     9.41094      18.7855
     9.51734      18.9269
     9.62495       19.049
     9.73377      19.1506
     9.84383      19.2303
     9.95513      19.2866
     10.0677       19.318
     10.1815      19.3232
     10.2966      19.3007
     10.4131      19.2489
     10.5308      19.1665
     10.6499      19.0518
     10.7703      18.9036
      10.892      18.7204
     11.0152      18.5005
     11.1397      18.2429
     11.2657       17.946
     11.3931      17.6086
     11.5219      17.2298
     11.6522      16.8081
     11.7839      16.3429
     11.9171      15.8331
     12.0519      15.2776
     12.1881      14.6766
     12.3259      14.0289
     12.4653      13.3343
     12.6063      12.5927
     12.7488      11.8049
     12.8929      10.9709
     13.0387      10.0907
     13.1861      9.16586
     13.3352      8.19708
      13.486      7.18586
     13.6385       6.1341
     13.7927        5.044
     13.9486      3.91816
     14.1063      2.75878
     14.2658      1.56915
     14.4271     0.352977
     14.5902    -0.885663
     14.7552     -2.14304
      14.922     -3.41349
     15.0908     -4.69326
     15.2614     -5.97512
     15.4339     -7.25378
     15.6084     -8.52351
     15.7849     -9.77749
     15.9634     -11.0086
     16.1439     -12.2092
     16.3264     -13.3719
      16.511     -14.4891
     16.6977     -15.5527
     16.8865     -16.5545
     17.0774     -17.4861
     17.2705     -18.3397
     17.4658     -19.1069
     17.6632     -19.7792
     17.8629     -20.3496
     18.0649     -20.8102
     18.2692      -21.154
     18.4757     -21.3742
     18.6846     -21.4652
     18.8959     -21.4217
     19.1095     -21.2393
     19.3256     -20.9145
     19.5441     -20.4453
     19.7651     -19.8303
     19.9885     -19.0701
     20.2145     -18.1658
     20.4431     -17.1203
     20.6742     -15.9388
      20.908     -14.6268
     21.1444     -13.1926
     21.3835     -11.6456
     21.6252     -9.99769
     21.8697     -8.26074
      22.117     -6.44943
     22.3671     -4.58004
       22.62     -2.67033
     22.8757    -0.739339
     23.1344      1.19429
     23.3959      3.10799
     23.6605      4.98223
      23.928      6.79346
     24.1985      8.52023
     24.4721      10.1413
     24.7488      11.6352
     25.0287      12.9823
     25.3116      14.1627
     25.5978      15.1608
     25.8873      15.9613
     26.1799      16.5517
      26.476      16.9234
     26.7753      17.0698
      27.078      16.9887
     27.3842      16.6812
     27.6938      16.1526
     28.0069       15.412
     28.3236      14.4723
     28.6438      13.3511
     28.9677      12.0685
     29.2952      10.6491
     29.6265      9.11923
     29.9614      7.50959
     30.3002      5.85017
     30.6428      4.17403
     30.9892        2.514
     31.3396     0.901443
      31.694    -0.632749
     32.0523     -2.05965
     32.4147     -3.35478
     32.7812     -4.49681
     33.1519     -5.46946
     33.5267     -6.26125
     33.9058     -6.86715
     34.2891     -7.28755
     34.6768     -7.52918
     35.0689     -7.60426
     35.4654     -7.53035
     35.8664     -7.32952
     36.2719     -7.02738
      36.682      -6.6518
     37.0968     -6.23152
     37.5162     -5.79489
     37.9404     -5.36775
     38.3693     -4.97243
     38.8032     -4.62564
     39.2419     -4.33799
     39.6856     -4.11222
     40.1343     -3.94309
     40.5881     -3.81706
      41.047     -3.71278
     41.5111       -3.602
     41.9804     -3.45128
     42.4551     -3.22396
     42.9351      -2.8831
     43.4205     -2.39431
     43.9115     -1.72892
      44.408    -0.867953
     44.9101     0.195326
     45.4178      1.45222
     45.9314      2.87758
     46.4507      4.42655
     46.9759      6.03712
      47.507      7.62997
     48.0442      9.11257
     48.5874      10.3823
     49.1367      11.3337
     49.6923      11.8653
     50.2541      11.8871
     50.8223      11.3294
      51.397      10.1505
     51.9781      8.34514
     52.5658      5.94867
     53.1601      3.04169
     53.7612    -0.251031
      54.369     -3.76115
     54.9838      -7.2874
     55.6054     -10.6013
     56.2341     -13.4667
     56.8699     -15.6529
     57.5129     -16.9549
     58.1632     -17.2129
     58.8208     -16.3299
     59.4859     -14.2875
     60.1585     -11.1558
     60.8387     -7.09818
     61.5265     -2.36725
     62.2222      2.70923
     62.9257      7.74486
     63.6372      12.3276
     64.3567      16.0518
     65.0843      18.5547
     65.8202      19.5608
     66.5644      18.9089
      67.317      16.5818
     68.0782      12.7208
     68.8479      7.62666
     69.6263      1.73984
     70.4136     -4.39227
     71.2097     -10.1619
     72.0148     -14.9664
     72.8291     -18.2723
     73.6525     -19.6795
     74.4853     -18.9801
     75.3274     -16.1953
     76.1791     -11.5886
     77.0404     -5.65351
     77.9115     0.934419
     78.7924      7.38742
     79.6833      12.9027
     80.5842       16.764
     81.4953      18.4457
     82.4168      17.6945
     83.3486      14.5813
      84.291      9.51029
      85.244       3.1798
     86.2079     -3.50771
     87.1826     -9.56686
     88.1683     -14.0823
     89.1652     -16.3541
     90.1733     -16.0211
     91.1929     -13.1364
      92.224      -8.1781
     93.2667     -1.98559
     94.3212      4.37311
     95.3877      9.78205
     96.4662      13.2792
     97.5569      14.2427
     98.6599      12.5211
     99.7754      8.47852
     100.904      2.93674
     102.044     -2.96363
     103.198     -8.02282
     104.365     -11.1981
     105.545     -11.8526
     106.738     -9.90642
     107.945     -5.85861
     109.166    -0.687848
       110.4      4.36512
     111.648      8.10733
     112.911       9.6758
     114.187      8.75996
     115.478      5.69022
     116.784      1.34884
     118.104     -3.05476
      119.44     -6.33123
      120.79     -7.62607
     122.156     -6.67928
     123.537     -3.88774
     124.934    -0.180792
     126.346      3.26527
     127.775      5.40996
      129.22      5.66394
     130.681      4.08064
     132.158      1.32131
     133.652     -1.59841
     135.163       -3.663
     136.692     -4.22263
     138.237     -3.21325
       139.8     -1.15328
     141.381      1.08294
     142.979      2.62145
     144.596      2.93838
     146.231      2.04423
     147.884     0.446137
     149.556     -1.10557
     151.247     -1.95695
     152.957     -1.82971
     154.687    -0.911114
     156.436     0.274555
     158.204      1.14408
     159.993      1.33588
     161.802     0.855303
     163.632    0.0299871
     165.482     -0.68845
     167.353    -0.961135
     169.245    -0.709777
     171.158    -0.119198
     173.094     0.485264
     175.051     0.802009
      177.03     0.682774
     179.032     0.185897
     181.056    -0.446686
     183.103    -0.882411
     185.173    -0.836781
     187.267    -0.241854
     189.384     0.637764
     191.525      1.26139
     193.691      1.10173
     195.881    0.0624727
     198.096     -1.27822
     200.335     -1.90599
     202.601     -1.09757
     204.891      0.83292
     207.208      2.47614
     209.551      2.27894
      211.92   -0.0269407
     214.316     -2.78219
     216.739     -3.46365
      219.19    -0.950542
     221.668      2.95679
     224.174      4.61915
     226.709      1.88475
     229.272     -3.25077
     231.865     -5.79652
     234.486     -2.53347
     237.137      3.98171
     239.819       7.0268
      242.53      2.55904
     245.272     -5.46319
     248.045     -8.14414
      250.85     -1.44796
     253.686       7.8392
     256.555      8.54225
     259.455     -1.43769
     262.389     -10.7069
     265.356     -6.99793
     268.356      6.42359
      271.39      12.5331
     274.458      1.95931
     277.562     -12.4106
       280.7     -10.3797
     283.874      6.97422
     287.083      15.5405
     290.329      1.36887
     293.612     -16.1218
     296.931     -9.80078
     300.289      12.6725
     303.684      16.3234
     307.118     -6.74335
      310.59     -20.1739
     314.102  -0.00723652
     317.653      21.5913
     321.245      6.34005
     324.877     -21.3803
      328.55     -11.5916
     332.265      20.4964
     336.022      15.5287
     339.821     -19.8015
     343.663     -18.1628
     347.549       19.959
     351.478      19.4715
     355.452     -21.3882
     359.471     -19.2478
     363.536       24.242
     367.646      16.9812
     371.803     -28.2097
     376.006     -11.9234
     380.258      32.3204
     384.557      3.26144
     388.905     -34.6366
     393.302      9.10893
     397.749      32.2396
     402.246     -23.5915
     406.794     -21.9924
     411.394      35.7467
     416.045      2.65495
     420.749       -38.33
     425.507      21.8035
     430.318      24.4398
     435.183     -39.9106
     440.103      5.40744
     445.079      36.3498
     450.112     -36.1236
     455.201     -5.03871
     460.348       41.282
     465.553     -34.6783
     470.816     -6.92282
      476.14      42.1857
     481.523     -38.7408
     486.968      1.12561
     492.473      37.5517
     498.042     -46.2038
     503.673      19.7679
     509.368      20.7803
     515.127     -46.9667
     520.951      42.8507
     526.841     -12.9888
     532.798       -23.79
     538.822      47.4603
     544.914     -47.4355
     551.075      25.8746
     557.306      5.98499
     563.607     -34.6531
      569.98      50.2221
     576.424     -49.1982
     582.942      34.0291
     589.533     -10.7191
     596.198      -13.933
     602.939      34.4195
     609.756     -47.6004
      616.65      52.6586
     623.623     -50.5426
     630.674       43.157
     637.804     -32.6537
     645.016      21.0055
     652.309     -9.65034
     659.684    -0.463688
     667.143      8.81452
     674.686      -15.248
     682.314      19.7812
     690.029     -22.4913
     697.831      23.4879
     705.721     -22.8013
       713.7        20.38
     721.769     -16.1013
      729.93       9.7957
     738.183     -1.39614
     746.529     -8.98788
      754.97      20.8954
     763.506     -33.2608
     772.139      44.3494
     780.869     -51.7029
     789.698      52.5064
     798.627     -44.2886
     807.656      26.1485
     816.788   -0.0684936
     826.023     -28.0497
     835.363      48.9364
     844.808      -52.707
     854.359      34.0696
     864.019      2.22932
     873.788     -39.4098
     883.668      54.7855
     893.659     -34.2281
     903.763     -12.6634
     913.982      51.5395
     924.316     -46.4819
     934.766     -3.66991
     945.335      52.0932
     956.024     -43.4662
     966.833     -18.5186
     977.765      58.4863
      988.82      -17.728
        1000      -50.909
