        0.01  0.000113145
   0.0101131   0.00011507
   0.0102274  0.000117027
    0.010343  0.000119016
     0.01046  0.000121041
   0.0105783  0.000123101
   0.0106979  0.000125194
   0.0108188  0.000127322
   0.0109411  0.000129488
   0.0110648   0.00013169
   0.0111899  0.000133929
   0.0113165  0.000136209
   0.0114444  0.000138524
   0.0115738   0.00014088
   0.0117047  0.000143277
    0.011837  0.000145713
   0.0119709  0.000148193
   0.0121062  0.000150712
   0.0122431  0.000153276
   0.0123815  0.000155882
   0.0125215  0.000158533
   0.0126631   0.00016123
   0.0128062  0.000163971
    0.012951   0.00016676
   0.0130975  0.000169597
   0.0132456  0.000172482
   0.0133953  0.000175414
   0.0135468  0.000178399
   0.0136999  0.000181431
   0.0138548  0.000184517
   0.0140115  0.000187656
   0.0141699  0.000190847
   0.0143301  0.000194093
   0.0144921  0.000197394
    0.014656  0.000200752
   0.0148217  0.000204166
   0.0149893  0.000207639
   0.0151588   0.00021117
   0.0153302  0.000214762
   0.0155035  0.000218414
   0.0156788  0.000222129
   0.0158561  0.000225907
   0.0160353  0.000229748
   0.0162166  0.000233655
      0.0164   0.00023763
   0.0165854  0.000241671
   0.0167729  0.000245781
   0.0169626  0.000249962
   0.0171544  0.000254214
   0.0173483  0.000258536
   0.0175445  0.000262934
   0.0177429  0.000267407
   0.0179435  0.000271955
   0.0181463  0.000276578
   0.0183515  0.000281283
    0.018559  0.000286067
   0.0187688  0.000290931
   0.0189811  0.000295881
   0.0191957  0.000300913
   0.0194127   0.00030603
   0.0196322  0.000311235
   0.0198542  0.000316529
   0.0200786  0.000321911
   0.0203057  0.000327388
   0.0205353  0.000332956
   0.0207674  0.000338617
   0.0210022  0.000344376
   0.0212397  0.000350234
   0.0214799  0.000356191
   0.0217227  0.000362248
   0.0219683  0.000368409
   0.0222167  0.000374675
   0.0224679  0.000381047
   0.0227219  0.000387527
   0.0229788  0.000394118
   0.0232387  0.000400823
   0.0235014  0.000407639
   0.0237671  0.000414571
   0.0240358  0.000421621
   0.0243076  0.000428793
   0.0245824  0.000436085
   0.0248604  0.000443503
   0.0251415  0.000451046
   0.0254257  0.000458716
   0.0257132  0.000466518
   0.0260039  0.000474452
   0.0262979  0.000482521
   0.0265953  0.000490729
    0.026896  0.000499075
   0.0272001  0.000507563
   0.0275076  0.000516194
   0.0278186  0.000524973
   0.0281332  0.000533903
   0.0284513  0.000542984
   0.0287729  0.000552216
   0.0290983   0.00056161
   0.0294273  0.000571162
     0.02976  0.000580875
   0.0300965  0.000590755
   0.0304368  0.000600803
   0.0307809   0.00061102
   0.0311289  0.000621411
   0.0314809  0.000631981
   0.0318368  0.000642728
   0.0321968   0.00065366
   0.0325608  0.000664776
    0.032929  0.000676084
   0.0333013  0.000687582
   0.0336778  0.000699275
   0.0340586  0.000711169
   0.0344437  0.000723264
   0.0348331  0.000735564
   0.0352269  0.000748073
   0.0356252  0.000760796
    0.036028  0.000773735
   0.0364354  0.000786896
   0.0368473  0.000800277
    0.037264   0.00081389
   0.0376853  0.000827731
   0.0381114  0.000841809
   0.0385423  0.000856126
   0.0389781  0.000870687
   0.0394188  0.000885495
   0.0398645  0.000900555
   0.0403152   0.00091587
    0.040771  0.000931446
    0.041232  0.000947288
   0.0416982  0.000963399
   0.0421697  0.000979785
   0.0426464  0.000996445
   0.0431286   0.00101339
   0.0436163   0.00103063
   0.0441094   0.00104816
   0.0446081   0.00106598
   0.0451125   0.00108411
   0.0456226   0.00110255
   0.0461384    0.0011213
   0.0466601   0.00114037
   0.0471876   0.00115977
   0.0477212   0.00117949
   0.0482607   0.00119955
   0.0488064   0.00121995
   0.0493582    0.0012407
   0.0499163    0.0012618
   0.0504807   0.00128326
   0.0510514   0.00130508
   0.0516286   0.00132728
   0.0522124   0.00134985
   0.0528027   0.00137281
   0.0533997   0.00139616
   0.0540035    0.0014199
   0.0546141   0.00144405
   0.0552316   0.00146861
   0.0558561   0.00149359
   0.0564876   0.00151899
   0.0571263   0.00154482
   0.0577722    0.0015711
   0.0584254   0.00159781
    0.059086   0.00162499
    0.059754   0.00165262
   0.0604296   0.00168073
   0.0611129   0.00170931
   0.0618039   0.00173839
   0.0625027   0.00176795
   0.0632093   0.00179801
    0.063924   0.00182859
   0.0646468   0.00185969
   0.0653777   0.00189132
   0.0661169   0.00192349
   0.0668645    0.0019562
   0.0676205   0.00198947
    0.068385    0.0020233
   0.0691582   0.00205771
   0.0699402   0.00209271
   0.0707309   0.00212829
   0.0715307   0.00216449
   0.0723394    0.0022013
   0.0731573   0.00223874
   0.0739845   0.00227681
    0.074821   0.00231553
    0.075667   0.00235491
   0.0765225   0.00239496
   0.0773877   0.00243569
   0.0782627   0.00247711
   0.0791476   0.00251924
   0.0800424   0.00256208
   0.0809474   0.00260565
   0.0818627   0.00264997
   0.0827883   0.00269503
   0.0837243   0.00274086
   0.0846709   0.00278747
   0.0856283   0.00283488
   0.0865964   0.00288309
   0.0875755   0.00293212
   0.0885657   0.00298198
   0.0895671    0.0030327
   0.0905798   0.00308427
   0.0916039   0.00313672
   0.0926396   0.00319006
   0.0936871   0.00324431
   0.0947464   0.00329949
   0.0958176    0.0033556
    0.096901   0.00341266
   0.0979966    0.0034707
   0.0991046   0.00352972
    0.100225   0.00358974
    0.101358   0.00365077
    0.102504   0.00371285
    0.103663   0.00377599
    0.104835    0.0038402
    0.106021   0.00390555
    0.107219   0.00397192
    0.108432    0.0040395
    0.109658    0.0041082
    0.110898   0.00417807
    0.112151   0.00424907
    0.113419   0.00432132
    0.114702   0.00439484
    0.115999   0.00446958
     0.11731   0.00454555
    0.118637   0.00462289
    0.119978   0.00470148
    0.121335   0.00478145
    0.122706    0.0048627
    0.124094   0.00494543
    0.125497   0.00502952
    0.126916   0.00511505
    0.128351   0.00520203
    0.129802   0.00529047
     0.13127   0.00538046
    0.132754   0.00547193
    0.134255   0.00556498
    0.135773   0.00565961
    0.137308   0.00575584
     0.13886   0.00585368
     0.14043   0.00595321
    0.142018   0.00605445
    0.143624   0.00615741
    0.145248   0.00626212
     0.14689   0.00636858
    0.148551   0.00647688
     0.15023   0.00658697
    0.151929   0.00669899
    0.153647   0.00681291
    0.155384   0.00692873
    0.157141   0.00704655
    0.158918   0.00716638
    0.160714   0.00728817
    0.162531   0.00741208
    0.164369   0.00753812
    0.166228   0.00766633
    0.168107   0.00779664
    0.170008   0.00792922
     0.17193   0.00806401
    0.173874   0.00820112
     0.17584   0.00834056
    0.177828   0.00848235
    0.179839   0.00862658
    0.181872   0.00877322
    0.183928   0.00892235
    0.186008   0.00907406
    0.188111   0.00922832
    0.190238   0.00938521
    0.192389   0.00954477
    0.194564   0.00970701
    0.196764   0.00987204
    0.198989    0.0100399
    0.201238    0.0102105
    0.203514    0.0103841
    0.205815    0.0105606
    0.208142    0.0107402
    0.210495    0.0109227
    0.212875    0.0111084
    0.215282    0.0112972
    0.217716    0.0114892
    0.220178    0.0116846
    0.222667    0.0118831
    0.225185    0.0120851
    0.227731    0.0122906
    0.230306    0.0124995
     0.23291    0.0127119
    0.235543     0.012928
    0.238206    0.0131477
      0.2409    0.0133712
    0.243623    0.0135984
    0.246378    0.0138295
    0.249163    0.0140645
    0.251981    0.0143036
     0.25483    0.0145467
    0.257711    0.0147939
    0.260625    0.0150453
    0.263571    0.0153009
    0.266552     0.015561
    0.269565    0.0158254
    0.272613    0.0160943
    0.275696    0.0163678
    0.278813     0.016646
    0.281965    0.0169288
    0.285153    0.0172164
    0.288377    0.0175089
    0.291638    0.0178064
    0.294935    0.0181089
     0.29827    0.0184166
    0.301642    0.0187295
    0.305053    0.0190477
    0.308502    0.0193713
     0.31199    0.0197004
    0.315517     0.020035
    0.319085    0.0203754
    0.322693    0.0207216
    0.326341    0.0210735
    0.330031    0.0214315
    0.333762    0.0217954
    0.337536    0.0221657
    0.341353    0.0225422
    0.345212     0.022925
    0.349115    0.0233143
    0.353062    0.0237102
    0.357054    0.0241129
    0.361091    0.0245224
    0.365174    0.0249388
    0.369303    0.0253623
    0.373479     0.025793
    0.377701    0.0262309
    0.381972    0.0266763
    0.386291    0.0271292
    0.390658    0.0275897
    0.395075    0.0280581
    0.399542    0.0285344
    0.404059    0.0290188
    0.408628    0.0295114
    0.413248    0.0300123
    0.417921    0.0305217
    0.422646    0.0310397
    0.427424    0.0315664
    0.432257    0.0321022
    0.437144    0.0326469
    0.442087    0.0332009
    0.447086    0.0337643
    0.452141    0.0343372
    0.457253    0.0349197
    0.462423    0.0355121
    0.467651    0.0361145
    0.472939    0.0367272
    0.478286    0.0373501
    0.483694    0.0379837
    0.489162    0.0386277
    0.494693    0.0392829
    0.500286     0.039949
    0.505943    0.0406264
    0.511663    0.0413152
    0.517449    0.0420158
    0.523299     0.042728
    0.529216    0.0434524
    0.535199    0.0441888
    0.541251    0.0449379
     0.54737    0.0456994
    0.553559    0.0464739
    0.559818    0.0472614
    0.566148    0.0480622
    0.572549    0.0488765
    0.579022    0.0497044
    0.585569    0.0505464
     0.59219    0.0514026
    0.598885     0.052273
    0.605657    0.0531583
    0.612505    0.0540585
     0.61943    0.0549737
    0.626434    0.0559044
    0.633516    0.0568506
    0.640679    0.0578129
    0.647923    0.0587913
    0.655249    0.0597862
    0.662657    0.0607977
     0.67015    0.0618264
    0.677727    0.0628722
     0.68539    0.0639357
    0.693139    0.0650169
    0.700976    0.0661163
    0.708902    0.0672342
    0.716917    0.0683707
    0.725023    0.0695264
     0.73322    0.0707014
     0.74151     0.071896
    0.749894    0.0731108
    0.758373    0.0743458
    0.766947    0.0756015
    0.775619    0.0768783
    0.784389    0.0781764
    0.793257     0.079496
    0.802226    0.0808379
    0.811297    0.0822022
     0.82047    0.0835892
    0.829746    0.0849992
    0.839128     0.086433
    0.848615    0.0878905
     0.85821    0.0893724
    0.867914     0.090879
    0.877727    0.0924106
    0.887651    0.0939678
    0.897687    0.0955508
    0.907837    0.0971601
    0.918101    0.0987962
    0.928482     0.100459
     0.93898      0.10215
    0.949596     0.103869
    0.960333     0.105617
    0.971191     0.107393
    0.982172     0.109199
    0.993277     0.111034
     1.00451     0.112901
     1.01586     0.114797
     1.02735     0.116725
     1.03897     0.118686
     1.05071     0.120677
     1.06259     0.122702
     1.07461     0.124762
     1.08676     0.126854
     1.09905     0.128982
     1.11147     0.131142
     1.12404      0.13334
     1.13675     0.135573
      1.1496     0.137843
      1.1626      0.14015
     1.17574     0.142494
     1.18904     0.144878
     1.20248       0.1473
     1.21608     0.149762
     1.22983     0.152264
     1.24373     0.154805
     1.25779     0.157389
     1.27201     0.160014
      1.2864     0.162684
     1.30094     0.165395
     1.31565     0.168151
     1.33053     0.170952
     1.34557     0.173796
     1.36078     0.176687
     1.37617     0.179626
     1.39173     0.182611
     1.40746     0.185643
     1.42338     0.188726
     1.43947     0.191856
     1.45575     0.195039
     1.47221     0.198271
     1.48885     0.201554
     1.50569     0.204891
     1.52271     0.208279
     1.53993     0.211723
     1.55734     0.215221
     1.57495     0.218774
     1.59275     0.222382
     1.61076     0.226048
     1.62897     0.229771
     1.64739     0.233554
     1.66602     0.237397
     1.68485     0.241297
      1.7039      0.24526
     1.72317     0.249285
     1.74265     0.253372
     1.76236     0.257524
     1.78228     0.261738
     1.80243     0.266017
     1.82281     0.270364
     1.84342     0.274776
     1.86427     0.279259
     1.88534     0.283806
     1.90666     0.288425
     1.92822     0.293114
     1.95002     0.297874
     1.97207     0.302706
     1.99437     0.307612
     2.01691     0.312588
     2.03972     0.317643
     2.06278     0.322771
      2.0861     0.327975
     2.10969     0.333259
     2.13354     0.338618
     2.15767      0.34406
     2.18206     0.349578
     2.20673     0.355177
     2.23168     0.360859
     2.25692     0.366625
     2.28244     0.372473
     2.30824     0.378403
     2.33434      0.38442
     2.36073     0.390521
     2.38742      0.39671
     2.41442     0.402988
     2.44172     0.409353
     2.46932     0.415804
     2.49724     0.422348
     2.52548     0.428982
     2.55403     0.435706
     2.58291     0.442523
     2.61211     0.449432
     2.64165     0.456436
     2.67152     0.463533
     2.70172     0.470723
     2.73227      0.47801
     2.76316     0.485391
      2.7944     0.492868
       2.826     0.500444
     2.85795     0.508116
     2.89026     0.515885
     2.92294     0.523753
     2.95599     0.531719
     2.98941     0.539783
     3.02321     0.547947
      3.0574     0.556212
     3.09196     0.564572
     3.12692     0.573034
     3.16228     0.581597
     3.19803     0.590256
     3.23419     0.599017
     3.27076     0.607877
     3.30774     0.616836
     3.34514     0.625893
     3.38296     0.635049
     3.42121     0.644303
     3.45989     0.653654
     3.49901     0.663103
     3.53857     0.672648
     3.57858     0.682288
     3.61904     0.692023
     3.65996     0.701852
     3.70134     0.711772
     3.74319     0.721785
     3.78552     0.731889
     3.82832     0.742079
      3.8716     0.752355
     3.91538     0.762719
     3.95964     0.773163
     4.00441      0.78369
     4.04969     0.794297
     4.09548     0.804981
     4.14178     0.815737
     4.18861     0.826565
     4.23597     0.837463
     4.28387     0.848427
      4.3323     0.859451
     4.38129     0.870537
     4.43082     0.881675
     4.48092     0.892866
     4.53158     0.904104
     4.58282     0.915386
     4.63464     0.926706
     4.68704     0.938059
     4.74003     0.949439
     4.79363     0.960845
     4.84782     0.972266
     4.90264     0.983701
     4.95807      0.99514
     5.01413      1.00658
     5.07082      1.01801
     5.12815      1.02942
     5.18613      1.04081
     5.24477      1.05217
     5.30407       1.0635
     5.36404      1.07477
     5.42469      1.08599
     5.48603      1.09715
     5.54805      1.10822
     5.61078      1.11921
     5.67422      1.13011
     5.73838       1.1409
     5.80326      1.15157
     5.86887      1.16211
     5.93523       1.1725
     6.00234      1.18275
      6.0702      1.19282
     6.13883       1.2027
     6.20824      1.21239
     6.27844      1.22187
     6.34942      1.23112
     6.42121      1.24013
     6.49382      1.24888
     6.56724      1.25735
     6.64149      1.26552
     6.71658      1.27338
     6.79253      1.28092
     6.86932      1.28809
     6.94699       1.2949
     7.02554      1.30132
     7.10497      1.30732
     7.18531      1.31289
     7.26655      1.31801
     7.34871      1.32264
      7.4318      1.32677
     7.51582      1.33038
      7.6008      1.33343
     7.68674      1.33591
     7.77365      1.33778
     7.86154      1.33903
     7.95043      1.33962
     8.04032      1.33952
     8.13123      1.33872
     8.22317      1.33718
     8.31614      1.33487
     8.41017      1.33176
     8.50526      1.32782
     8.60142      1.32303
     8.69868      1.31735
     8.79703      1.31075
     8.89649      1.30321
     8.99708      1.29468
     9.09881      1.28514
     9.20168      1.27457
     9.30572      1.26291
     9.41094      1.25016
     9.51734      1.23627
     9.62495      1.22121
     9.73377      1.20495
     9.84383      1.18747
     9.95513      1.16873
     10.0677      1.14871
     10.1815      1.12738
     10.2966      1.10471
     10.4131      1.08065
     10.5308      1.05522
     10.6499      1.02836
     10.7703      1.00007
      10.892     0.970344
     11.0152     0.939106
     11.1397     0.906397
     11.2657     0.872154
     11.3931     0.836393
     11.5219     0.799112
     11.6522     0.760278
     11.7839     0.719921
     11.9171     0.678017
     12.0519      0.63454
     12.1881     0.589566
     12.3259     0.543045
     12.4653     0.494997
     12.6063     0.445444
     12.7488     0.394454
     12.8929     0.342025
     13.0387      0.28816
     13.1861     0.232942
     13.3352     0.176386
      13.486     0.118548
     13.6385    0.0594928
     13.7927 -0.000708057
     13.9486   -0.0619766
     14.1063    -0.124267
     14.2658    -0.187487
     14.4271    -0.251537
     14.5902    -0.316308
     14.7552    -0.381725
      14.922    -0.447625
     15.0908    -0.513953
     15.2614    -0.580493
     15.4339    -0.647133
     15.6084    -0.713758
     15.7849    -0.780201
     15.9634    -0.846289
     16.1439    -0.911842
     16.3264    -0.976671
      16.511     -1.04062
     16.6977     -1.10347
     16.8865     -1.16504
     17.0774     -1.22509
     17.2705     -1.28343
     17.4658     -1.33985
     17.6632     -1.39409
     17.8629     -1.44596
     18.0649     -1.49523
     18.2692     -1.54166
     18.4757       -1.585
     18.6846     -1.62505
     18.8959     -1.66158
     19.1095     -1.69435
     19.3256     -1.72316
     19.5441     -1.74778
     19.7651     -1.76803
     19.9885     -1.78371
     20.2145     -1.79464
     20.4431     -1.80067
     20.6742     -1.80164
      20.908     -1.79744
     21.1444     -1.78796
     21.3835     -1.77312
     21.6252     -1.75288
     21.8697     -1.72719
      22.117     -1.69608
     22.3671     -1.65958
       22.62     -1.61777
     22.8757     -1.57077
     23.1344      -1.5187
     23.3959     -1.46181
     23.6605     -1.40026
      23.928     -1.33438
     24.1985     -1.26447
     24.4721     -1.19089
     24.7488     -1.11403
     25.0287     -1.03432
     25.3116     -0.95232
     25.5978    -0.868465
     25.8873    -0.783323
     26.1799    -0.697547
      26.476    -0.611644
     26.7753    -0.526345
      27.078    -0.442251
     27.3842    -0.360002
     27.6938    -0.280294
     28.0069    -0.203759
     28.3236    -0.131018
     28.6438   -0.0627076
     28.9677  0.000636161
     29.2952    0.0584649
     29.6265     0.110345
     29.9614      0.15585
     30.3002     0.194713
     30.6428     0.226702
     30.9892     0.251716
     31.3396     0.269778
      31.694     0.281027
     32.0523     0.285738
     32.4147     0.284337
     32.7812     0.277396
     33.1519     0.265637
     33.5267     0.249942
     33.9058     0.231334
     34.2891     0.210991
     34.6768     0.190213
     35.0689     0.170432
     35.4654     0.153183
     35.8664     0.140079
     36.2719     0.132791
      36.682      0.13301
     37.0968     0.142418
     37.5162     0.162637
     37.9404     0.195203
     38.3693     0.241485
     38.8032     0.302698
     39.2419     0.379743
     39.6856     0.473276
     40.1343     0.583558
     40.5881     0.710463
      41.047     0.853378
     41.5111      1.01121
     41.9804       1.1823
     42.4551      1.36448
     42.9351      1.55488
     43.4205      1.75013
     43.9115      1.94629
      44.408      2.13876
     44.9101      2.32252
     45.4178      2.49203
     45.9314      2.64154
     46.4507      2.76486
     46.9759      2.85581
      47.507      2.90823
     48.0442      2.91614
     48.5874      2.87399
     49.1367      2.77684
     49.6923      2.62053
     50.2541      2.40203
     50.8223      2.11949
      51.397      1.77251
     51.9781      1.36255
     52.5658     0.892692
     53.1601     0.368141
     53.7612    -0.204007
      54.369    -0.814275
     54.9838      -1.4515
     55.6054     -2.10204
     56.2341     -2.75095
     56.8699     -3.38144
     57.5129     -3.97564
     58.1632     -4.51486
     58.8208     -4.98012
     59.4859     -5.35287
     60.1585     -5.61545
     60.8387     -5.75191
     61.5265     -5.74865
     62.2222     -5.59539
     62.9257      -5.2855
     63.6372     -4.81688
     64.3567     -4.19272
     65.0843     -3.42093
     65.8202     -2.51614
     66.5644      -1.4983
      67.317    -0.393067
     68.0782     0.768702
     68.8479      1.95109
     69.6263      3.11496
     70.4136      4.21866
     71.2097      5.21907
     72.0148      6.07412
     72.8291       6.7441
     73.6525      7.19345
     74.4853      7.39318
     75.3274      7.32234
     76.1791      6.96993
     77.0404      6.33623
     77.9115      5.43376
     78.7924      4.28808
     79.6833      2.93732
     80.5842      1.43196
     81.4953    -0.167168
     82.4168     -1.79076
     83.3486     -3.36327
      84.291     -4.80758
      85.244     -6.04773
     86.2079     -7.01401
     87.1826     -7.64649
     88.1683     -7.89994
     89.1652     -7.74718
     90.1733     -7.18218
     91.1929       -6.222
      92.224     -4.90784
     93.2667     -3.30421
     94.3212     -1.49652
     95.3877      0.41269
     96.4662      2.30869
     97.5569      4.07206
     98.6599      5.58587
     99.7754      6.74422
     100.904      7.46047
     102.044      7.67397
     103.198      7.35817
     104.365      6.52345
     105.545      5.21897
     106.738      3.53261
     107.945      1.58386
     109.166     -0.48054
       110.4     -2.49651
     111.648     -4.30074
     112.911     -5.74055
     114.187     -6.68572
     115.478     -7.04871
     116.784     -6.78821
     118.104     -5.92027
      119.44     -4.51655
      120.79     -2.70613
     122.156    -0.657773
     123.537      1.42659
     124.934      3.33775
     126.346      4.87587
     127.775      5.87802
      129.22      6.23195
     130.681      5.89595
     132.158      4.90687
     133.652      3.37602
     135.163      1.48298
     136.692    -0.545902
     138.237     -2.45852
       139.8     -4.01731
     141.381     -5.02289
     142.979     -5.34539
     144.596     -4.94555
     146.231     -3.88262
     147.884     -2.31078
     149.556    -0.458414
     151.247      1.40111
     152.957      2.99005
     154.687      4.06987
     156.436      4.47827
     158.204      4.16061
     159.993      3.17939
     161.802      1.70895
     163.632   0.00708367
     165.482     -1.62545
     167.353     -2.90135
     169.245     -3.59702
     171.158     -3.59697
     173.094      -2.9171
     175.051      -1.7062
      177.03    -0.216512
     179.032      1.24429
     181.056      2.37535
     183.103      2.94884
     185.173      2.85838
     187.267      2.14455
     189.384     0.988305
     191.525    -0.330578
     193.691     -1.49792
     195.881     -2.23915
     198.096     -2.38911
     200.335     -1.93306
     202.601     -1.01039
     204.891     0.118631
     207.208      1.14603
     209.551      1.79607
      211.92      1.90449
     214.316      1.46443
     216.739     0.627989
      219.19    -0.339356
     221.668     -1.13853
     224.174     -1.53085
     226.709     -1.41188
     229.272    -0.844675
     231.865   -0.0375138
     234.486     0.725754
     237.137      1.18562
     239.819      1.19562
      242.53     0.774607
     245.272    0.0980729
     248.045    -0.568364
      250.85    -0.970702
     253.686    -0.964603
     256.555    -0.571953
     259.455    0.0288887
     262.389     0.578785
     265.356     0.845857
     268.356     0.726147
      271.39     0.288593
     274.458    -0.255908
     277.562     -0.65099
       280.7     -0.71384
     283.874    -0.424048
     287.083    0.0649206
     290.329     0.500351
     293.612     0.656884
     296.931     0.455524
     300.289     0.009563
     303.684    -0.430709
     307.118    -0.614119
      310.59    -0.432492
     314.102   0.00858344
     317.653     0.441951
     321.245      0.59517
     324.877     0.362912
      328.55    -0.112548
     332.265    -0.517993
     336.022     -0.56992
     339.821    -0.216606
     343.663     0.304075
     347.549     0.613214
     351.478     0.463899
     355.452   -0.0536603
     359.471    -0.548637
     363.536    -0.615413
     367.646    -0.172931
     371.803     0.440951
     376.006     0.695922
     380.258     0.341848
     384.557    -0.341863
     388.905     -0.74189
     393.302    -0.456372
     397.749     0.287685
     402.246     0.785181
     406.794      0.51331
     411.394    -0.303304
     416.045    -0.842648
     420.749    -0.502171
     425.507     0.407562
     430.318     0.906317
     435.183     0.393842
     440.103    -0.602852
     445.079    -0.930624
     450.112    -0.145224
     455.201     0.855775
     460.348     0.823007
     465.553    -0.268817
     470.816     -1.05496
      476.14    -0.465128
     481.523     0.781197
     486.968     0.992632
     492.473    -0.190579
     498.042     -1.14237
     503.673    -0.451309
     509.368     0.937497
     515.127     0.943707
     520.951    -0.513323
     526.841     -1.20264
     532.798    0.0233292
     538.822      1.24401
     544.914     0.420707
     551.075     -1.13708
     557.306    -0.764159
     563.607     0.962027
      569.98     0.999205
     576.424    -0.785325
     582.942     -1.14361
     589.533     0.652581
     596.198      1.22169
     602.939    -0.590228
     609.756     -1.25078
      616.65     0.612149
     623.623      1.23387
     630.674    -0.721805
     637.804     -1.15631
     645.016     0.908707
     652.309     0.985306
     659.684     -1.14128
     667.143    -0.680108
     674.686      1.35299
     682.314      0.21208
     690.029     -1.43416
     697.831     0.396251
     705.721      1.24723
       713.7     -1.02117
     721.769    -0.688679
      729.93      1.41593
     738.183    -0.195398
     746.529     -1.27652
      754.97      1.08905
     763.506     0.457498
     772.139     -1.43615
     780.869     0.728181
     789.698     0.791982
     798.627     -1.43481
     807.656     0.571307
     816.788     0.854114
     826.023     -1.43826
     835.363     0.688423
     844.808     0.657486
     854.359     -1.43027
     864.019      1.04483
     873.788     0.130533
     883.668     -1.19259
     893.659      1.42199
     903.763    -0.729992
     913.982    -0.392939
     924.316      1.26908
     934.766     -1.45657
     945.335     0.914225
     956.024    0.0382204
     966.833    -0.953833
     977.765      1.47393
      988.82     -1.45194
        1000     0.955902
