        0.01  2.76647e-11
   0.0101131   2.8802e-11
   0.0102274  2.97191e-11
    0.010343  3.09412e-11
     0.01046  3.26208e-11
   0.0105783  3.39032e-11
   0.0106979  3.49704e-11
   0.0108188  3.64747e-11
   0.0109411  3.79188e-11
   0.0110648  3.93042e-11
   0.0111899  4.09383e-11
   0.0113165  4.28066e-11
   0.0114444  4.46017e-11
   0.0115738  4.63245e-11
   0.0117047  4.81198e-11
    0.011837  4.99829e-11
   0.0119709  5.20458e-11
   0.0121062  5.41621e-11
   0.0122431   5.6593e-11
   0.0123815  5.86654e-11
   0.0125215  6.09104e-11
   0.0126631  6.34445e-11
   0.0128062  6.60024e-11
    0.012951  6.88244e-11
   0.0130975  7.14124e-11
   0.0132456  7.42508e-11
   0.0133953  7.74415e-11
   0.0135468  8.00451e-11
   0.0136999  8.36685e-11
   0.0138548  8.69261e-11
   0.0140115  9.04869e-11
   0.0141699  9.39049e-11
   0.0143301  9.80265e-11
   0.0144921  1.01984e-10
    0.014656  1.05781e-10
   0.0148217  1.10225e-10
   0.0149893   1.1449e-10
   0.0151588  1.19357e-10
   0.0153302  1.23648e-10
   0.0155035  1.28887e-10
   0.0156788  1.34099e-10
   0.0158561  1.39463e-10
   0.0160353  1.45146e-10
   0.0162166  1.50774e-10
      0.0164  1.56862e-10
   0.0165854  1.63212e-10
   0.0167729  1.69806e-10
   0.0169626  1.76623e-10
   0.0171544  1.83648e-10
   0.0173483  1.91182e-10
   0.0175445  1.98877e-10
   0.0177429  2.06567e-10
   0.0179435  2.14999e-10
   0.0181463  2.23684e-10
   0.0183515  2.32743e-10
    0.018559  2.41867e-10
   0.0187688  2.51746e-10
   0.0189811  2.61778e-10
   0.0191957  2.72086e-10
   0.0194127  2.83179e-10
   0.0196322  2.94482e-10
   0.0198542  3.06491e-10
   0.0200786   3.1878e-10
   0.0203057  3.31445e-10
   0.0205353  3.44826e-10
   0.0207674  3.58758e-10
   0.0210022  3.73194e-10
   0.0212397  3.88215e-10
   0.0214799  4.03777e-10
   0.0217227  4.19729e-10
   0.0219683  4.36589e-10
   0.0222167  4.54186e-10
   0.0224679  4.72469e-10
   0.0227219  4.91282e-10
   0.0229788  5.10993e-10
   0.0232387  5.31538e-10
   0.0235014  5.53164e-10
   0.0237671  5.75102e-10
   0.0240358  5.98384e-10
   0.0243076  6.22346e-10
   0.0245824  6.47406e-10
   0.0248604  6.73204e-10
   0.0251415  7.00499e-10
   0.0254257  7.28391e-10
   0.0257132  7.57869e-10
   0.0260039  7.87971e-10
   0.0262979  8.19652e-10
   0.0265953  8.52634e-10
    0.026896   8.8691e-10
   0.0272001   9.2222e-10
   0.0275076  9.59432e-10
   0.0278186  9.98102e-10
   0.0281332  1.03796e-09
   0.0284513  1.07983e-09
   0.0287729  1.12298e-09
   0.0290983  1.16802e-09
   0.0294273  1.21497e-09
     0.02976  1.26368e-09
   0.0300965  1.31444e-09
   0.0304368  1.36723e-09
   0.0307809  1.42232e-09
   0.0311289  1.47913e-09
   0.0314809  1.53869e-09
   0.0318368   1.6003e-09
   0.0321968  1.66455e-09
   0.0325608  1.73125e-09
    0.032929  1.80094e-09
   0.0333013  1.87306e-09
   0.0336778  1.94823e-09
   0.0340586  2.02646e-09
   0.0344437  2.10798e-09
   0.0348331  2.19243e-09
   0.0352269  2.28059e-09
   0.0356252  2.37195e-09
    0.036028  2.46703e-09
   0.0364354  2.56626e-09
   0.0368473  2.66917e-09
    0.037264  2.77635e-09
   0.0376853  2.88771e-09
   0.0381114   3.0037e-09
   0.0385423  3.12428e-09
   0.0389781  3.24966e-09
   0.0394188  3.38024e-09
   0.0398645  3.51581e-09
   0.0403152   3.6568e-09
    0.040771   3.8036e-09
    0.041232  3.95621e-09
   0.0416982  4.11515e-09
   0.0421697   4.2801e-09
   0.0426464  4.45203e-09
   0.0431286  4.63073e-09
   0.0436163  4.81657e-09
   0.0441094  5.00983e-09
   0.0446081  5.21093e-09
   0.0451125  5.42005e-09
   0.0456226  5.63765e-09
   0.0461384  5.86383e-09
   0.0466601  6.09922e-09
   0.0471876  6.34403e-09
   0.0477212  6.59869e-09
   0.0482607  6.86342e-09
   0.0488064  7.13896e-09
   0.0493582  7.42561e-09
   0.0499163  7.72362e-09
   0.0504807  8.03362e-09
   0.0510514  8.35595e-09
   0.0516286  8.69132e-09
   0.0522124  9.04027e-09
   0.0528027  9.40293e-09
   0.0533997  9.78034e-09
   0.0540035   1.0173e-08
   0.0546141  1.05811e-08
   0.0552316  1.10059e-08
   0.0558561  1.14476e-08
   0.0564876  1.19072e-08
   0.0571263  1.23849e-08
   0.0577722  1.28822e-08
   0.0584254  1.33989e-08
    0.059086  1.39368e-08
    0.059754  1.44961e-08
   0.0604296   1.5078e-08
   0.0611129  1.56832e-08
   0.0618039  1.63128e-08
   0.0625027  1.69674e-08
   0.0632093  1.76483e-08
    0.063924  1.83566e-08
   0.0646468  1.90934e-08
   0.0653777  1.98598e-08
   0.0661169  2.06569e-08
   0.0668645   2.1486e-08
   0.0676205  2.23483e-08
    0.068385  2.32451e-08
   0.0691582  2.41783e-08
   0.0699402  2.51487e-08
   0.0707309   2.6158e-08
   0.0715307  2.72079e-08
   0.0723394  2.82997e-08
   0.0731573  2.94355e-08
   0.0739845   3.0617e-08
    0.074821  3.18459e-08
    0.075667   3.3124e-08
   0.0765225  3.44534e-08
   0.0773877  3.58363e-08
   0.0782627  3.72746e-08
   0.0791476  3.87706e-08
   0.0800424  4.03265e-08
   0.0809474  4.19451e-08
   0.0818627  4.36286e-08
   0.0827883  4.53797e-08
   0.0837243  4.72009e-08
   0.0846709  4.90953e-08
   0.0856283  5.10659e-08
   0.0865964  5.31153e-08
   0.0875755  5.52471e-08
   0.0885657  5.74644e-08
   0.0895671  5.97709e-08
   0.0905798  6.21699e-08
   0.0916039  6.46649e-08
   0.0926396  6.72601e-08
   0.0936871  6.99599e-08
   0.0947464  7.27678e-08
   0.0958176  7.56884e-08
    0.096901  7.87261e-08
   0.0979966  8.18858e-08
   0.0991046  8.51722e-08
    0.100225  8.85903e-08
    0.101358  9.21452e-08
    0.102504  9.58434e-08
    0.103663  9.96903e-08
    0.104835  1.03691e-07
    0.106021  1.07855e-07
    0.107219  1.12181e-07
    0.108432  1.16686e-07
    0.109658   1.2137e-07
    0.110898  1.26241e-07
    0.112151  1.31305e-07
    0.113419  1.36574e-07
    0.114702  1.42058e-07
    0.115999  1.47761e-07
     0.11731  1.53688e-07
    0.118637   1.5986e-07
    0.119978  1.66274e-07
    0.121335   1.7295e-07
    0.122706  1.79886e-07
    0.124094   1.8711e-07
    0.125497  1.94619e-07
    0.126916   2.0243e-07
    0.128351  2.10555e-07
    0.129802  2.19004e-07
     0.13127  2.27796e-07
    0.132754  2.36938e-07
    0.134255  2.46447e-07
    0.135773  2.56339e-07
    0.137308  2.66626e-07
     0.13886  2.77324e-07
     0.14043  2.88454e-07
    0.142018  3.00033e-07
    0.143624  3.12076e-07
    0.145248  3.24602e-07
     0.14689  3.37629e-07
    0.148551  3.51181e-07
     0.15023   3.6527e-07
    0.151929  3.79934e-07
    0.153647  3.95185e-07
    0.155384  4.11043e-07
    0.157141  4.27542e-07
    0.158918  4.44704e-07
    0.160714  4.62544e-07
    0.162531  4.81107e-07
    0.164369  5.00419e-07
    0.166228   5.2051e-07
    0.168107  5.41395e-07
    0.170008  5.63128e-07
     0.17193  5.85726e-07
    0.173874  6.09235e-07
     0.17584  6.33688e-07
    0.177828  6.59119e-07
    0.179839  6.85577e-07
    0.181872  7.13088e-07
    0.183928  7.41703e-07
    0.186008  7.71477e-07
    0.188111  8.02438e-07
    0.190238  8.34646e-07
    0.192389  8.68145e-07
    0.194564  9.02984e-07
    0.196764  9.39227e-07
    0.198989  9.76928e-07
    0.201238  1.01612e-06
    0.203514  1.05692e-06
    0.205815  1.09933e-06
    0.208142  1.14345e-06
    0.210495  1.18934e-06
    0.212875  1.23707e-06
    0.215282  1.28672e-06
    0.217716  1.33837e-06
    0.220178  1.39209e-06
    0.222667  1.44795e-06
    0.225185  1.50607e-06
    0.227731  1.56651e-06
    0.230306  1.62939e-06
     0.23291  1.69479e-06
    0.235543  1.76279e-06
    0.238206  1.83354e-06
      0.2409  1.90715e-06
    0.243623  1.98367e-06
    0.246378  2.06329e-06
    0.249163  2.14608e-06
    0.251981  2.23224e-06
     0.25483  2.32183e-06
    0.257711    2.415e-06
    0.260625  2.51193e-06
    0.263571  2.61272e-06
    0.266552  2.71762e-06
    0.269565  2.82666e-06
    0.272613  2.94011e-06
    0.275696  3.05813e-06
    0.278813  3.18086e-06
    0.281965   3.3085e-06
    0.285153  3.44129e-06
    0.288377   3.5794e-06
    0.291638  3.72307e-06
    0.294935  3.87247e-06
     0.29827   4.0279e-06
    0.301642  4.18954e-06
    0.305053  4.35771e-06
    0.308502  4.53259e-06
     0.31199   4.7145e-06
    0.315517  4.90368e-06
    0.319085  5.10052e-06
    0.322693  5.30523e-06
    0.326341  5.51812e-06
    0.330031  5.73959e-06
    0.333762  5.96991e-06
    0.337536  6.20953e-06
    0.341353  6.45878e-06
    0.345212  6.71795e-06
    0.349115  6.98756e-06
    0.353062  7.26797e-06
    0.357054  7.55967e-06
    0.361091  7.86306e-06
    0.365174  8.17865e-06
    0.369303   8.5069e-06
    0.373479  8.84834e-06
    0.377701  9.20339e-06
    0.381972  9.57279e-06
    0.386291    9.957e-06
    0.390658  1.03565e-05
    0.395075  1.07722e-05
    0.399542  1.12045e-05
    0.404059  1.16541e-05
    0.408628  1.21219e-05
    0.413248  1.26084e-05
    0.417921  1.31144e-05
    0.422646  1.36407e-05
    0.427424  1.41881e-05
    0.432257  1.47575e-05
    0.437144  1.53497e-05
    0.442087  1.59658e-05
    0.447086  1.66066e-05
    0.452141  1.72731e-05
    0.457253  1.79662e-05
    0.462423  1.86873e-05
    0.467651  1.94372e-05
    0.472939  2.02173e-05
    0.478286  2.10286e-05
    0.483694  2.18725e-05
    0.489162  2.27502e-05
    0.494693  2.36632e-05
    0.500286  2.46128e-05
    0.505943  2.56006e-05
    0.511663  2.66279e-05
    0.517449  2.76967e-05
    0.523299  2.88081e-05
    0.529216  2.99642e-05
    0.535199  3.11666e-05
    0.541251  3.24175e-05
     0.54737  3.37182e-05
    0.553559  3.50714e-05
    0.559818  3.64789e-05
    0.566148  3.79429e-05
    0.572549  3.94655e-05
    0.579022  4.10491e-05
    0.585569  4.26964e-05
     0.59219  4.44099e-05
    0.598885  4.61919e-05
    0.605657  4.80457e-05
    0.612505  4.99738e-05
     0.61943  5.19791e-05
    0.626434  5.40651e-05
    0.633516  5.62344e-05
    0.640679  5.84911e-05
    0.647923  6.08383e-05
    0.655249  6.32797e-05
    0.662657  6.58188e-05
     0.67015  6.84602e-05
    0.677727  7.12073e-05
     0.68539  7.40648e-05
    0.693139  7.70367e-05
    0.700976   8.0128e-05
    0.708902  8.33434e-05
    0.716917  8.66877e-05
    0.725023  9.01662e-05
     0.73322  9.37841e-05
     0.74151  9.75472e-05
    0.749894  0.000101461
    0.758373  0.000105533
    0.766947  0.000109767
    0.775619  0.000114172
    0.784389  0.000118753
    0.793257  0.000123518
    0.802226  0.000128474
    0.811297  0.000133629
     0.82047  0.000138991
    0.829746  0.000144568
    0.839128  0.000150369
    0.848615  0.000156401
     0.85821  0.000162677
    0.867914  0.000169204
    0.877727  0.000175993
    0.887651  0.000183055
    0.897687  0.000190399
    0.907837  0.000198038
    0.918101  0.000205984
    0.928482  0.000214248
     0.93898  0.000222844
    0.949596  0.000231784
    0.960333  0.000241084
    0.971191  0.000250756
    0.982172  0.000260817
    0.993277   0.00027128
     1.00451  0.000282166
     1.01586  0.000293479
     1.02735  0.000305257
     1.03897  0.000317508
     1.05071  0.000330237
     1.06259  0.000343486
     1.07461  0.000357272
     1.08676  0.000371604
     1.09905  0.000386514
     1.11147  0.000402011
     1.12404  0.000418142
     1.13675  0.000434917
      1.1496  0.000452359
      1.1626  0.000470508
     1.17574  0.000489374
     1.18904  0.000509014
     1.20248  0.000529425
     1.21608  0.000550668
     1.22983  0.000572756
     1.24373  0.000595721
     1.25779  0.000619611
     1.27201  0.000644461
      1.2864  0.000670324
     1.30094    0.0006972
     1.31565  0.000725164
     1.33053  0.000754257
     1.34557    0.0007845
     1.36078  0.000815955
     1.37617  0.000848687
     1.39173  0.000882724
     1.40746  0.000918111
     1.42338  0.000954945
     1.43947  0.000993231
     1.45575   0.00103307
     1.47221    0.0010745
     1.48885   0.00111757
     1.50569    0.0011624
     1.52271     0.001209
     1.53993   0.00125749
     1.55734    0.0013079
     1.57495   0.00136035
     1.59275   0.00141487
     1.61076    0.0014716
     1.62897   0.00153059
     1.64739   0.00159196
     1.66602    0.0016558
     1.68485   0.00172215
      1.7039   0.00179119
     1.72317   0.00186301
     1.74265   0.00193768
     1.76236   0.00201538
     1.78228   0.00209614
     1.80243   0.00218015
     1.82281   0.00226754
     1.84342   0.00235842
     1.86427   0.00245298
     1.88534   0.00255125
     1.90666   0.00265351
     1.92822   0.00275986
     1.95002   0.00287045
     1.97207   0.00298549
     1.99437   0.00310513
     2.01691    0.0032295
     2.03972   0.00335893
     2.06278    0.0034935
      2.0861   0.00363344
     2.10969   0.00377903
     2.13354    0.0039304
     2.15767    0.0040879
     2.18206   0.00425162
     2.20673   0.00442191
     2.23168   0.00459902
     2.25692   0.00478328
     2.28244   0.00497487
     2.30824   0.00517405
     2.33434   0.00538127
     2.36073   0.00559674
     2.38742   0.00582083
     2.41442   0.00605396
     2.44172   0.00629636
     2.46932   0.00654837
     2.49724   0.00681054
     2.52548   0.00708322
     2.55403   0.00736671
     2.58291   0.00766161
     2.61211   0.00796822
     2.64165   0.00828719
     2.67152   0.00861886
     2.70172   0.00896369
     2.73227   0.00932239
     2.76316   0.00969536
      2.7944    0.0100832
       2.826    0.0104867
     2.85795    0.0109061
     2.89026    0.0113423
     2.92294     0.011796
     2.95599    0.0122678
     2.98941    0.0127583
     3.02321    0.0132685
      3.0574    0.0137992
     3.09196    0.0143507
     3.12692    0.0149244
     3.16228    0.0155211
     3.19803    0.0161413
     3.23419    0.0167864
     3.27076    0.0174573
     3.30774    0.0181548
     3.34514    0.0188802
     3.38296    0.0196344
     3.42121    0.0204187
     3.45989    0.0212342
     3.49901    0.0220822
     3.53857    0.0229639
     3.57858    0.0238808
     3.61904    0.0248341
     3.65996    0.0258255
     3.70134    0.0268562
     3.74319     0.027928
     3.78552    0.0290425
     3.82832    0.0302012
      3.8716    0.0314058
     3.91538    0.0326586
     3.95964    0.0339607
     4.00441    0.0353149
     4.04969    0.0367229
     4.09548    0.0381868
     4.14178    0.0397086
     4.18861     0.041291
     4.23597    0.0429361
     4.28387    0.0446467
      4.3323    0.0464248
     4.38129    0.0482737
     4.43082    0.0501955
     4.48092    0.0521937
     4.53158    0.0542709
     4.58282    0.0564306
     4.63464    0.0586758
     4.68704    0.0610096
     4.74003    0.0634357
     4.79363    0.0659582
     4.84782    0.0685796
     4.90264    0.0713055
     4.95807    0.0741386
     5.01413    0.0770838
     5.07082     0.080145
     5.12815    0.0833269
     5.18613    0.0866345
     5.24477    0.0900728
     5.30407    0.0936464
     5.36404    0.0973607
     5.42469     0.101221
     5.48603     0.105234
     5.54805     0.109404
     5.61078     0.113739
     5.67422     0.118244
     5.73838     0.122926
     5.80326     0.127792
     5.86887     0.132848
     5.93523     0.138104
     6.00234     0.143565
      6.0702      0.14924
     6.13883     0.155137
     6.20824     0.161265
     6.27844     0.167634
     6.34942      0.17425
     6.42121     0.181125
     6.49382      0.18827
     6.56724     0.195693
     6.64149     0.203404
     6.71658     0.211417
     6.79253     0.219742
     6.86932      0.22839
     6.94699     0.237375
     7.02554     0.246709
     7.10497     0.256405
     7.18531     0.266479
     7.26655     0.276941
     7.34871      0.28781
      7.4318     0.299099
     7.51582     0.310823
      7.6008     0.323001
     7.68674      0.33565
     7.77365     0.348786
     7.86154     0.362427
     7.95043     0.376594
     8.04032     0.391306
     8.13123     0.406582
     8.22317     0.422445
     8.31614     0.438915
     8.41017     0.456016
     8.50526     0.473771
     8.60142     0.492203
     8.69868      0.51134
     8.79703     0.531204
     8.89649     0.551824
     8.99708     0.573228
     9.09881     0.595446
     9.20168     0.618502
     9.30572     0.642433
     9.41094     0.667269
     9.51734      0.69304
     9.62495     0.719783
     9.73377     0.747531
     9.84383     0.776323
     9.95513     0.806193
     10.0677     0.837185
     10.1815     0.869322
     10.2966     0.902661
     10.4131     0.937272
     10.5308     0.973132
     10.6499      1.01034
     10.7703      1.04892
      10.892       1.0889
     11.0152      1.13039
     11.1397      1.17338
     11.2657      1.21798
     11.3931       1.2642
     11.5219       1.3121
     11.6522      1.36175
     11.7839      1.41319
     11.9171      1.46649
     12.0519      1.52176
     12.1881      1.57897
     12.3259      1.63826
     12.4653       1.6997
     12.6063      1.76334
     12.7488      1.82921
     12.8929      1.89742
     13.0387      1.96807
     13.1861      2.04119
     13.3352      2.11691
      13.486      2.19528
     13.6385      2.27639
     13.7927      2.36031
     13.9486      2.44712
     14.1063      2.53694
     14.2658      2.62986
     14.4271      2.72595
     14.5902      2.82531
     14.7552      2.92808
      14.922      3.03427
     15.0908      3.14411
     15.2614      3.25755
     15.4339      3.37474
     15.6084      3.49585
     15.7849      3.62096
     15.9634      3.75016
     16.1439      3.88356
     16.3264      4.02124
      16.511      4.16337
     16.6977      4.31004
     16.8865      4.46136
     17.0774      4.61741
     17.2705      4.77837
     17.4658      4.94433
     17.6632      5.11531
     17.8629      5.29156
     18.0649      5.47319
     18.2692      5.66027
     18.4757      5.85281
     18.6846      6.05108
     18.8959      6.25516
     19.1095      6.46503
     19.3256      6.68098
     19.5441      6.90297
     19.7651      7.13117
     19.9885      7.36555
     20.2145      7.60638
     20.4431       7.8537
     20.6742      8.10747
      20.908      8.36793
     21.1444      8.63502
     21.3835      8.90887
     21.6252      9.18938
     21.8697      9.47678
      22.117      9.77108
     22.3671      10.0723
       22.62      10.3803
     22.8757      10.6951
     23.1344      11.0169
     23.3959      11.3454
     23.6605      11.6809
      23.928       12.023
     24.1985      12.3716
     24.4721      12.7269
     24.7488      13.0886
     25.0287      13.4566
     25.3116      13.8305
     25.5978      14.2105
     25.8873      14.5963
     26.1799      14.9873
      26.476      15.3837
     26.7753      15.7849
      27.078      16.1906
     27.3842      16.6005
     27.6938      17.0142
     28.0069      17.4312
     28.3236      17.8512
     28.6438      18.2734
     28.9677      18.6975
     29.2952      19.1227
     29.6265      19.5486
     29.9614      19.9741
     30.3002      20.3989
     30.6428       20.822
     30.9892      21.2426
     31.3396      21.6598
      31.694      22.0728
     32.0523      22.4803
     32.4147      22.8815
     32.7812      23.2752
     33.1519      23.6604
     33.5267      24.0357
     33.9058         24.4
     34.2891      24.7517
     34.6768      25.0898
     35.0689      25.4126
     35.4654      25.7188
     35.8664      26.0067
     36.2719      26.2748
      36.682      26.5215
     37.0968      26.7452
     37.5162       26.944
     37.9404      27.1163
     38.3693      27.2602
     38.8032      27.3741
     39.2419      27.4559
     39.6856      27.5039
     40.1343      27.5163
     40.5881      27.4911
      41.047      27.4265
     41.5111      27.3206
     41.9804      27.1717
     42.4551       26.978
     42.9351      26.7376
     43.4205       26.449
     43.9115      26.1103
      44.408      25.7203
     44.9101      25.2773
     45.4178      24.7802
     45.9314      24.2275
     46.4507      23.6183
     46.9759      22.9516
      47.507      22.2267
     48.0442      21.4429
     48.5874      20.6001
     49.1367      19.6981
     49.6923      18.7368
     50.2541      17.7168
     50.8223      16.6387
      51.397      15.5032
     51.9781       14.312
     52.5658      13.0664
     53.1601      11.7686
     53.7612      10.4206
      54.369      9.02547
     54.9838      7.58578
     55.6054      6.10568
     56.2341      4.58858
     56.8699      3.03898
     57.5129       1.4616
     58.1632    -0.138406
     58.8208     -1.75522
     59.4859     -3.38308
     60.1585      -5.0153
     60.8387     -6.64503
     61.5265     -8.26481
     62.2222     -9.86744
     62.9257     -11.4445
     63.6372     -12.9879
     64.3567     -14.4886
     65.0843     -15.9383
     65.8202     -17.3276
     66.5644     -18.6472
      67.317     -19.8879
     68.0782     -21.0404
     68.8479     -22.0951
     69.6263     -23.0429
     70.4136     -23.8749
     71.2097     -24.5821
     72.0148     -25.1563
     72.8291     -25.5895
     73.6525     -25.8743
     74.4853     -26.0042
     75.3274     -25.9731
     76.1791     -25.7762
     77.0404     -25.4095
     77.9115       -24.87
     78.7924     -24.1562
     79.6833     -23.2678
     80.5842     -22.2061
     81.4953     -20.9736
     82.4168     -19.5747
     83.3486     -18.0157
      84.291     -16.3041
      85.244       -14.45
     86.2079     -12.4646
     87.1826     -10.3617
     88.1683     -8.15656
     89.1652     -5.86632
     90.1733     -3.51026
     91.1929     -1.10874
      92.224      1.31557
     93.2667      3.73879
     94.3212      6.13599
     95.3877      8.48106
     96.4662      10.7469
     97.5569      12.9062
     98.6599      14.9312
     99.7754      16.7945
     100.904        18.47
     102.044      19.9292
     103.198      21.1503
     104.365       22.111
     105.545      22.7895
     106.738      23.1691
     107.945      23.2361
     109.166      22.9803
       110.4      22.3962
     111.648      21.4829
     112.911      20.2432
     114.187      18.6892
     115.478       16.834
     116.784      14.6981
     118.104      12.3107
      119.44      9.70099
      120.79      6.91158
     122.156      3.98246
     123.537     0.964705
     124.934     -2.09045
     126.346     -5.12408
     127.775     -8.08084
      129.22     -10.8974
     130.681     -13.5117
     132.158     -15.8646
     133.652     -17.8981
     135.163     -19.5582
     136.692     -20.7963
     138.237     -21.5691
       139.8     -21.8445
     141.381     -21.5991
     142.979     -20.8219
     144.596     -19.5131
     146.231     -17.6886
     147.884     -15.3787
     149.556      -12.627
     151.247     -9.49346
     152.957     -6.05253
     154.687     -2.39026
     156.436       1.3911
     158.204      5.18152
     159.993      8.86803
     161.802      12.3272
     163.632      15.4394
     165.482      18.0853
     167.353      20.1574
     169.245        21.56
     171.158      22.2154
     173.094      22.0684
     175.051      21.0907
      177.03      19.2835
     179.032      16.6807
     181.056      13.3547
     183.103      9.40882
     185.173      4.98209
     187.267     0.242199
     189.384     -4.61272
     191.525      -9.3699
     193.691     -13.8056
     195.881     -17.6913
     198.096     -20.8133
     200.335     -22.9781
     202.601     -24.0311
     204.891     -23.8614
     207.208     -22.4178
     209.551      -19.716
      211.92     -15.8443
     214.316     -10.9643
     216.739     -5.31111
      219.19     0.818101
     221.668      7.06876
     224.174      13.0568
     226.709      18.3855
     229.272      22.6674
     231.865      25.5618
     234.486      26.7936
     237.137      26.1891
     239.819      23.6916
      242.53      19.3854
     245.272      13.4951
     248.045      6.38872
      250.85     -1.44209
     253.686     -9.40213
     256.555     -16.8464
     259.455     -23.1132
     262.389     -27.6028
     265.356     -29.8171
     268.356     -29.4307
      271.39     -26.3346
     274.458     -20.6703
     277.562     -12.8364
       280.7     -3.49017
     283.874      6.51476
     287.083      16.1789
     290.329      24.4685
     293.612      30.4097
     296.931      33.2133
     300.289      32.3877
     303.684      27.8229
     307.118      19.8448
      310.59      9.22597
     314.102     -2.87798
     317.653     -15.0206
     321.245      -25.644
     324.877     -33.2587
      328.55     -36.6714
     332.265     -35.1755
     336.022      -28.705
     339.821     -17.9139
     343.663      -4.1472
     347.549      10.6924
     351.478      24.3769
     355.452      34.6957
     359.471      39.8007
     363.536      38.5627
     367.646      30.8657
     371.803      17.5999
     376.006     0.867481
     380.258     -16.5555
     384.557     -31.5008
     388.905     -41.0367
     393.302     -43.0399
     397.749     -36.7102
     402.246      -22.867
     406.794     -3.93973
     411.394      16.3834
     416.045      33.8275
     420.749      44.4282
     425.507      45.4549
     430.318      36.1704
     435.183      18.2065
     440.103     -4.60251
     445.079     -26.9473
     450.112     -43.2353
     455.201     -49.0035
     460.348      -42.219
     465.553     -24.0536
     470.816      1.11979
      476.14      26.6655
     481.523      45.3358
     486.968       51.381
     492.473      42.3909
     498.042      20.3561
     503.673     -8.51881
     509.368     -35.4258
     515.127      -51.566
     520.951     -51.1008
     526.841     -33.4118
     532.798     -3.80288
     538.822      27.8294
     544.914      50.1812
     551.075      54.6044
     557.306      38.6291
     563.607       7.4906
      569.98     -27.2561
     576.424     -51.8183
     582.942     -55.6907
     589.533     -36.3581
     596.198     -1.10824
     602.939      35.3269
     609.756      56.7189
      616.65      52.6814
     623.623      24.0414
     630.674     -16.5626
     637.804     -49.8612
     645.016     -59.0149
     652.309     -38.4023
     659.684      2.46467
     667.143      42.7379
     674.686      60.5921
     682.314      45.2844
     690.029      4.16868
     697.831     -40.0298
     705.721     -61.3857
       713.7     -46.1741
     721.769     -2.35458
      729.93      43.6511
     738.183      62.4154
     746.529      40.6205
      754.97     -8.68619
     763.506     -52.8463
     772.139       -60.85
     780.869     -25.6305
     789.698      28.8066
     798.627      62.7191
     807.656      49.5874
     816.788       -2.193
     826.023     -53.0957
     835.363     -61.9352
     844.808     -19.8035
     854.359      39.7358
     864.019      66.1162
     873.788      34.8623
     883.668     -28.2271
     893.659     -66.5918
     903.763     -43.3823
     913.982      21.6756
     924.316      66.8057
     934.766      46.3395
     945.335     -21.5845
     956.024     -68.4416
     966.833     -43.8032
     977.765       28.608
      988.82      70.9191
        1000      34.3379
