        0.01  6.96815e-12
   0.0101131  7.32038e-12
   0.0102274  7.60577e-12
    0.010343  7.87957e-12
     0.01046  8.21054e-12
   0.0105783  8.54512e-12
   0.0106979  8.88282e-12
   0.0108188  9.25579e-12
   0.0109411  9.61377e-12
   0.0110648  1.00202e-11
   0.0111899  1.03793e-11
   0.0113165  1.08149e-11
   0.0114444  1.12632e-11
   0.0115738  1.16934e-11
   0.0117047  1.21929e-11
    0.011837  1.26725e-11
   0.0119709  1.31885e-11
   0.0121062  1.37114e-11
   0.0122431  1.42401e-11
   0.0123815  1.48006e-11
   0.0125215  1.53906e-11
   0.0126631  1.60083e-11
   0.0128062   1.6677e-11
    0.012951  1.73188e-11
   0.0130975  1.80322e-11
   0.0132456  1.87411e-11
   0.0133953  1.95159e-11
   0.0135468  2.02594e-11
   0.0136999  2.11101e-11
   0.0138548  2.19714e-11
   0.0140115  2.28201e-11
   0.0141699  2.37648e-11
   0.0143301  2.46715e-11
   0.0144921  2.57095e-11
    0.014656  2.67263e-11
   0.0148217  2.78241e-11
   0.0149893  2.89175e-11
   0.0151588  3.00648e-11
   0.0153302  3.13009e-11
   0.0155035  3.25634e-11
   0.0156788  3.38682e-11
   0.0158561  3.52121e-11
   0.0160353  3.66283e-11
   0.0162166  3.81113e-11
      0.0164  3.96217e-11
   0.0165854  4.12256e-11
   0.0167729   4.2883e-11
   0.0169626  4.45894e-11
   0.0171544    4.639e-11
   0.0173483  4.82467e-11
   0.0175445  5.01857e-11
   0.0177429  5.22015e-11
   0.0179435  5.42734e-11
   0.0181463  5.64568e-11
   0.0183515  5.87137e-11
    0.018559  6.10536e-11
   0.0187688  6.35414e-11
   0.0189811  6.60966e-11
   0.0191957  6.87422e-11
   0.0194127  7.14978e-11
   0.0196322  7.43552e-11
   0.0198542  7.73328e-11
   0.0200786  8.04356e-11
   0.0203057  8.37036e-11
   0.0205353  8.70395e-11
   0.0207674  9.05352e-11
   0.0210022  9.41784e-11
   0.0212397  9.79584e-11
   0.0214799  1.01888e-10
   0.0217227  1.05981e-10
   0.0219683  1.10246e-10
   0.0222167  1.14671e-10
   0.0224679  1.19222e-10
   0.0227219  1.24038e-10
   0.0229788  1.28997e-10
   0.0232387  1.34189e-10
   0.0235014   1.3958e-10
   0.0237671  1.45194e-10
   0.0240358  1.50993e-10
   0.0243076  1.57081e-10
   0.0245824  1.63361e-10
   0.0248604  1.69909e-10
   0.0251415  1.76728e-10
   0.0254257  1.83832e-10
   0.0257132  1.91235e-10
   0.0260039  1.98883e-10
   0.0262979  2.06857e-10
   0.0265953  2.15167e-10
    0.026896  2.23808e-10
   0.0272001  2.32802e-10
   0.0275076  2.42141e-10
   0.0278186  2.51845e-10
   0.0281332  2.61965e-10
   0.0284513  2.72486e-10
   0.0287729  2.83424e-10
   0.0290983  2.94776e-10
   0.0294273  3.06629e-10
     0.02976  3.18931e-10
   0.0300965   3.3172e-10
   0.0304368  3.45027e-10
   0.0307809  3.58884e-10
   0.0311289  3.73289e-10
   0.0314809   3.8828e-10
   0.0318368  4.03867e-10
   0.0321968  4.20068e-10
   0.0325608  4.36938e-10
    0.032929  4.54474e-10
   0.0333013  4.72728e-10
   0.0336778  4.91668e-10
   0.0340586  5.11406e-10
   0.0344437  5.31952e-10
   0.0348331  5.53283e-10
   0.0352269  5.75493e-10
   0.0356252  5.98594e-10
    0.036028  6.22617e-10
   0.0364354  6.47598e-10
   0.0368473  6.73583e-10
    0.037264  7.00615e-10
   0.0376853  7.28754e-10
   0.0381114  7.57992e-10
   0.0385423  7.88424e-10
   0.0389781  8.20074e-10
   0.0394188  8.52977e-10
   0.0398645  8.87222e-10
   0.0403152  9.22821e-10
    0.040771  9.59868e-10
    0.041232  9.98378e-10
   0.0416982  1.03846e-09
   0.0421697  1.08014e-09
   0.0426464  1.12349e-09
   0.0431286  1.16856e-09
   0.0436163  1.21551e-09
   0.0441094  1.26426e-09
   0.0446081  1.31499e-09
   0.0451125  1.36779e-09
   0.0456226  1.42268e-09
   0.0461384  1.47979e-09
   0.0466601  1.53917e-09
   0.0471876  1.60093e-09
   0.0477212   1.6652e-09
   0.0482607  1.73203e-09
   0.0488064  1.80156e-09
   0.0493582  1.87386e-09
   0.0499163  1.94908e-09
   0.0504807  2.02728e-09
   0.0510514  2.10865e-09
   0.0516286  2.19328e-09
   0.0522124  2.28131e-09
   0.0528027  2.37287e-09
   0.0533997   2.4681e-09
   0.0540035  2.56716e-09
   0.0546141  2.67019e-09
   0.0552316  2.77738e-09
   0.0558561  2.88885e-09
   0.0564876  3.00478e-09
   0.0571263  3.12538e-09
   0.0577722  3.25081e-09
   0.0584254  3.38128e-09
    0.059086  3.51701e-09
    0.059754  3.65816e-09
   0.0604296  3.80496e-09
   0.0611129  3.95768e-09
   0.0618039  4.11654e-09
   0.0625027  4.28176e-09
   0.0632093  4.45359e-09
    0.063924  4.63234e-09
   0.0646468  4.81827e-09
   0.0653777  5.01164e-09
   0.0661169   5.2128e-09
   0.0668645  5.42201e-09
   0.0676205  5.63965e-09
    0.068385  5.86598e-09
   0.0691582   6.1014e-09
   0.0699402   6.3463e-09
   0.0707309  6.60098e-09
   0.0715307  6.86593e-09
   0.0723394  7.14148e-09
   0.0731573  7.42812e-09
   0.0739845  7.72626e-09
    0.074821  8.03635e-09
    0.075667  8.35889e-09
   0.0765225  8.69437e-09
   0.0773877  9.04332e-09
   0.0782627  9.40628e-09
   0.0791476  9.78381e-09
   0.0800424  1.01764e-08
   0.0809474  1.05849e-08
   0.0818627  1.10097e-08
   0.0827883  1.14516e-08
   0.0837243  1.19112e-08
   0.0846709  1.23893e-08
   0.0856283  1.28865e-08
   0.0865964  1.34037e-08
   0.0875755  1.39417e-08
   0.0885657  1.45012e-08
   0.0895671  1.50833e-08
   0.0905798  1.56886e-08
   0.0916039  1.63183e-08
   0.0926396  1.69732e-08
   0.0936871  1.76544e-08
   0.0947464   1.8363e-08
   0.0958176     1.91e-08
    0.096901  1.98666e-08
   0.0979966  2.06639e-08
   0.0991046  2.14933e-08
    0.100225  2.23558e-08
    0.101358  2.32529e-08
    0.102504  2.41862e-08
    0.103663  2.51569e-08
    0.104835  2.61665e-08
    0.106021  2.72173e-08
    0.107219   2.8309e-08
    0.108432  2.94459e-08
    0.109658  3.06277e-08
    0.110898  3.18571e-08
    0.112151  3.31348e-08
    0.113419  3.44646e-08
    0.114702  3.58485e-08
    0.115999  3.72875e-08
     0.11731  3.87834e-08
    0.118637  4.03407e-08
    0.119978  4.19593e-08
    0.121335  4.36439e-08
    0.122706  4.53944e-08
    0.124094  4.72171e-08
    0.125497  4.91121e-08
    0.126916  5.10833e-08
    0.128351  5.31336e-08
    0.129802  5.52658e-08
     0.13127  5.74844e-08
    0.132754  5.97913e-08
    0.134255   6.2191e-08
    0.135773  6.46871e-08
    0.137308  6.72831e-08
     0.13886  6.99826e-08
     0.14043  7.27913e-08
    0.142018  7.57132e-08
    0.143624  7.87525e-08
    0.145248  8.19134e-08
     0.14689  8.52005e-08
    0.148551  8.86204e-08
     0.15023  9.21759e-08
    0.151929  9.58763e-08
    0.153647  9.97247e-08
    0.155384  1.03727e-07
    0.157141   1.0789e-07
    0.158918  1.12221e-07
    0.160714  1.16723e-07
    0.162531  1.21407e-07
    0.164369  1.26281e-07
    0.166228   1.3135e-07
    0.168107  1.36621e-07
    0.170008  1.42105e-07
     0.17193  1.47808e-07
    0.173874   1.5374e-07
     0.17584  1.59911e-07
    0.177828  1.66328e-07
    0.179839  1.73005e-07
    0.181872  1.79947e-07
    0.183928  1.87168e-07
    0.186008  1.94681e-07
    0.188111  2.02494e-07
    0.190238  2.10622e-07
    0.192389  2.19075e-07
    0.194564  2.27867e-07
    0.196764  2.37013e-07
    0.198989  2.46526e-07
    0.201238  2.56417e-07
    0.203514  2.66711e-07
    0.205815  2.77415e-07
    0.208142  2.88549e-07
    0.210495  3.00127e-07
    0.212875  3.12173e-07
    0.215282  3.24702e-07
    0.217716  3.37734e-07
    0.220178  3.51291e-07
    0.222667  3.65387e-07
    0.225185  3.80054e-07
    0.227731  3.95306e-07
    0.230306  4.11173e-07
     0.23291  4.27675e-07
    0.235543  4.44836e-07
    0.238206  4.62688e-07
      0.2409  4.81263e-07
    0.243623  5.00572e-07
    0.246378  5.20666e-07
    0.249163  5.41557e-07
    0.251981  5.63298e-07
     0.25483  5.85905e-07
    0.257711  6.09418e-07
    0.260625  6.33878e-07
    0.263571  6.59311e-07
    0.266552   6.8578e-07
    0.269565  7.13295e-07
    0.272613  7.41924e-07
    0.275696  7.71707e-07
    0.278813  8.02677e-07
    0.281965  8.34887e-07
    0.285153  8.68393e-07
    0.288377  9.03243e-07
    0.291638  9.39499e-07
    0.294935  9.77199e-07
     0.29827  1.01642e-06
    0.301642  1.05721e-06
    0.305053  1.09964e-06
    0.308502  1.14377e-06
     0.31199  1.18968e-06
    0.315517  1.23741e-06
    0.319085  1.28708e-06
    0.322693  1.33874e-06
    0.326341  1.39246e-06
    0.330031  1.44835e-06
    0.333762  1.50647e-06
    0.337536  1.56693e-06
    0.341353  1.62983e-06
    0.345212  1.69523e-06
    0.349115  1.76326e-06
    0.353062  1.83402e-06
    0.357054  1.90762e-06
    0.361091  1.98418e-06
    0.365174  2.06381e-06
    0.369303  2.14664e-06
    0.373479   2.2328e-06
    0.377701  2.32239e-06
    0.381972   2.4156e-06
    0.386291  2.51255e-06
    0.390658  2.61337e-06
    0.395075  2.71825e-06
    0.399542  2.82734e-06
    0.404059  2.94079e-06
    0.408628  3.05883e-06
    0.413248  3.18158e-06
    0.417921  3.30927e-06
    0.422646  3.44207e-06
    0.427424  3.58019e-06
    0.432257  3.72387e-06
    0.437144  3.87331e-06
    0.442087  4.02876e-06
    0.447086  4.19045e-06
    0.452141  4.35862e-06
    0.457253  4.53353e-06
    0.462423  4.71546e-06
    0.467651  4.90468e-06
    0.472939  5.10152e-06
    0.478286  5.30624e-06
    0.483694  5.51918e-06
    0.489162  5.74063e-06
    0.494693  5.97101e-06
    0.500286  6.21061e-06
    0.505943  6.45986e-06
    0.511663  6.71907e-06
    0.517449  6.98875e-06
    0.523299  7.26917e-06
    0.529216  7.56089e-06
    0.535199  7.86427e-06
    0.541251  8.17989e-06
     0.54737   8.5081e-06
    0.553559  8.84952e-06
    0.559818  9.20464e-06
    0.566148  9.57403e-06
    0.572549  9.95821e-06
    0.579022  1.03578e-05
    0.585569  1.07734e-05
     0.59219  1.12057e-05
    0.598885  1.16554e-05
    0.605657  1.21231e-05
    0.612505  1.26096e-05
     0.61943  1.31155e-05
    0.626434  1.36418e-05
    0.633516  1.41892e-05
    0.640679  1.47585e-05
    0.647923  1.53507e-05
    0.655249  1.59667e-05
    0.662657  1.66073e-05
     0.67015  1.72737e-05
    0.677727  1.79668e-05
     0.68539  1.86878e-05
    0.693139  1.94376e-05
    0.700976  2.02175e-05
    0.708902  2.10287e-05
    0.716917  2.18724e-05
    0.725023  2.27501e-05
     0.73322  2.36628e-05
     0.74151  2.46122e-05
    0.749894  2.55997e-05
    0.758373  2.66268e-05
    0.766947  2.76951e-05
    0.775619  2.88063e-05
    0.784389  2.99621e-05
    0.793257  3.11641e-05
    0.802226  3.24144e-05
    0.811297   3.3715e-05
     0.82047  3.50677e-05
    0.829746  3.64744e-05
    0.839128  3.79378e-05
    0.848615  3.94598e-05
     0.85821  4.10428e-05
    0.867914  4.26895e-05
    0.877727  4.44021e-05
    0.887651  4.61834e-05
    0.897687   4.8036e-05
    0.907837  4.99631e-05
    0.918101  5.19673e-05
    0.928482  5.40521e-05
     0.93898  5.62204e-05
    0.949596  5.84756e-05
    0.960333  6.08213e-05
    0.971191  6.32611e-05
    0.982172  6.57987e-05
    0.993277  6.84381e-05
     1.00451  7.11839e-05
     1.01586  7.40373e-05
     1.02735  7.70081e-05
     1.03897   8.0098e-05
     1.05071  8.33088e-05
     1.06259  8.66503e-05
     1.07461  9.01274e-05
     1.08676  9.37422e-05
     1.09905  9.75027e-05
     1.11147  0.000101411
     1.12404  0.000105479
     1.13675   0.00010971
      1.1496  0.000114109
      1.1626  0.000118686
     1.17574  0.000123444
     1.18904  0.000128397
     1.20248  0.000133544
     1.21608  0.000138901
     1.22983  0.000144471
     1.24373  0.000150262
     1.25779  0.000156287
     1.27201  0.000162553
      1.2864  0.000169075
     1.30094  0.000175852
     1.31565  0.000182903
     1.33053  0.000190239
     1.34557  0.000197864
     1.36078  0.000205795
     1.37617  0.000214048
     1.39173  0.000222629
     1.40746  0.000231551
     1.42338  0.000240838
     1.43947   0.00025049
     1.45575  0.000260534
     1.47221  0.000270978
     1.48885  0.000281836
     1.50569  0.000293137
     1.52271  0.000304884
     1.53993  0.000317106
     1.55734  0.000329815
     1.57495  0.000343035
     1.59275  0.000356777
     1.61076  0.000371076
     1.62897  0.000385945
     1.64739  0.000401412
     1.66602  0.000417501
     1.68485  0.000434224
      1.7039  0.000451622
     1.72317  0.000469722
     1.74265  0.000488539
     1.76236  0.000508118
     1.78228  0.000528468
     1.80243  0.000549637
     1.82281  0.000571655
     1.84342  0.000594554
     1.86427  0.000618378
     1.88534  0.000643136
     1.90666  0.000668898
     1.92822   0.00069569
     1.95002  0.000723549
     1.97207  0.000752527
     1.99437  0.000782664
     2.01691   0.00081399
     2.03972   0.00084659
     2.06278  0.000880481
      2.0861  0.000915727
     2.10969  0.000952391
     2.13354   0.00099051
     2.15767   0.00103017
     2.18206   0.00107139
     2.20673   0.00111427
     2.23168   0.00115886
     2.25692   0.00120525
     2.28244   0.00125348
     2.30824   0.00130363
     2.33434   0.00135579
     2.36073   0.00141002
     2.38742   0.00146642
     2.41442   0.00152509
     2.44172    0.0015861
     2.46932   0.00164951
     2.49724   0.00171548
     2.52548   0.00178409
     2.55403   0.00185542
     2.58291    0.0019296
     2.61211   0.00200674
     2.64165   0.00208697
     2.67152   0.00217039
     2.70172   0.00225712
     2.73227   0.00234733
     2.76316   0.00244112
      2.7944   0.00253864
       2.826   0.00264008
     2.85795   0.00274553
     2.89026   0.00285518
     2.92294   0.00296922
     2.95599   0.00308779
     2.98941   0.00321108
     3.02321   0.00333927
      3.0574    0.0034726
     3.09196   0.00361117
     3.12692   0.00375529
     3.16228   0.00390517
     3.19803   0.00406096
     3.23419   0.00422297
     3.27076   0.00439142
     3.30774   0.00456655
     3.34514   0.00474865
     3.38296   0.00493797
     3.42121   0.00513482
     3.45989   0.00533947
     3.49901   0.00555226
     3.53857   0.00577348
     3.57858   0.00600349
     3.61904   0.00624261
     3.65996   0.00649122
     3.70134   0.00674968
     3.74319   0.00701838
     3.78552   0.00729778
     3.82832   0.00758819
      3.8716   0.00789006
     3.91538   0.00820396
     3.95964   0.00853017
     4.00441   0.00886935
     4.04969   0.00922198
     4.09548   0.00958852
     4.14178   0.00996949
     4.18861    0.0103656
     4.23597    0.0107773
     4.28387    0.0112053
      4.3323      0.01165
     4.38129    0.0121125
     4.43082     0.012593
     4.48092    0.0130926
     4.53158    0.0136117
     4.58282    0.0141514
     4.63464    0.0147123
     4.68704    0.0152953
     4.74003    0.0159011
     4.79363    0.0165308
     4.84782    0.0171851
     4.90264    0.0178653
     4.95807     0.018572
     5.01413    0.0193065
     5.07082    0.0200698
     5.12815    0.0208629
     5.18613    0.0216871
     5.24477    0.0225436
     5.30407    0.0234335
     5.36404    0.0243582
     5.42469    0.0253191
     5.48603    0.0263175
     5.54805    0.0273547
     5.61078    0.0284324
     5.67422    0.0295521
     5.73838    0.0307154
     5.80326    0.0319239
     5.86887    0.0331792
     5.93523    0.0344835
     6.00234    0.0358383
      6.0702    0.0372455
     6.13883    0.0387073
     6.20824    0.0402258
     6.27844     0.041803
     6.34942    0.0434409
     6.42121    0.0451422
     6.49382    0.0469093
     6.56724    0.0487443
     6.64149    0.0506498
     6.71658    0.0526286
     6.79253    0.0546837
     6.86932    0.0568172
     6.94699    0.0590327
     7.02554    0.0613332
     7.10497    0.0637213
     7.18531     0.066201
     7.26655    0.0687751
     7.34871    0.0714473
      7.4318    0.0742212
     7.51582    0.0771002
      7.6008    0.0800888
     7.68674    0.0831906
     7.77365    0.0864098
     7.86154    0.0897505
     7.95043    0.0932175
     8.04032    0.0968149
     8.13123     0.100548
     8.22317     0.104421
     8.31614     0.108439
     8.41017     0.112608
     8.50526     0.116932
     8.60142     0.121418
     8.69868     0.126071
     8.79703     0.130896
     8.89649       0.1359
     8.99708      0.14109
     9.09881     0.146471
     9.20168     0.152051
     9.30572     0.157836
     9.41094     0.163833
     9.51734     0.170049
     9.62495     0.176493
     9.73377     0.183171
     9.84383     0.190092
     9.95513     0.197264
     10.0677     0.204696
     10.1815     0.212393
     10.2966     0.220367
     10.4131     0.228634
     10.5308     0.237189
     10.6499     0.246053
     10.7703     0.255228
      10.892     0.264723
     11.0152     0.274563
     11.1397     0.284741
     11.2657     0.295284
     11.3931     0.306192
     11.5219     0.317475
     11.6522     0.329154
     11.7839     0.341228
     11.9171     0.353718
     12.0519     0.366644
     12.1881     0.379997
     12.3259     0.393809
     12.4653     0.408091
     12.6063     0.422854
     12.7488       0.4381
     12.8929     0.453851
     13.0387      0.47013
     13.1861     0.486937
     13.3352     0.504297
      13.486     0.522222
     13.6385     0.540723
     13.7927     0.559814
     13.9486     0.579507
     14.1063     0.599826
     14.2658     0.620784
     14.4271     0.642394
     14.5902     0.664667
     14.7552      0.68763
      14.922      0.71128
     15.0908     0.735658
     15.2614     0.760747
     15.4339     0.786571
     15.6084     0.813158
     15.7849     0.840517
     15.9634      0.86866
     16.1439     0.897594
     16.3264     0.927331
      16.511     0.957893
     16.6977      0.98929
     16.8865      1.02153
     17.0774      1.05461
     17.2705      1.08857
     17.4658      1.12339
     17.6632      1.15908
     17.8629      1.19566
     18.0649      1.23314
     18.2692      1.27152
     18.4757      1.31077
     18.6846      1.35093
     18.8959      1.39199
     19.1095      1.43393
     19.3256      1.47677
     19.5441      1.52048
     19.7651      1.56507
     19.9885       1.6105
     20.2145      1.65679
     20.4431      1.70391
     20.6742      1.75183
      20.908      1.80055
     21.1444      1.85002
     21.3835      1.90023
     21.6252      1.95111
     21.8697      2.00266
      22.117      2.05483
     22.3671      2.10757
       22.62      2.16083
     22.8757      2.21454
     23.1344      2.26867
     23.3959      2.32312
     23.6605      2.37786
      23.928      2.43278
     24.1985       2.4878
     24.4721      2.54285
     24.7488      2.59783
     25.0287      2.65265
     25.3116      2.70716
     25.5978      2.76129
     25.8873      2.81492
     26.1799      2.86788
      26.476      2.92009
     26.7753      2.97136
      27.078      3.02157
     27.3842      3.07057
     27.6938      3.11817
     28.0069      3.16422
     28.3236      3.20855
     28.6438      3.25095
     28.9677      3.29126
     29.2952      3.32925
     29.6265      3.36476
     29.9614      3.39753
     30.3002      3.42739
     30.6428      3.45411
     30.9892      3.47745
     31.3396       3.4972
      31.694      3.51313
     32.0523        3.525
     32.4147      3.53259
     32.7812      3.53565
     33.1519      3.53397
     33.5267       3.5273
     33.9058      3.51542
     34.2891      3.49812
     34.6768      3.47517
     35.0689      3.44636
     35.4654      3.41151
     35.8664      3.37041
     36.2719      3.32291
      36.682      3.26883
     37.0968      3.20803
     37.5162       3.1404
     37.9404      3.06583
     38.3693      2.98425
     38.8032      2.89557
     39.2419      2.79982
     39.6856      2.69698
     40.1343      2.58708
     40.5881       2.4702
      41.047      2.34645
     41.5111      2.21599
     41.9804        2.079
     42.4551      1.93569
     42.9351      1.78638
     43.4205      1.63137
     43.9115      1.47101
      44.408      1.30575
     44.9101      1.13605
     45.4178     0.962463
     45.9314     0.785458
     46.4507     0.605748
     46.9759     0.423948
      47.507     0.240791
     48.0442    0.0569848
     48.5874    -0.126618
     49.1367    -0.309194
     49.6923    -0.489917
     50.2541    -0.667833
     50.8223    -0.842057
      51.397     -1.01165
     51.9781     -1.17561
     52.5658     -1.33299
     53.1601     -1.48283
     53.7612      -1.6242
      54.369     -1.75611
     54.9838     -1.87772
     55.6054      -1.9881
     56.2341     -2.08646
     56.8699     -2.17203
     57.5129     -2.24412
     58.1632     -2.30212
     58.8208      -2.3455
     59.4859     -2.37384
     60.1585     -2.38682
     60.8387     -2.38427
     61.5265     -2.36614
     62.2222     -2.33248
     62.9257     -2.28353
     63.6372     -2.21965
     64.3567     -2.14131
     65.0843     -2.04943
     65.8202     -1.94458
     66.5644     -1.82786
      67.317     -1.70042
     68.0782     -1.56353
     68.8479     -1.41864
     69.6263     -1.26727
     70.4136     -1.11105
     71.2097    -0.951766
     72.0148    -0.791202
     72.8291    -0.631192
     73.6525    -0.473651
     74.4853    -0.320409
     75.3274    -0.173336
     76.1791   -0.0341604
     77.0404    0.0954335
     77.9115     0.213927
     78.7924     0.319936
     79.6833     0.412303
     80.5842     0.490071
     81.4953     0.552564
     82.4168     0.599408
     83.3486     0.630432
      84.291     0.645886
      85.244      0.64631
     86.2079     0.632583
     87.1826     0.605913
     88.1683      0.56783
     89.1652     0.520156
     90.1733     0.464992
     91.1929     0.404656
      92.224     0.341666
     93.2667     0.278659
     94.3212     0.218327
     95.3877     0.163302
     96.4662      0.11628
     97.5569    0.0796166
     98.6599    0.0554582
     99.7754    0.0455925
     100.904    0.0513745
     102.044     0.073602
     103.198      0.11256
     104.365     0.167772
     105.545     0.238137
     106.738     0.321774
     107.945     0.416165
     109.166     0.518022
       110.4     0.623306
     111.648     0.727581
     112.911     0.825946
     114.187     0.912962
     115.478     0.983255
     116.784      1.03165
     118.104      1.05298
      119.44      1.04273
      120.79     0.997222
     122.156     0.913711
     123.537     0.790854
     124.934     0.628721
     126.346     0.429083
     127.775     0.195289
      129.22   -0.0671026
     130.681    -0.350844
     132.158    -0.646849
     133.652    -0.944883
     135.163     -1.23317
     136.692     -1.49927
     138.237     -1.72993
       139.8     -1.91275
     141.381     -2.03583
     142.979      -2.0888
     144.596      -2.0636
     146.231     -1.95493
     147.884     -1.76103
     149.556     -1.48388
     151.247     -1.12979
     152.957     -0.70945
     154.687    -0.237584
     156.436     0.266618
     158.204     0.780896
     159.993      1.28113
     161.802      1.74101
     163.632      2.13472
     165.482      2.43753
     167.353      2.62819
     169.245       2.6899
     171.158      2.61206
     173.094      2.39115
     175.051      2.03216
      177.03      1.54901
     179.032     0.963715
     181.056     0.306809
     183.103    -0.384758
     185.173       -1.069
     187.267     -1.70187
     189.384     -2.23921
     191.525     -2.64118
     193.691     -2.87467
     195.881     -2.91632
     198.096     -2.75556
     200.335     -2.39644
     202.601     -1.85764
     204.891     -1.17418
     207.208    -0.393076
     209.551     0.426916
      211.92      1.22082
     214.316      1.92265
     216.739      2.47034
      219.19      2.81231
     221.668      2.91244
     224.174      2.75517
     226.709      2.34796
     229.272      1.72277
     231.865     0.933673
     234.486    0.0547122
     237.137    -0.828838
     239.819     -1.62707
      242.53     -2.25439
     245.272     -2.64122
     248.045     -2.74112
      250.85     -2.53815
     253.686     -2.05082
     256.555     -1.33158
     259.455     -0.46327
     262.389     0.451203
     265.356      1.29856
     268.356      1.97079
      271.39      2.37971
     274.458      2.46952
     277.562      2.22632
       280.7       1.6826
     283.874     0.914211
     287.083    0.0320786
     290.329    -0.834139
     293.612      -1.5539
     296.931      -2.0168
     300.289     -2.15172
     303.684     -1.93913
     307.118     -1.41694
      310.59    -0.676252
     314.102     0.153575
     317.653     0.925628
     321.245      1.50302
     324.877       1.7835
      328.55      1.72092
     332.265      1.33498
     336.022     0.709046
     339.821   -0.0254631
     343.663    -0.715875
     347.549     -1.22014
     351.478     -1.43761
     355.452     -1.33225
     359.471    -0.940763
     363.536    -0.364548
     367.646     0.251835
     371.803     0.766604
     376.006      1.05538
     380.258      1.06257
     384.557       0.8044
     388.905     0.365539
     393.302    -0.125271
     397.749    -0.532142
     402.246    -0.750532
     406.794    -0.736452
     411.394    -0.517617
     416.045    -0.177478
     420.749     0.166159
     425.507      0.40846
     430.318     0.486955
     435.183     0.400227
     440.103     0.202839
     445.079   -0.0195425
     450.112    -0.184984
     455.201    -0.246082
     460.348    -0.204439
     465.553    -0.103048
     470.816   -0.0013172
      476.14    0.0551694
     481.523    0.0550464
     486.968    0.0221045
     492.473  -0.00348189
     498.042   0.00728404
     503.673    0.0521002
     509.368    0.0973241
     515.127    0.0994839
     520.951    0.0363552
     526.841   -0.0720706
     532.798    -0.168354
     538.822    -0.189109
     544.914    -0.106502
     551.075    0.0467841
     557.306     0.188724
     563.607      0.23369
      569.98     0.147248
     576.424   -0.0259843
     582.942    -0.184188
     589.533    -0.230641
     596.198    -0.137929
     602.939    0.0314343
     609.756     0.165941
      616.65     0.182204
     623.623     0.083007
     630.674   -0.0489131
     637.804    -0.118003
     645.016   -0.0907712
     652.309   -0.0155677
     659.684    0.0302293
     667.143     0.017224
     674.686   -0.0102614
     682.314     0.010288
     690.029    0.0764864
     697.831     0.104589
     705.721    0.0165624
       713.7    -0.147898
     721.769    -0.228021
      729.93   -0.0916926
     738.183     0.190721
     746.529     0.353665
      754.97     0.181054
     763.506    -0.225835
     772.139    -0.472474
     780.869    -0.249535
     789.698     0.284984
     798.627     0.581319
     807.656     0.261619
     816.788    -0.395117
     826.023    -0.664288
     835.363    -0.178766
     844.808     0.560399
     854.359     0.676188
     864.019   -0.0304845
     873.788    -0.737138
     883.668    -0.542831
     893.659     0.355552
     903.763     0.814392
     913.982     0.203091
     924.316    -0.690646
     934.766    -0.640811
     945.335     0.294187
     956.024     0.801574
     966.833     0.151494
     977.765    -0.699181
      988.82    -0.487132
        1000     0.444608
