        0.01  1.08882e-08
   0.0101131  1.13255e-08
   0.0102274  1.17798e-08
    0.010343  1.22523e-08
     0.01046  1.27443e-08
   0.0105783  1.32562e-08
   0.0106979  1.37879e-08
   0.0108188  1.43416e-08
   0.0109411  1.49165e-08
   0.0110648  1.55155e-08
   0.0111899  1.61382e-08
   0.0113165  1.67864e-08
   0.0114444  1.74597e-08
   0.0115738  1.81603e-08
   0.0117047  1.88898e-08
    0.011837  1.96476e-08
   0.0119709  2.04366e-08
   0.0121062  2.12565e-08
   0.0122431  2.21099e-08
   0.0123815   2.2997e-08
   0.0125215  2.39199e-08
   0.0126631  2.48801e-08
   0.0128062  2.58782e-08
    0.012951  2.69171e-08
   0.0130975  2.79977e-08
   0.0132456  2.91212e-08
   0.0133953  3.02899e-08
   0.0135468   3.1506e-08
   0.0136999  3.27701e-08
   0.0138548   3.4085e-08
   0.0140115  3.54533e-08
   0.0141699  3.68761e-08
   0.0143301  3.83563e-08
   0.0144921  3.98956e-08
    0.014656  4.14966e-08
   0.0148217  4.31625e-08
   0.0149893  4.48949e-08
   0.0151588  4.66971e-08
   0.0153302  4.85712e-08
   0.0155035  5.05208e-08
   0.0156788  5.25484e-08
   0.0158561  5.46578e-08
   0.0160353  5.68506e-08
   0.0162166  5.91321e-08
      0.0164  6.15063e-08
   0.0165854  6.39739e-08
   0.0167729  6.65414e-08
   0.0169626  6.92131e-08
   0.0171544  7.19909e-08
   0.0173483  7.48796e-08
   0.0175445  7.78859e-08
   0.0177429  8.10123e-08
   0.0179435  8.42632e-08
   0.0181463  8.76441e-08
   0.0183515  9.11621e-08
    0.018559  9.48208e-08
   0.0187688  9.86264e-08
   0.0189811  1.02586e-07
   0.0191957  1.06703e-07
   0.0194127  1.10985e-07
   0.0196322   1.1544e-07
   0.0198542  1.20074e-07
   0.0200786  1.24891e-07
   0.0203057  1.29905e-07
   0.0205353  1.35119e-07
   0.0207674   1.4054e-07
   0.0210022  1.46181e-07
   0.0212397  1.52049e-07
   0.0214799  1.58153e-07
   0.0217227  1.64498e-07
   0.0219683    1.711e-07
   0.0222167  1.77968e-07
   0.0224679  1.85111e-07
   0.0227219  1.92539e-07
   0.0229788  2.00267e-07
   0.0232387  2.08307e-07
   0.0235014  2.16666e-07
   0.0237671  2.25362e-07
   0.0240358  2.34406e-07
   0.0243076  2.43815e-07
   0.0245824  2.53599e-07
   0.0248604   2.6378e-07
   0.0251415  2.74367e-07
   0.0254257  2.85376e-07
   0.0257132  2.96831e-07
   0.0260039  3.08743e-07
   0.0262979  3.21134e-07
   0.0265953  3.34026e-07
    0.026896  3.47432e-07
   0.0272001  3.61376e-07
   0.0275076  3.75878e-07
   0.0278186  3.90963e-07
   0.0281332  4.06658e-07
   0.0284513   4.2298e-07
   0.0287729  4.39952e-07
   0.0290983  4.57613e-07
   0.0294273   4.7598e-07
     0.02976  4.95082e-07
   0.0300965  5.14953e-07
   0.0304368  5.35621e-07
   0.0307809  5.57117e-07
   0.0311289  5.79475e-07
   0.0314809  6.02735e-07
   0.0318368  6.26923e-07
   0.0321968  6.52087e-07
   0.0325608  6.78256e-07
    0.032929  7.05482e-07
   0.0333013  7.33795e-07
   0.0336778  7.63244e-07
   0.0340586  7.93879e-07
   0.0344437  8.25742e-07
   0.0348331   8.5888e-07
   0.0352269  8.93348e-07
   0.0356252  9.29203e-07
    0.036028  9.66497e-07
   0.0364354  1.00529e-06
   0.0368473  1.04563e-06
    0.037264  1.08761e-06
   0.0376853  1.13126e-06
   0.0381114  1.17666e-06
   0.0385423  1.22388e-06
   0.0389781  1.27301e-06
   0.0394188   1.3241e-06
   0.0398645  1.37724e-06
   0.0403152  1.43251e-06
    0.040771  1.49001e-06
    0.041232  1.54981e-06
   0.0416982  1.61201e-06
   0.0421697  1.67671e-06
   0.0426464    1.744e-06
   0.0431286  1.81399e-06
   0.0436163  1.88681e-06
   0.0441094  1.96253e-06
   0.0446081  2.04129e-06
   0.0451125  2.12322e-06
   0.0456226  2.20844e-06
   0.0461384  2.29707e-06
   0.0466601  2.38927e-06
   0.0471876  2.48515e-06
   0.0477212  2.58491e-06
   0.0482607  2.68864e-06
   0.0488064  2.79655e-06
   0.0493582  2.90879e-06
   0.0499163  3.02554e-06
   0.0504807  3.14697e-06
   0.0510514  3.27326e-06
   0.0516286  3.40462e-06
   0.0522124  3.54128e-06
   0.0528027   3.6834e-06
   0.0533997  3.83123e-06
   0.0540035    3.985e-06
   0.0546141  4.14494e-06
   0.0552316   4.3113e-06
   0.0558561  4.48433e-06
   0.0564876   4.6643e-06
   0.0571263   4.8515e-06
   0.0577722  5.04622e-06
   0.0584254  5.24874e-06
    0.059086   5.4594e-06
    0.059754  5.67849e-06
   0.0604296  5.90639e-06
   0.0611129  6.14346e-06
   0.0618039  6.39003e-06
   0.0625027  6.64649e-06
   0.0632093  6.91321e-06
    0.063924  7.19068e-06
   0.0646468  7.47929e-06
   0.0653777  7.77945e-06
   0.0661169  8.09167e-06
   0.0668645  8.41644e-06
   0.0676205  8.75423e-06
    0.068385  9.10555e-06
   0.0691582  9.47099e-06
   0.0699402  9.85113e-06
   0.0707309  1.02465e-05
   0.0715307  1.06577e-05
   0.0723394  1.10854e-05
   0.0731573  1.15303e-05
   0.0739845  1.19931e-05
    0.074821  1.24744e-05
    0.075667  1.29751e-05
   0.0765225  1.34958e-05
   0.0773877  1.40375e-05
   0.0782627  1.46008e-05
   0.0791476  1.51868e-05
   0.0800424  1.57963e-05
   0.0809474  1.64302e-05
   0.0818627  1.70897e-05
   0.0827883  1.77756e-05
   0.0837243  1.84889e-05
   0.0846709  1.92309e-05
   0.0856283  2.00028e-05
   0.0865964  2.08055e-05
   0.0875755  2.16405e-05
   0.0885657   2.2509e-05
   0.0895671  2.34124e-05
   0.0905798   2.4352e-05
   0.0916039  2.53293e-05
   0.0926396  2.63458e-05
   0.0936871  2.74032e-05
   0.0947464   2.8503e-05
   0.0958176  2.96469e-05
    0.096901  3.08367e-05
   0.0979966  3.20743e-05
   0.0991046  3.33615e-05
    0.100225  3.47003e-05
    0.101358  3.60926e-05
    0.102504  3.75411e-05
    0.103663  3.90478e-05
    0.104835  4.06147e-05
    0.106021  4.22457e-05
    0.107219    4.394e-05
    0.108432  4.57045e-05
    0.109658  4.75387e-05
    0.110898  4.94468e-05
    0.112151  5.14298e-05
    0.113419  5.34937e-05
    0.114702  5.56416e-05
    0.115999  5.78748e-05
     0.11731  6.01964e-05
    0.118637  6.26134e-05
    0.119978  6.51254e-05
    0.121335  6.77399e-05
    0.122706  7.04566e-05
    0.124094  7.32854e-05
    0.125497  7.62263e-05
    0.126916  7.92855e-05
    0.128351  8.24673e-05
    0.129802  8.57763e-05
     0.13127  8.92195e-05
    0.132754  9.27995e-05
    0.134255  9.65236e-05
    0.135773  0.000100397
    0.137308  0.000104426
     0.13886  0.000108615
     0.14043  0.000112974
    0.142018  0.000117508
    0.143624  0.000122225
    0.145248   0.00012713
     0.14689  0.000132231
    0.148551  0.000137538
     0.15023  0.000143055
    0.151929  0.000148797
    0.153647  0.000154769
    0.155384  0.000160979
    0.157141  0.000167439
    0.158918  0.000174159
    0.160714  0.000181145
    0.162531  0.000188413
    0.164369  0.000195976
    0.166228  0.000203842
    0.168107   0.00021202
    0.170008  0.000220529
     0.17193  0.000229377
    0.173874  0.000238582
     0.17584  0.000248156
    0.177828  0.000258113
    0.179839  0.000268472
    0.181872  0.000279243
    0.183928  0.000290446
    0.186008  0.000302103
    0.188111  0.000314225
    0.190238  0.000326834
    0.192389  0.000339949
    0.194564  0.000353588
    0.196764  0.000367776
    0.198989  0.000382535
    0.201238  0.000397878
    0.203514  0.000413848
    0.205815  0.000430453
    0.208142  0.000447724
    0.210495  0.000465685
    0.212875  0.000484371
    0.215282  0.000503806
    0.217716  0.000524019
    0.220178  0.000545048
    0.222667  0.000566912
    0.225185  0.000589662
    0.227731  0.000613319
    0.230306  0.000637928
     0.23291  0.000663522
    0.235543  0.000690139
    0.238206  0.000717826
      0.2409  0.000746633
    0.243623  0.000776579
    0.246378  0.000807741
    0.249163  0.000840138
    0.251981  0.000873853
     0.25483   0.00090891
    0.257711  0.000945371
    0.260625  0.000983299
    0.263571   0.00102274
    0.266552   0.00106378
    0.269565   0.00110644
    0.272613   0.00115083
    0.275696     0.001197
    0.278813   0.00124502
    0.281965   0.00129496
    0.285153    0.0013469
    0.288377   0.00140093
    0.291638   0.00145713
    0.294935   0.00151557
     0.29827   0.00157637
    0.301642   0.00163959
    0.305053   0.00170537
    0.308502   0.00177377
     0.31199   0.00184491
    0.315517    0.0019189
    0.319085   0.00199588
    0.322693   0.00207593
    0.326341   0.00215918
    0.330031   0.00224578
    0.333762   0.00233584
    0.337536   0.00242953
    0.341353   0.00252698
    0.345212    0.0026283
    0.349115    0.0027337
    0.353062   0.00284332
    0.357054   0.00295735
    0.361091   0.00307594
    0.365174   0.00319929
    0.369303   0.00332759
    0.373479   0.00346103
    0.377701   0.00359979
    0.381972   0.00374415
    0.386291   0.00389428
    0.390658    0.0040504
    0.395075    0.0042128
    0.399542    0.0043817
    0.404059   0.00455736
    0.408628   0.00474009
    0.413248   0.00493011
    0.417921   0.00512778
    0.422646   0.00533333
    0.427424    0.0055471
    0.432257   0.00576948
    0.437144   0.00600073
    0.442087   0.00624128
    0.447086   0.00649147
    0.452141   0.00675166
    0.457253   0.00702226
    0.462423   0.00730371
    0.467651    0.0075964
    0.472939   0.00790086
    0.478286   0.00821747
    0.483694   0.00854679
    0.489162   0.00888922
    0.494693   0.00924543
    0.500286   0.00961587
    0.505943    0.0100012
    0.511663    0.0104019
    0.517449    0.0108187
    0.523299    0.0112521
    0.529216    0.0117029
    0.535199    0.0121716
    0.541251    0.0126593
     0.54737    0.0131663
    0.553559    0.0136937
    0.559818    0.0142421
    0.566148    0.0148126
    0.572549    0.0154058
    0.579022    0.0160227
    0.585569    0.0166643
     0.59219    0.0173316
    0.598885    0.0180255
    0.605657    0.0187473
    0.612505    0.0194979
     0.61943    0.0202785
    0.626434    0.0210903
    0.633516    0.0219344
    0.640679    0.0228124
    0.647923    0.0237255
    0.655249     0.024675
    0.662657    0.0256624
     0.67015    0.0266894
    0.677727    0.0277574
     0.68539     0.028868
    0.693139    0.0300229
    0.700976     0.031224
    0.708902    0.0324731
    0.716917     0.033772
    0.725023    0.0351227
     0.73322    0.0365273
     0.74151     0.037988
    0.749894    0.0395071
    0.758373    0.0410867
    0.766947    0.0427293
    0.775619    0.0444375
    0.784389    0.0462139
    0.793257    0.0480608
    0.802226    0.0499816
    0.811297    0.0519791
     0.82047     0.054056
    0.829746    0.0562156
    0.839128    0.0584614
    0.848615    0.0607965
     0.85821    0.0632248
    0.867914    0.0657499
    0.877727    0.0683753
    0.887651    0.0711053
    0.897687    0.0739439
    0.907837    0.0768956
    0.918101    0.0799646
    0.928482    0.0831559
     0.93898     0.086474
    0.949596    0.0899238
    0.960333    0.0935111
    0.971191    0.0972408
    0.982172     0.101119
    0.993277     0.105151
     1.00451     0.109344
     1.01586       0.1137
     1.02735     0.118233
     1.03897     0.122946
     1.05071     0.127842
     1.06259     0.132935
     1.07461     0.138232
     1.08676     0.143736
     1.09905     0.149461
     1.11147     0.155407
     1.12404     0.161594
     1.13675     0.168025
      1.1496     0.174708
      1.1626     0.181659
     1.17574      0.18888
     1.18904     0.196394
     1.20248     0.204199
     1.21608     0.212317
     1.22983     0.220753
     1.24373      0.22952
     1.25779     0.238634
     1.27201     0.248108
      1.2864     0.257963
     1.30094     0.268197
     1.31565     0.278838
     1.33053     0.289902
     1.34557     0.301395
     1.36078     0.313341
     1.37617     0.325763
     1.39173      0.33867
     1.40746      0.35208
     1.42338     0.366027
     1.43947     0.380513
     1.45575     0.395576
     1.47221     0.411225
     1.48885     0.427482
     1.50569     0.444388
     1.52271     0.461946
     1.53993     0.480199
     1.55734     0.499161
     1.57495     0.518868
     1.59275     0.539334
     1.61076     0.560611
     1.62897     0.582713
     1.64739     0.605682
     1.66602     0.629549
     1.68485     0.654332
      1.7039     0.680088
     1.72317     0.706853
     1.74265     0.734647
     1.76236     0.763535
     1.78228     0.793525
     1.80243     0.824684
     1.82281     0.857055
     1.84342     0.890678
     1.86427     0.925613
     1.88534     0.961871
     1.90666      0.99955
     1.92822      1.03868
     1.95002      1.07931
     1.97207      1.12152
     1.99437      1.16534
     2.01691      1.21083
     2.03972      1.25809
     2.06278      1.30716
      2.0861      1.35809
     2.10969      1.41099
     2.13354       1.4659
     2.15767      1.52293
     2.18206       1.5821
     2.20673      1.64353
     2.23168      1.70731
     2.25692      1.77352
     2.28244      1.84224
     2.30824      1.91353
     2.33434      1.98754
     2.36073      2.06434
     2.38742      2.14403
     2.41442      2.22675
     2.44172      2.31257
     2.46932      2.40158
     2.49724      2.49395
     2.52548      2.58979
     2.55403      2.68918
     2.58291       2.7923
     2.61211      2.89924
     2.64165      3.01019
     2.67152      3.12523
     2.70172       3.2445
     2.73227      3.36822
     2.76316      3.49646
      2.7944      3.62943
       2.826      3.76731
     2.85795       3.9102
     2.89026      4.05831
     2.92294      4.21184
     2.95599      4.37095
     2.98941      4.53582
     3.02321      4.70666
      3.0574       4.8837
     3.09196      5.06703
     3.12692      5.25698
     3.16228      5.45376
     3.19803       5.6575
     3.23419      5.86852
     3.27076      6.08703
     3.30774      6.31324
     3.34514      6.54743
     3.38296      6.78982
     3.42121       7.0407
     3.45989      7.30031
     3.49901      7.56895
     3.53857      7.84687
     3.57858      8.13439
     3.61904      8.43175
     3.65996      8.73929
     3.70134      9.05727
     3.74319      9.38604
     3.78552      9.72595
     3.82832      10.0772
      3.8716      10.4401
     3.91538      10.8152
     3.95964      11.2025
     4.00441      11.6027
     4.04969       12.016
     4.09548      12.4426
     4.14178       12.883
     4.18861      13.3376
     4.23597      13.8067
     4.28387      14.2907
      4.3323      14.7898
     4.38129      15.3046
     4.43082      15.8352
     4.48092      16.3823
     4.53158      16.9459
     4.58282      17.5268
     4.63464       18.125
     4.68704       18.741
     4.74003      19.3751
     4.79363      20.0279
     4.84782      20.6993
     4.90264      21.3901
     4.95807      22.1003
     5.01413      22.8304
     5.07082      23.5806
     5.12815      24.3512
     5.18613      25.1426
     5.24477      25.9551
     5.30407      26.7888
     5.36404       27.644
     5.42469      28.5209
     5.48603      29.4197
     5.54805      30.3404
     5.61078      31.2833
     5.67422      32.2485
     5.73838      33.2361
     5.80326      34.2458
     5.86887      35.2778
     5.93523      36.3322
     6.00234      37.4086
      6.0702      38.5069
     6.13883      39.6269
     6.20824      40.7684
     6.27844      41.9311
     6.34942      43.1142
     6.42121      44.3176
     6.49382      45.5408
     6.56724      46.7828
     6.64149       48.043
     6.71658      49.3206
     6.79253      50.6149
     6.86932      51.9244
     6.94699      53.2484
     7.02554      54.5855
     7.10497      55.9342
     7.18531      57.2934
     7.26655      58.6611
     7.34871      60.0357
      7.4318      61.4154
     7.51582      62.7978
      7.6008      64.1812
     7.68674       65.563
     7.77365      66.9406
     7.86154      68.3115
     7.95043      69.6728
     8.04032      71.0213
     8.13123       72.354
     8.22317      73.6674
     8.31614      74.9577
     8.41017      76.2213
     8.50526      77.4542
     8.60142      78.6521
     8.69868      79.8107
     8.79703      80.9252
     8.89649      81.9908
     8.99708      83.0026
     9.09881      83.9553
     9.20168      84.8434
     9.30572      85.6614
     9.41094      86.4033
     9.51734      87.0632
     9.62495      87.6349
     9.73377       88.112
     9.84383      88.4881
     9.95513      88.7565
     10.0677      88.9104
     10.1815       88.943
     10.2966      88.8475
     10.4131      88.6165
     10.5308      88.2434
     10.6499      87.7209
     10.7703      87.0423
      10.892      86.2011
     11.0152       85.189
     11.1397      84.0012
     11.2657      82.6295
     11.3931      81.0687
     11.5219      79.3133
     11.6522      77.3567
     11.7839      75.1956
     11.9171      72.8242
     12.0519      70.2367
     12.1881      67.4339
     12.3259      64.4095
     12.4653      61.1617
     12.6063      57.6898
     12.7488      53.9966
     12.8929      50.0812
     13.0387      45.9432
     13.1861      41.5892
     13.3352      37.0214
      13.486      32.2461
     13.6385      27.2714
     13.7927      22.1068
     13.9486      16.7637
     14.1063      11.2516
     14.2658      5.58518
     14.4271    -0.218921
     14.5902     -6.14211
     14.7552     -12.1675
      14.922     -18.2689
     15.0908      -24.429
     15.2614      -30.614
     15.4339     -36.7989
     15.6084     -42.9567
     15.7849     -49.0549
     15.9634     -55.0589
     16.1439     -60.9326
     16.3264     -66.6384
      16.511     -72.1401
     16.6977     -77.3971
     16.8865     -82.3679
     17.0774     -87.0101
     17.2705     -91.2833
     17.4658     -95.1441
     17.6632      -98.548
     17.8629     -101.456
     18.0649     -103.827
     18.2692      -105.62
     18.4757     -106.798
     18.6846     -107.326
     18.8959     -107.171
     19.1095     -106.305
     19.3256     -104.704
     19.5441     -102.349
     19.7651     -99.2237
     19.9885     -95.3238
     20.2145     -90.6448
     20.4431     -85.1928
     20.6742     -78.9851
      20.908     -72.0393
     21.1444     -64.3903
     21.3835     -56.0766
     21.6252     -47.1528
     21.8697     -37.6726
      22.117     -27.7068
     22.3671     -17.3358
       22.62      -6.6503
     22.8757      4.24999
     23.1344      15.2651
     23.3959      26.2701
     23.6605       37.154
      23.928      47.7791
     24.1985      58.0156
     24.4721      67.7304
     24.7488      76.7851
     25.0287      85.0456
     25.3116      92.3721
     25.5978       98.644
     25.8873      103.739
     26.1799      107.545
      26.476      109.969
     26.7753      110.927
      27.078      110.357
     27.3842      108.218
     27.6938      104.492
     28.0069       99.185
     28.3236      92.3301
     28.6438      83.9935
     28.9677      74.2638
     29.2952       63.268
     29.6265      51.1534
     29.9614      38.1108
     30.3002      24.3397
     30.6428        10.08
     30.9892     -4.41048
     31.3396     -18.8646
      31.694     -32.9939
     32.0523     -46.4993
     32.4147     -59.0926
     32.7812     -70.4841
     33.1519     -80.4006
     33.5267     -88.5859
     33.9058       -94.82
     34.2891     -98.9143
     34.6768     -100.729
     35.0689     -100.172
     35.4654       -97.21
     35.8664     -91.8715
     36.2719     -84.2502
      36.682     -74.5049
     37.0968     -62.8591
     37.5162     -49.6058
     37.9404     -35.0871
     38.3693     -19.7058
     38.8032     -3.89144
     39.2419      11.8787
     39.6856      27.1265
     40.1343      41.3667
     40.5881      54.1338
      41.047      64.9936
     41.5111      73.5663
     41.9804      79.5383
     42.4551      82.6818
     42.9351      82.8633
     43.4205       80.058
     43.9115      74.3526
      44.408      65.9518
     44.9101      55.1719
     45.4178       42.436
     45.9314       28.251
     46.4507      13.2108
     46.9759     -2.05083
      47.507     -16.8704
     48.0442     -30.5954
     48.5874     -42.6028
     49.1367     -52.3435
     49.6923     -59.3679
     50.2541     -63.3472
     50.8223      -64.103
      51.397      -61.617
     51.9781     -56.0417
     52.5658     -47.6951
     53.1601      -37.052
     53.7612     -24.7178
      54.369     -11.4067
     54.9838      2.11073
     55.6054      15.0336
     56.2341      26.6002
     56.8699      36.1199
     57.5129       43.028
     58.1632      46.9239
     58.8208      47.6024
     59.4859       45.074
     60.1585      39.5686
     60.8387      31.5259
     61.5265      21.5693
     62.2222      10.4578
     62.9257     -0.95579
     63.6372     -11.8004
     64.3567     -21.2445
     65.0843     -28.5791
     65.8202      -33.255
     66.5644     -34.9511
      67.317     -33.6001
     68.0782     -29.3955
     68.8479      -22.784
     69.6263     -14.4253
     70.4136     -5.13571
     71.2097      4.18262
     72.0148      12.6339
     72.8291      19.4133
     73.6525      23.8868
     74.4853      25.6641
     75.3274      24.6386
     76.1791       21.004
     77.0404      15.2374
     77.9115      8.04846
     78.7924     0.304116
     79.6833     -7.07367
     80.5842     -13.2135
     81.4953     -17.4041
     82.4168     -19.1826
     83.3486     -18.3953
      84.291     -15.2244
      85.244     -10.1666
     86.2079     -3.96875
     87.1826      2.46813
     88.1683      8.21863
     89.1652      12.4641
     90.1733      14.6144
     91.1929      14.4023
      92.224      11.9282
     93.2667      7.65124
     94.3212      2.32017
     95.3877     -3.14496
     96.4662     -7.80481
     97.5569     -10.8642
     98.6599     -11.8145
     99.7754     -10.5325
     100.904       -7.309
     102.044     -2.81339
     103.198       2.0507
     104.365      6.29341
     105.545      9.04999
     106.738      9.76697
     107.945      8.32409
     109.166      5.07293
       110.4     0.780212
     111.648       -3.546
     112.911     -6.87838
     114.187     -8.41036
     115.478     -7.77828
     116.784     -5.15415
     118.104     -1.23779
      119.44       2.9208
      120.79      6.17136
     122.156       7.5999
     123.537      6.78463
     124.934      3.95248
     126.346   -0.0507822
     127.775     -3.99714
      129.22     -6.62268
     130.681     -7.04591
     132.158     -5.08681
     133.652     -1.36334
     135.163       2.8554
     136.692      6.06009
     138.237      7.02931
       139.8       5.3231
     141.381      1.50653
     142.979     -2.97848
     144.596     -6.33237
     146.231     -7.09845
     147.884     -4.82824
     149.556    -0.366253
     151.247      4.39771
     152.957      7.28932
     154.687      6.84159
     156.436      3.07408
     158.204     -2.35605
     159.993     -6.82228
     161.802     -7.95882
     163.632     -4.94827
     165.482     0.863748
     167.353      6.47114
     169.245      8.70701
     171.158       6.0526
     173.094     -0.28569
     175.051     -6.76746
      177.03     -9.43629
     179.032     -6.34565
     181.056     0.947401
     183.103      7.99817
     185.173      10.0963
     187.267      5.45194
     189.384     -3.20575
     191.525      -10.043
     193.691     -9.98444
     195.881     -2.56851
     198.096      7.15651
     200.335      11.8826
     202.601      7.54307
     204.891     -3.03781
     207.208     -11.6718
     209.551     -11.0175
      211.92    -0.975558
     214.316      10.4016
     216.739      13.1319
      219.19      4.14181
     221.668     -9.08871
     224.174      -14.408
     226.709     -6.16458
     229.272       8.4911
     231.865      15.3527
     234.486      6.89727
     237.137     -9.10714
     239.819     -16.1857
      242.53     -6.08314
     245.272      11.1783
     248.045      16.6308
      250.85      3.23722
     253.686     -14.5294
     256.555     -15.7213
     259.455      2.17369
     262.389      18.1402
     265.356      11.8106
     268.356     -10.0366
      271.39     -19.5887
     274.458     -3.24601
     277.562      18.2223
       280.7      15.1412
     283.874     -9.60776
     287.083     -21.4308
     290.329     -2.05747
     293.612      21.1961
     296.931      12.8342
     300.289     -15.9451
     303.684     -20.4293
     307.118      8.10399
      310.59      24.3305
     314.102     0.155577
     317.653     -25.2107
     321.245     -7.43058
     324.877      24.2591
      328.55      13.1137
     332.265     -22.6746
     336.022      -17.111
     339.821      21.4247
     343.663      19.5763
     347.549      -21.183
     351.478     -20.5934
     355.452       22.327
     359.471      20.0297
     363.536     -24.9495
     367.646     -17.5133
     371.803      28.6826
     376.006      12.1053
     380.258     -32.5251
     384.557     -3.30185
     388.905       34.557
     393.302     -9.02786
     397.749     -31.9412
     402.246      23.2821
     406.794       21.671
     411.394     -35.1051
     416.045     -2.61073
     420.749      37.5365
     425.507     -21.3254
     430.318     -23.8804
     435.183      38.9789
     440.103     -5.28772
     445.079     -35.4819
     450.112      35.2824
     455.201      4.90702
     460.348      -40.354
     465.553      33.9489
     470.816      6.76088
      476.14     -41.3772
     481.523      38.0792
     486.968     -1.13453
     492.473     -37.0124
     498.042       45.661
     503.673     -19.6022
     509.368     -20.5961
     515.127      46.7168
     520.951      -42.754
     526.841        13.02
     532.798      23.8232
     538.822     -47.7043
     544.914       47.836
     551.075     -26.1898
     557.306     -6.03551
     563.607      35.2152
      569.98     -51.2138
     576.424      50.3339
     582.942     -34.9331
     589.533      11.0585
     596.198      14.3475
     602.939     -35.5943
     609.756      49.3817
      616.65      -54.791
     623.623      52.7401
     630.674     -45.1596
     637.804      34.2636
     645.016     -22.1038
     652.309      10.1898
     659.684     0.471191
     667.143     -9.31395
     674.686      16.1596
     682.314     -21.0115
     690.029      23.9376
     697.831     -25.0432
     705.721      24.3508
       713.7      -21.797
     721.769      17.2433
      729.93     -10.5019
     738.183      1.49593
     746.529      9.66008
      754.97     -22.4715
     763.506      35.7899
     772.139     -47.7433
     780.869      55.6777
     789.698     -56.5541
     798.627      47.7068
     807.656     -28.1675
     816.788     0.080976
     826.023      30.1844
     835.363     -52.6433
     844.808      56.6711
     854.359     -36.6122
     864.019     -2.38355
     873.788      42.2634
     883.668     -58.7051
     893.659      36.6461
     903.763      13.5306
     913.982      -55.041
     924.316      49.5388
     934.766      3.90117
     945.335     -55.4329
     956.024      46.2052
     966.833      19.6528
     977.765     -62.0187
      988.82      18.7836
        1000      53.8633
