        0.01  6.37877e-09
   0.0101131  6.63448e-09
   0.0102274  6.90077e-09
    0.010343  7.17782e-09
     0.01046  7.46612e-09
   0.0105783  7.76562e-09
   0.0106979  8.07715e-09
   0.0108188  8.40115e-09
   0.0109411  8.73851e-09
   0.0110648  9.08921e-09
   0.0111899  9.45413e-09
   0.0113165  9.83363e-09
   0.0114444  1.02287e-08
   0.0115738  1.06388e-08
   0.0117047  1.10655e-08
    0.011837  1.15099e-08
   0.0119709  1.19722e-08
   0.0121062  1.24524e-08
   0.0122431   1.2952e-08
   0.0123815   1.3472e-08
   0.0125215  1.40127e-08
   0.0126631  1.45745e-08
   0.0128062  1.51597e-08
    0.012951  1.57679e-08
   0.0130975  1.64014e-08
   0.0132456  1.70593e-08
   0.0133953  1.77442e-08
   0.0135468  1.84568e-08
   0.0136999  1.91968e-08
   0.0138548  1.99671e-08
   0.0140115  2.07687e-08
   0.0141699  2.16024e-08
   0.0143301  2.24692e-08
   0.0144921   2.3371e-08
    0.014656   2.4309e-08
   0.0148217  2.52849e-08
   0.0149893  2.62998e-08
   0.0151588  2.73555e-08
   0.0153302  2.84532e-08
   0.0155035   2.9595e-08
   0.0156788  3.07829e-08
   0.0158561  3.20189e-08
   0.0160353  3.33032e-08
   0.0162166  3.46397e-08
      0.0164  3.60302e-08
   0.0165854  3.74759e-08
   0.0167729  3.89806e-08
   0.0169626  4.05452e-08
   0.0171544  4.21722e-08
   0.0173483  4.38645e-08
   0.0175445   4.5626e-08
   0.0177429  4.74574e-08
   0.0179435  4.93617e-08
   0.0181463  5.13421e-08
   0.0183515  5.34028e-08
    0.018559  5.55467e-08
   0.0187688  5.77752e-08
   0.0189811  6.00954e-08
   0.0191957  6.25073e-08
   0.0194127  6.50152e-08
   0.0196322   6.7625e-08
   0.0198542  7.03396e-08
   0.0200786  7.31617e-08
   0.0203057  7.60986e-08
   0.0205353  7.91532e-08
   0.0207674  8.23291e-08
   0.0210022   8.5633e-08
   0.0212397  8.90705e-08
   0.0214799  9.26463e-08
   0.0217227  9.63639e-08
   0.0219683  1.00231e-07
   0.0222167  1.04254e-07
   0.0224679  1.08438e-07
   0.0227219   1.1279e-07
   0.0229788  1.17317e-07
   0.0232387  1.22027e-07
   0.0235014  1.26924e-07
   0.0237671  1.32017e-07
   0.0240358  1.37316e-07
   0.0243076  1.42827e-07
   0.0245824  1.48559e-07
   0.0248604  1.54523e-07
   0.0251415  1.60725e-07
   0.0254257  1.67174e-07
   0.0257132  1.73884e-07
   0.0260039  1.80862e-07
   0.0262979  1.88121e-07
   0.0265953  1.95673e-07
    0.026896  2.03527e-07
   0.0272001  2.11695e-07
   0.0275076   2.2019e-07
   0.0278186  2.29027e-07
   0.0281332  2.38221e-07
   0.0284513  2.47783e-07
   0.0287729  2.57725e-07
   0.0290983  2.68071e-07
   0.0294273   2.7883e-07
     0.02976   2.9002e-07
   0.0300965  3.01661e-07
   0.0304368  3.13768e-07
   0.0307809   3.2636e-07
   0.0311289  3.39458e-07
   0.0314809  3.53084e-07
   0.0318368  3.67253e-07
   0.0321968  3.81994e-07
   0.0325608  3.97324e-07
    0.032929  4.13273e-07
   0.0333013  4.29859e-07
   0.0336778  4.47111e-07
   0.0340586  4.65057e-07
   0.0344437  4.83723e-07
   0.0348331  5.03135e-07
   0.0352269  5.23326e-07
   0.0356252   5.4433e-07
    0.036028  5.66177e-07
   0.0364354  5.88903e-07
   0.0368473  6.12535e-07
    0.037264  6.37125e-07
   0.0376853  6.62694e-07
   0.0381114  6.89292e-07
   0.0385423  7.16956e-07
   0.0389781  7.45733e-07
   0.0394188  7.75662e-07
   0.0398645  8.06794e-07
   0.0403152  8.39173e-07
    0.040771  8.72851e-07
    0.041232  9.07884e-07
   0.0416982  9.44323e-07
   0.0421697  9.82226e-07
   0.0426464  1.02164e-06
   0.0431286  1.06264e-06
   0.0436163   1.1053e-06
   0.0441094  1.14966e-06
   0.0446081   1.1958e-06
   0.0451125  1.24379e-06
   0.0456226  1.29372e-06
   0.0461384  1.34564e-06
   0.0466601  1.39965e-06
   0.0471876  1.45581e-06
   0.0477212  1.51425e-06
   0.0482607  1.57502e-06
   0.0488064  1.63824e-06
   0.0493582  1.70398e-06
   0.0499163  1.77237e-06
   0.0504807  1.84351e-06
   0.0510514  1.91749e-06
   0.0516286  1.99445e-06
   0.0522124   2.0745e-06
   0.0528027  2.15776e-06
   0.0533997  2.24436e-06
   0.0540035  2.33444e-06
   0.0546141  2.42813e-06
   0.0552316  2.52558e-06
   0.0558561  2.62695e-06
   0.0564876  2.73238e-06
   0.0571263  2.84204e-06
   0.0577722  2.95611e-06
   0.0584254  3.07475e-06
    0.059086  3.19816e-06
    0.059754   3.3265e-06
   0.0604296  3.46001e-06
   0.0611129  3.59888e-06
   0.0618039  3.74333e-06
   0.0625027  3.89357e-06
   0.0632093  4.04982e-06
    0.063924  4.21236e-06
   0.0646468  4.38143e-06
   0.0653777  4.55727e-06
   0.0661169  4.74017e-06
   0.0668645  4.93043e-06
   0.0676205  5.12831e-06
    0.068385  5.33412e-06
   0.0691582   5.5482e-06
   0.0699402  5.77089e-06
   0.0707309  6.00248e-06
   0.0715307   6.2434e-06
   0.0723394  6.49396e-06
   0.0731573  6.75459e-06
   0.0739845  7.02569e-06
    0.074821  7.30766e-06
    0.075667  7.60096e-06
   0.0765225  7.90601e-06
   0.0773877  8.22331e-06
   0.0782627  8.55335e-06
   0.0791476  8.89664e-06
   0.0800424  9.25366e-06
   0.0809474  9.62505e-06
   0.0818627  1.00114e-05
   0.0827883  1.04132e-05
   0.0837243  1.08311e-05
   0.0846709  1.12657e-05
   0.0856283  1.17179e-05
   0.0865964  1.21882e-05
   0.0875755  1.26773e-05
   0.0885657  1.31861e-05
   0.0895671  1.37154e-05
   0.0905798  1.42658e-05
   0.0916039  1.48383e-05
   0.0926396  1.54338e-05
   0.0936871  1.60533e-05
   0.0947464  1.66976e-05
   0.0958176  1.73677e-05
    0.096901  1.80647e-05
   0.0979966  1.87897e-05
   0.0991046  1.95438e-05
    0.100225  2.03281e-05
    0.101358  2.11438e-05
    0.102504  2.19923e-05
    0.103663   2.2875e-05
    0.104835   2.3793e-05
    0.106021  2.47484e-05
    0.107219   2.5741e-05
    0.108432  2.67747e-05
    0.109658  2.78493e-05
    0.110898  2.89671e-05
    0.112151  3.01288e-05
    0.113419  3.13379e-05
    0.114702  3.25962e-05
    0.115999  3.39045e-05
     0.11731  3.52646e-05
    0.118637  3.66806e-05
    0.119978  3.81523e-05
    0.121335  3.96839e-05
    0.122706  4.12755e-05
    0.124094  4.29328e-05
    0.125497  4.46557e-05
    0.126916  4.64479e-05
    0.128351  4.83119e-05
    0.129802  5.02505e-05
     0.13127  5.22677e-05
    0.132754   5.4365e-05
    0.134255  5.65468e-05
    0.135773  5.88162e-05
    0.137308  6.11764e-05
     0.13886  6.36308e-05
     0.14043  6.61843e-05
    0.142018  6.88408e-05
    0.143624  7.16039e-05
    0.145248  7.44777e-05
     0.14689  7.74661e-05
    0.148551  8.05752e-05
     0.15023  8.38076e-05
    0.151929  8.71718e-05
    0.153647  9.06705e-05
    0.155384  9.43087e-05
    0.157141  9.80937e-05
    0.158918  0.000102031
    0.160714  0.000106124
    0.162531  0.000110382
    0.164369  0.000114812
    0.166228  0.000119421
    0.168107  0.000124212
    0.170008  0.000129198
     0.17193  0.000134382
    0.173874  0.000139775
     0.17584  0.000145384
    0.177828  0.000151218
    0.179839  0.000157287
    0.181872  0.000163598
    0.183928  0.000170162
    0.186008  0.000176992
    0.188111  0.000184094
    0.190238  0.000191482
    0.192389  0.000199166
    0.194564  0.000207157
    0.196764   0.00021547
    0.198989  0.000224118
    0.201238  0.000233107
    0.203514  0.000242464
    0.205815  0.000252194
    0.208142  0.000262313
    0.210495  0.000272837
    0.212875  0.000283785
    0.215282  0.000295173
    0.217716  0.000307017
    0.220178  0.000319338
    0.222667   0.00033215
    0.225185   0.00034548
    0.227731  0.000359342
    0.230306  0.000373761
     0.23291  0.000388759
    0.235543  0.000404355
    0.238206  0.000420579
      0.2409  0.000437459
    0.243623  0.000455006
    0.246378  0.000473266
    0.249163   0.00049225
    0.251981  0.000512007
     0.25483   0.00053255
    0.257711  0.000553916
    0.260625  0.000576141
    0.263571  0.000599251
    0.266552  0.000623302
    0.269565  0.000648303
    0.272613  0.000674315
    0.275696  0.000701375
    0.278813  0.000729513
    0.281965  0.000758778
    0.285153  0.000789219
    0.288377  0.000820881
    0.291638  0.000853819
    0.294935  0.000888069
     0.29827    0.0009237
    0.301642  0.000960752
    0.305053  0.000999301
    0.308502   0.00103939
     0.31199   0.00108108
    0.315517   0.00112445
    0.319085   0.00116956
    0.322693   0.00121648
    0.326341   0.00126528
    0.330031   0.00131604
    0.333762   0.00136882
    0.337536   0.00142373
    0.341353   0.00148085
    0.345212   0.00154024
    0.349115   0.00160202
    0.353062   0.00166628
    0.357054   0.00173312
    0.361091   0.00180263
    0.365174   0.00187494
    0.369303   0.00195015
    0.373479   0.00202837
    0.377701   0.00210971
    0.381972   0.00219434
    0.386291   0.00228235
    0.390658   0.00237387
    0.395075   0.00246908
    0.399542    0.0025681
    0.404059   0.00267109
    0.408628   0.00277822
    0.413248   0.00288963
    0.417921   0.00300552
    0.422646   0.00312604
    0.427424   0.00325138
    0.432257   0.00338177
    0.437144   0.00351736
    0.442087   0.00365841
    0.447086   0.00380512
    0.452141   0.00395769
    0.457253   0.00411637
    0.462423   0.00428142
    0.467651   0.00445306
    0.472939   0.00463162
    0.478286   0.00481729
    0.483694   0.00501043
    0.489162   0.00521126
    0.494693   0.00542019
    0.500286   0.00563746
    0.505943   0.00586347
    0.511663   0.00609849
    0.517449   0.00634298
    0.523299    0.0065972
    0.529216   0.00686164
    0.535199   0.00713663
    0.541251    0.0074227
     0.54737   0.00772015
    0.553559   0.00802956
    0.559818   0.00835136
    0.566148   0.00868605
    0.572549   0.00903411
    0.579022   0.00939609
    0.585569   0.00977261
     0.59219    0.0101642
    0.598885    0.0105714
    0.605657     0.010995
    0.612505    0.0114355
     0.61943    0.0118936
    0.626434    0.0123701
    0.633516    0.0128656
    0.640679    0.0133809
    0.647923    0.0139169
    0.655249    0.0144744
    0.662657     0.015054
     0.67015     0.015657
    0.677727     0.016284
     0.68539    0.0169361
    0.693139    0.0176143
    0.700976    0.0183196
    0.708902    0.0190531
    0.716917    0.0198159
    0.725023    0.0206093
     0.73322    0.0214343
     0.74151    0.0222923
    0.749894    0.0231846
    0.758373    0.0241126
    0.766947    0.0250776
    0.775619    0.0260813
    0.784389    0.0271251
    0.793257    0.0282104
    0.802226    0.0293391
    0.811297    0.0305131
     0.82047    0.0317338
    0.829746    0.0330032
    0.839128    0.0343234
    0.848615    0.0356962
     0.85821    0.0371238
    0.867914    0.0386086
    0.877727    0.0401524
    0.887651    0.0417579
    0.897687    0.0434274
    0.907837    0.0451636
    0.918101    0.0469689
    0.928482    0.0488463
     0.93898    0.0507986
    0.949596    0.0528285
    0.960333    0.0549396
    0.971191    0.0571347
    0.982172    0.0594173
    0.993277    0.0617909
     1.00451    0.0642595
     1.01586    0.0668242
     1.02735    0.0694937
     1.03897    0.0722695
     1.05071     0.075153
     1.06259    0.0781531
     1.07461    0.0812741
     1.08676    0.0845177
     1.09905     0.087891
     1.11147    0.0913959
     1.12404     0.095043
     1.13675    0.0988344
      1.1496     0.102775
      1.1626     0.106874
     1.17574     0.111134
     1.18904     0.115566
     1.20248     0.120171
     1.21608     0.124962
     1.22983     0.129941
     1.24373     0.135116
     1.25779     0.140497
     1.27201     0.146092
      1.2864     0.151913
     1.30094     0.157958
     1.31565     0.164246
     1.33053     0.170785
     1.34557     0.177578
     1.36078     0.184641
     1.37617     0.191986
     1.39173     0.199621
     1.40746     0.207554
     1.42338     0.215807
     1.43947     0.224381
     1.45575     0.233298
     1.47221     0.242565
     1.48885     0.252194
     1.50569     0.262211
     1.52271     0.272615
     1.53993     0.283435
     1.55734     0.294678
     1.57495     0.306367
     1.59275     0.318509
     1.61076     0.331135
     1.62897     0.344255
     1.64739     0.357894
     1.66602     0.372071
     1.68485     0.386796
      1.7039     0.402105
     1.72317     0.418018
     1.74265     0.434549
     1.76236     0.451737
     1.78228     0.469587
     1.80243      0.48814
     1.82281     0.507421
     1.84342     0.527455
     1.86427      0.54828
     1.88534     0.569903
     1.90666     0.592382
     1.92822     0.615737
     1.95002     0.639998
     1.97207     0.665208
     1.99437     0.691402
     2.01691     0.718599
     2.03972     0.746873
     2.06278     0.776235
      2.0861     0.806736
     2.10969     0.838428
     2.13354      0.87134
     2.15767     0.905541
     2.18206     0.941047
     2.20673     0.977931
     2.23168      1.01624
     2.25692      1.05604
     2.28244      1.09737
     2.30824      1.14028
     2.33434      1.18485
     2.36073      1.23113
     2.38742      1.27918
     2.41442       1.3291
     2.44172      1.38091
     2.46932       1.4347
     2.49724      1.49055
     2.52548      1.54855
     2.55403      1.60874
     2.58291      1.67125
     2.61211      1.73611
     2.64165      1.80346
     2.67152      1.87336
     2.70172      1.94589
     2.73227      2.02119
     2.76316      2.09932
      2.7944      2.18039
       2.826      2.26455
     2.85795      2.35185
     2.89026      2.44242
     2.92294      2.53641
     2.95599      2.63392
     2.98941      2.73506
     3.02321      2.83998
      3.0574      2.94884
     3.09196      3.06168
     3.12692      3.17875
     3.16228      3.30017
     3.19803      3.42605
     3.23419      3.55659
     3.27076      3.69194
     3.30774      3.83225
     3.34514      3.97771
     3.38296      4.12847
     3.42121      4.28475
     3.45989       4.4467
     3.49901      4.61455
     3.53857      4.78847
     3.57858      4.96868
     3.61904      5.15537
     3.65996      5.34878
     3.70134       5.5491
     3.74319      5.75659
     3.78552      5.97151
     3.82832      6.19401
      3.8716      6.42436
     3.91538       6.6629
     3.95964      6.90974
     4.00441      7.16529
     4.04969      7.42977
     4.09548      7.70344
     4.14178      7.98655
     4.18861      8.27947
     4.23597      8.58246
     4.28387      8.89586
      4.3323      9.21986
     4.38129      9.55494
     4.43082      9.90124
     4.48092      10.2593
     4.53158      10.6292
     4.58282      11.0115
     4.63464      11.4065
     4.68704      11.8145
     4.74003      12.2358
     4.79363      12.6709
     4.84782      13.1199
     4.90264      13.5836
     4.95807       14.062
     5.01413      14.5556
     5.07082      15.0648
     5.12815      15.5899
     5.18613      16.1314
     5.24477      16.6896
     5.30407      17.2649
     5.36404      17.8577
     5.42469      18.4684
     5.48603      19.0973
     5.54805      19.7447
     5.61078      20.4111
     5.67422      21.0969
     5.73838      21.8025
     5.80326       22.528
     5.86887      23.2738
     5.93523      24.0404
     6.00234      24.8281
      6.0702       25.637
     6.13883      26.4675
     6.20824      27.3199
     6.27844      28.1945
     6.34942      29.0913
     6.42121      30.0107
     6.49382      30.9529
     6.56724      31.9178
     6.64149      32.9057
     6.71658      33.9166
     6.79253      34.9508
     6.86932      36.0077
     6.94699      37.0878
     7.02554      38.1909
     7.10497      39.3166
     7.18531       40.465
     7.26655      41.6356
     7.34871      42.8281
      7.4318      44.0423
     7.51582      45.2773
      7.6008      46.5331
     7.68674      47.8088
     7.77365      49.1036
     7.86154      50.4167
     7.95043      51.7474
     8.04032      53.0945
     8.13123       54.457
     8.22317      55.8336
     8.31614      57.2229
     8.41017      58.6235
     8.50526      60.0337
     8.60142      61.4518
     8.69868      62.8761
     8.79703      64.3042
     8.89649      65.7341
     8.99708      67.1634
     9.09881      68.5897
     9.20168        70.01
     9.30572      71.4217
     9.41094      72.8218
     9.51734      74.2066
     9.62495      75.5731
     9.73377      76.9175
     9.84383       78.236
     9.95513      79.5244
     10.0677      80.7787
     10.1815      81.9937
     10.2966      83.1656
     10.4131        84.29
     10.5308      85.3598
     10.6499      86.3715
     10.7703      87.3186
      10.892      88.1952
     11.0152      88.9966
     11.1397      89.7155
     11.2657      90.3464
     11.3931      90.8823
     11.5219      91.3164
     11.6522      91.6424
     11.7839      91.8531
     11.9171      91.9415
     12.0519      91.9006
     12.1881      91.7232
     12.3259      91.4019
     12.4653      90.9295
     12.6063      90.2987
     12.7488      89.5029
     12.8929      88.5349
     13.0387       87.387
     13.1861      86.0535
     13.3352      84.5272
      13.486       82.802
     13.6385      80.8723
     13.7927       78.733
     13.9486      76.3796
     14.1063      73.8064
     14.2658      71.0099
     14.4271      67.9875
     14.5902      64.7372
     14.7552      61.2559
      14.922      57.5459
     15.0908      53.6035
     15.2614      49.4355
     15.4339      45.0432
     15.6084      40.4287
     15.7849      35.5981
     15.9634      30.5588
     16.1439      25.3202
     16.3264      19.8933
      16.511      14.2878
     16.6977      8.51805
     16.8865      2.60056
     17.0774     -3.44632
     17.2705     -9.60541
     17.4658     -15.8543
     17.6632     -22.1654
     17.8629     -28.5184
     18.0649     -34.8849
     18.2692      -41.234
     18.4757       -47.53
     18.6846     -53.7446
     18.8959     -59.8412
     19.1095     -65.7789
     19.3256     -71.5236
     19.5441     -77.0315
     19.7651     -82.2629
     19.9885     -87.1726
     20.2145     -91.7214
     20.4431     -95.8649
     20.6742     -99.5574
      20.908     -102.759
     21.1444     -105.425
     21.3835     -107.515
     21.6252     -108.991
     21.8697     -109.815
      22.117     -109.955
     22.3671     -109.379
       22.62     -108.061
     22.8757      -105.98
     23.1344     -103.119
     23.3959     -99.4696
     23.6605     -95.0251
      23.928     -89.7926
     24.1985     -83.7827
     24.4721     -77.0139
     24.7488     -69.5155
     25.0287     -61.3234
     25.3116     -52.4923
     25.5978     -43.0715
     25.8873     -33.1291
     26.1799     -22.7506
      26.476     -12.0101
     26.7753      -1.0162
      27.078      10.1316
     27.3842      21.3218
     27.6938      32.4284
     28.0069      43.3263
     28.3236      53.8851
     28.6438      63.9644
     28.9677      73.4315
     29.2952      82.1448
     29.6265      89.9732
     29.9614      96.7807
     30.3002      102.449
     30.6428      106.861
     30.9892      109.916
     31.3396      111.527
      31.694      111.625
     32.0523      110.161
     32.4147      107.106
     32.7812       102.46
     33.1519      96.2465
     33.5267      88.5199
     33.9058      79.3598
     34.2891      68.8816
     34.6768       57.223
     35.0689      44.5562
     35.4654      31.0815
     35.8664      17.0216
     36.2719      2.62521
      36.682     -11.8435
     37.0968      -26.106
     37.5162      -39.868
     37.9404     -52.8423
     38.3693     -64.7362
     38.8032     -75.2788
     39.2419      -84.205
     39.6856     -91.2853
     40.1343     -96.3199
     40.5881     -99.1515
      41.047     -99.6699
     41.5111     -97.8199
     41.9804     -93.6053
     42.4551     -87.0906
     42.9351     -78.4085
     43.4205     -67.7545
     43.9115     -55.3836
      44.408     -41.6173
     44.9101     -26.8251
     45.4178     -11.4232
     45.9314      4.14777
     46.4507      19.4114
     46.9759      33.8972
      47.507      47.1385
     48.0442      58.6994
     48.5874      68.1809
     49.1367      75.2485
     49.6923      79.6432
     50.2541      81.1922
     50.8223      79.8247
      51.397      75.5762
     51.9781      68.5966
     52.5658      59.1442
     53.1601      47.5854
     53.7612       34.378
      54.369       20.066
     54.9838      5.24366
     55.6054     -9.44747
     56.2341     -23.3702
     56.8699     -35.9024
     57.5129     -46.4765
     58.1632     -54.6072
     58.8208     -59.9181
     59.4859     -62.1679
     60.1585     -61.2644
     60.8387     -57.2779
     61.5265     -50.4435
     62.2222     -41.1479
     62.9257     -29.9242
     63.6372     -17.4152
     64.3567     -4.34822
     65.0843      8.51287
     65.8202      20.4095
     66.5644      30.6333
      67.317      38.5782
     68.0782      43.7792
     68.8479       45.946
     69.6263       44.991
     70.4136      41.0373
     71.2097      34.4181
     72.0148      25.6547
     72.8291      15.4234
     73.6525      4.51265
     74.4853     -6.24367
     75.3274     -16.0206
     76.1791     -24.0778
     77.0404     -29.8134
     77.9115     -32.8216
     78.7924     -32.9275
     79.6833     -30.2075
     80.5842     -24.9859
     81.4953     -17.8075
     82.4168     -9.38989
     83.3486    -0.560752
      84.291      7.82654
      85.244      14.9714
     86.2079      20.2117
     87.1826      23.0876
     88.1683      23.3958
     89.1652      21.2088
     90.1733      16.8688
     91.1929       10.948
      92.224      4.18514
     93.2667     -2.60261
     94.3212     -8.61798
     95.3877     -13.1786
     96.4662     -15.8029
     97.5569     -16.2671
     98.6599     -14.6318
     99.7754     -11.2292
     100.904     -6.61229
     102.044     -1.48591
     103.198      3.42188
     104.365      7.43755
     105.545      10.0461
     106.738      10.9713
     107.945      10.2014
     109.166      7.98025
       110.4      4.76489
     111.648      1.13401
     112.911     -2.30858
     114.187     -5.02615
     115.478     -6.65227
     116.784      -7.0218
     118.104     -6.19834
      119.44     -4.43827
      120.79     -2.13639
     122.156     0.264113
     123.537      2.34427
     124.934       3.7853
     126.346      4.41308
     127.775      4.20683
      129.22      3.28688
     130.681      1.88033
     132.158     0.268359
     133.652     -1.25445
     135.163     -2.42922
     136.692     -3.06414
     138.237     -3.06009
       139.8      -2.4298
     141.381     -1.30197
     142.979    0.0866269
     144.596      1.42783
     146.231      2.39567
     147.884      2.72928
     149.556      2.31385
     151.247      1.23829
     152.957      -0.1986
     154.687     -1.55512
     156.436     -2.37624
     158.204     -2.35973
     159.993     -1.48776
     161.802   -0.0709914
     163.632      1.33908
     165.482      2.15381
     167.353      2.00466
     169.245     0.933948
     171.158    -0.577712
     173.094      -1.7973
     175.051     -2.07635
      177.03     -1.20353
     179.032     0.420571
     181.056      1.92879
     183.103      2.40766
     185.173      1.42963
     187.267    -0.609007
     189.384      -2.5837
     191.525     -3.21543
     193.691     -1.85373
     195.881     0.973229
     198.096      3.66769
     200.335      4.40548
     202.601      2.32322
     204.891     -1.68434
     207.208      -5.2207
     209.551     -5.74367
      211.92     -2.35323
     214.316      3.21715
     216.739      7.32468
      219.19      6.72722
     221.668      1.10624
     224.174     -6.10611
     226.709     -9.64949
     229.272     -6.21978
     231.865      2.50923
     234.486      10.2966
     237.137      10.6649
     239.819      2.27986
      242.53     -8.95303
     245.272     -13.7611
     248.045     -7.10493
      250.85      6.54118
     253.686      15.6583
     256.555      11.2665
     259.455     -4.10573
     262.389     -17.0083
     265.356     -14.5377
     268.356      2.57785
      271.39      18.5959
     274.458      16.8333
     277.562     -2.76634
       280.7      -21.021
     283.874     -17.8122
     287.083       5.4642
     290.329      24.3598
     293.612      16.5352
     296.931     -11.3536
     300.289     -27.6589
     303.684     -11.2734
     307.118      20.3392
      310.59      28.2735
     314.102    0.0995169
     317.653     -30.0828
     321.245     -21.7411
     324.877      16.9642
      328.55      34.3923
     332.265      3.90173
     336.022     -34.1006
     339.821     -23.9284
     343.663      22.8863
     347.549      37.2456
     351.478      -5.8245
     355.452     -41.9822
     359.471      -11.979
     363.536      39.3955
     367.646      27.2293
     371.803     -32.2298
     376.006     -38.2942
     380.258      23.3543
     384.557      45.6707
     388.905     -15.0269
     393.302     -50.2897
     397.749      8.76936
     402.246      53.3184
     406.794     -5.52074
     411.394     -55.6062
     416.045      5.94021
     420.749      57.4814
     425.507      -10.562
     430.318     -58.3033
     435.183      19.6873
     440.103      56.5097
     445.079      -33.063
     450.112     -49.4685
     455.201       48.991
     460.348      34.1045
     465.553     -63.2417
     470.816     -8.43617
      476.14      68.5798
     481.523     -25.5748
     486.968     -56.2063
     492.473      58.5685
     498.042      20.9617
     503.673     -73.3235
     509.368      29.9903
     515.127      52.0951
     520.951     -70.9424
     526.841      5.58017
     532.798      66.6981
     538.822     -65.7054
     544.914     -5.17018
     551.075      70.9532
     557.306     -67.2741
     563.607     0.476146
      569.98       66.544
     576.424     -76.3017
     582.942      23.8186
     589.533      46.6515
     596.198      -82.085
     602.939      60.0145
     609.756      1.05976
      616.65      -60.397
     623.623      83.5782
     630.674     -61.0118
     637.804      8.21502
     645.016      46.9238
     652.309     -80.0517
     659.684      80.1303
     667.143     -50.9304
     674.686      5.95069
     682.314      38.8477
     690.029     -70.9412
     697.831      84.1857
     705.721     -78.6346
       713.7      58.6569
     721.769     -30.4912
      729.93     0.219459
     738.183      27.5694
     746.529      -50.134
      754.97      66.4412
     763.506     -76.7879
     772.139      82.2049
     780.869     -84.0687
     789.698      83.7479
     798.627     -82.4376
     807.656      81.0518
     816.788     -80.2277
     826.023      80.2846
     835.363       -81.26
     844.808      82.8657
     854.359     -84.4903
     864.019      85.1593
     873.788     -83.5113
     883.668      77.8812
     893.659     -66.5308
     903.763      48.0336
     913.982     -21.9437
     924.316      -10.272
     934.766      44.5482
     945.335       -73.89
     956.024      89.1886
     966.833     -81.8973
     977.765       48.383
      988.82      5.24884
        1000     -60.9231
