        0.01  9.75491e-05
   0.0101131  9.92087e-05
   0.0102274  0.000100895
    0.010343  0.000102611
     0.01046  0.000104357
   0.0105783  0.000106132
   0.0106979  0.000107937
   0.0108188  0.000109772
   0.0109411  0.000111639
   0.0110648  0.000113537
   0.0111899  0.000115468
   0.0113165  0.000117433
   0.0114444   0.00011943
   0.0115738  0.000121461
   0.0117047  0.000123527
    0.011837  0.000125628
   0.0119709  0.000127765
   0.0121062  0.000129938
   0.0122431  0.000132148
   0.0123815  0.000134395
   0.0125215  0.000136681
   0.0126631  0.000139006
   0.0128062  0.000141369
    0.012951  0.000143773
   0.0130975   0.00014622
   0.0132456  0.000148707
   0.0133953  0.000151235
   0.0135468  0.000153808
   0.0136999  0.000156422
   0.0138548  0.000159083
   0.0140115  0.000161789
   0.0141699  0.000164541
   0.0143301  0.000167339
   0.0144921  0.000170184
    0.014656   0.00017308
   0.0148217  0.000176023
   0.0149893  0.000179017
   0.0151588  0.000182062
   0.0153302  0.000185159
   0.0155035  0.000188307
   0.0156788   0.00019151
   0.0158561  0.000194768
   0.0160353  0.000198079
   0.0162166  0.000201448
      0.0164  0.000204875
   0.0165854  0.000208359
   0.0167729  0.000211902
   0.0169626  0.000215507
   0.0171544  0.000219173
   0.0173483  0.000222899
   0.0175445  0.000226691
   0.0177429  0.000230547
   0.0179435  0.000234468
   0.0181463  0.000238454
   0.0183515   0.00024251
    0.018559  0.000246635
   0.0187688  0.000250829
   0.0189811  0.000255097
   0.0191957  0.000259435
   0.0194127  0.000263847
   0.0196322  0.000268334
   0.0198542  0.000272899
   0.0200786  0.000277538
   0.0203057   0.00028226
   0.0205353  0.000287061
   0.0207674  0.000291941
   0.0210022  0.000296907
   0.0212397  0.000301957
   0.0214799  0.000307094
   0.0217227  0.000312315
   0.0219683  0.000317627
   0.0222167  0.000323029
   0.0224679  0.000328523
   0.0227219   0.00033411
   0.0229788  0.000339792
   0.0232387  0.000345573
   0.0235014   0.00035145
   0.0237671  0.000357426
   0.0240358  0.000363505
   0.0243076  0.000369688
   0.0245824  0.000375975
   0.0248604  0.000382371
   0.0251415  0.000388874
   0.0254257  0.000395486
   0.0257132  0.000402213
   0.0260039  0.000409053
   0.0262979   0.00041601
   0.0265953  0.000423087
    0.026896  0.000430282
   0.0272001  0.000437601
   0.0275076  0.000445042
   0.0278186  0.000452611
   0.0281332   0.00046031
   0.0284513  0.000468139
   0.0287729  0.000476099
   0.0290983  0.000484198
   0.0294273  0.000492433
     0.02976  0.000500808
   0.0300965  0.000509326
   0.0304368  0.000517989
   0.0307809  0.000526798
   0.0311289  0.000535756
   0.0314809  0.000544869
   0.0318368  0.000554135
   0.0321968  0.000563561
   0.0325608  0.000573145
    0.032929  0.000582894
   0.0333013  0.000592807
   0.0336778  0.000602889
   0.0340586  0.000613143
   0.0344437  0.000623571
   0.0348331  0.000634176
   0.0352269   0.00064496
   0.0356252   0.00065593
    0.036028  0.000667085
   0.0364354  0.000678432
   0.0368473  0.000689969
    0.037264  0.000701706
   0.0376853   0.00071364
   0.0381114  0.000725777
   0.0385423  0.000738121
   0.0389781  0.000750675
   0.0394188  0.000763442
   0.0398645  0.000776426
   0.0403152   0.00078963
    0.040771  0.000803059
    0.041232  0.000816718
   0.0416982  0.000830609
   0.0421697  0.000844736
   0.0426464    0.0008591
   0.0431286  0.000873712
   0.0436163  0.000888574
   0.0441094  0.000903685
   0.0446081  0.000919053
   0.0451125  0.000934685
   0.0456226  0.000950583
   0.0461384  0.000966749
   0.0466601  0.000983192
   0.0471876  0.000999911
   0.0477212   0.00101692
   0.0482607   0.00103421
   0.0488064    0.0010518
   0.0493582   0.00106969
   0.0499163   0.00108788
   0.0504807   0.00110639
   0.0510514    0.0011252
   0.0516286   0.00114434
   0.0522124    0.0011638
   0.0528027   0.00118359
   0.0533997   0.00120372
   0.0540035    0.0012242
   0.0546141   0.00124502
   0.0552316   0.00126619
   0.0558561   0.00128773
   0.0564876   0.00130963
   0.0571263    0.0013319
   0.0577722   0.00135455
   0.0584254   0.00137759
    0.059086   0.00140102
    0.059754   0.00142485
   0.0604296   0.00144908
   0.0611129   0.00147373
   0.0618039   0.00149879
   0.0625027   0.00152428
   0.0632093    0.0015502
    0.063924   0.00157657
   0.0646468   0.00160338
   0.0653777   0.00163065
   0.0661169   0.00165838
   0.0668645   0.00168659
   0.0676205   0.00171527
    0.068385   0.00174444
   0.0691582   0.00177411
   0.0699402   0.00180429
   0.0707309   0.00183497
   0.0715307   0.00186618
   0.0723394   0.00189792
   0.0731573   0.00193019
   0.0739845   0.00196302
    0.074821   0.00199641
    0.075667   0.00203036
   0.0765225   0.00206489
   0.0773877   0.00210001
   0.0782627   0.00213573
   0.0791476   0.00217205
   0.0800424   0.00220899
   0.0809474   0.00224655
   0.0818627   0.00228476
   0.0827883   0.00232362
   0.0837243   0.00236314
   0.0846709   0.00240333
   0.0856283    0.0024442
   0.0865964   0.00248577
   0.0875755   0.00252804
   0.0885657   0.00257104
   0.0895671   0.00261477
   0.0905798   0.00265924
   0.0916039   0.00270446
   0.0926396   0.00275045
   0.0936871   0.00279723
   0.0947464   0.00284481
   0.0958176   0.00289319
    0.096901   0.00294239
   0.0979966   0.00299243
   0.0991046   0.00304332
    0.100225   0.00309507
    0.101358    0.0031477
    0.102504   0.00320123
    0.103663   0.00325568
    0.104835   0.00331104
    0.106021   0.00336739
    0.107219   0.00342462
    0.108432   0.00348289
    0.109658   0.00354213
    0.110898   0.00360237
    0.112151    0.0036636
    0.113419    0.0037259
    0.114702   0.00378929
    0.115999   0.00385374
     0.11731   0.00391925
    0.118637   0.00398594
    0.119978   0.00405371
    0.121335   0.00412267
    0.122706   0.00419274
    0.124094   0.00426407
    0.125497   0.00433658
    0.126916   0.00441034
    0.128351   0.00448534
    0.129802   0.00456161
     0.13127    0.0046392
    0.132754   0.00471809
    0.134255   0.00479832
    0.135773   0.00487993
    0.137308   0.00496291
     0.13886   0.00504728
     0.14043   0.00513312
    0.142018   0.00522042
    0.143624   0.00530921
    0.145248   0.00539951
     0.14689   0.00549132
    0.148551   0.00558471
     0.15023   0.00567965
    0.151929   0.00577626
    0.153647    0.0058745
    0.155384   0.00597439
    0.157141   0.00607599
    0.158918   0.00617934
    0.160714   0.00628437
    0.162531   0.00639123
    0.164369   0.00649994
    0.166228    0.0066105
    0.168107   0.00672289
    0.170008   0.00683723
     0.17193   0.00695349
    0.173874   0.00707174
     0.17584     0.007192
    0.177828   0.00731429
    0.179839   0.00743869
    0.181872   0.00756516
    0.183928   0.00769378
    0.186008   0.00782464
    0.188111   0.00795769
    0.190238   0.00809301
    0.192389   0.00823064
    0.194564   0.00837058
    0.196764   0.00851292
    0.198989    0.0086577
    0.201238   0.00880486
    0.203514   0.00895462
    0.205815   0.00910688
    0.208142   0.00926173
    0.210495    0.0094192
    0.212875   0.00957936
    0.215282   0.00974225
    0.217716    0.0099079
    0.220178    0.0100764
    0.222667    0.0102477
    0.225185     0.010422
    0.227731    0.0105992
    0.230306    0.0107794
     0.23291    0.0109627
    0.235543    0.0111491
    0.238206    0.0113386
      0.2409    0.0115315
    0.243623    0.0117275
    0.246378    0.0119269
    0.249163    0.0121296
    0.251981    0.0123359
     0.25483    0.0125457
    0.257711    0.0127589
    0.260625    0.0129759
    0.263571    0.0131964
    0.266552    0.0134209
    0.269565     0.013649
    0.272613     0.013881
    0.275696    0.0141171
    0.278813    0.0143571
    0.281965    0.0146011
    0.285153    0.0148494
    0.288377    0.0151018
    0.291638    0.0153586
    0.294935    0.0156196
     0.29827    0.0158852
    0.301642    0.0161552
    0.305053    0.0164299
    0.308502    0.0167092
     0.31199    0.0169932
    0.315517    0.0172821
    0.319085    0.0175759
    0.322693    0.0178747
    0.326341    0.0181785
    0.330031    0.0184875
    0.333762    0.0188017
    0.337536    0.0191213
    0.341353    0.0194464
    0.345212    0.0197769
    0.349115     0.020113
    0.353062    0.0204549
    0.357054    0.0208025
    0.361091    0.0211561
    0.365174    0.0215157
    0.369303    0.0218814
    0.373479    0.0222533
    0.377701    0.0226315
    0.381972    0.0230162
    0.386291    0.0234073
    0.390658    0.0238051
    0.395075    0.0242096
    0.399542    0.0246211
    0.404059    0.0250394
    0.408628     0.025465
    0.413248    0.0258977
    0.417921    0.0263378
    0.422646    0.0267854
    0.427424    0.0272404
    0.432257    0.0277033
    0.437144     0.028174
    0.442087    0.0286528
    0.447086    0.0291396
    0.452141    0.0296347
    0.457253    0.0301382
    0.462423    0.0306503
    0.467651    0.0311709
    0.472939    0.0317005
    0.478286     0.032239
    0.483694    0.0327867
    0.489162    0.0333436
    0.494693      0.03391
    0.500286     0.034486
    0.505943    0.0350719
    0.511663    0.0356675
    0.517449    0.0362734
    0.523299    0.0368894
    0.529216     0.037516
    0.535199    0.0381531
    0.541251    0.0388011
     0.54737      0.03946
    0.553559    0.0401301
    0.559818    0.0408115
    0.566148    0.0415046
    0.572549    0.0422093
    0.579022    0.0429259
    0.585569    0.0436548
     0.59219     0.044396
    0.598885    0.0451496
    0.605657    0.0459162
    0.612505    0.0466957
     0.61943    0.0474883
    0.626434    0.0482944
    0.633516    0.0491141
    0.640679    0.0499477
    0.647923    0.0507954
    0.655249    0.0516575
    0.662657    0.0525341
     0.67015    0.0534256
    0.677727    0.0543322
     0.68539    0.0552541
    0.693139    0.0561916
    0.700976    0.0571449
    0.708902    0.0581144
    0.716917    0.0591002
    0.725023    0.0601028
     0.73322    0.0611222
     0.74151    0.0621588
    0.749894    0.0632131
    0.758373    0.0642851
    0.766947    0.0653752
    0.775619    0.0664838
    0.784389    0.0676111
    0.793257    0.0687573
    0.802226     0.069923
    0.811297    0.0711083
     0.82047    0.0723137
    0.829746    0.0735392
    0.839128    0.0747856
    0.848615    0.0760529
     0.85821    0.0773417
    0.867914    0.0786522
    0.877727    0.0799847
    0.887651    0.0813397
    0.897687    0.0827175
    0.907837    0.0841186
    0.918101    0.0855432
    0.928482    0.0869919
     0.93898    0.0884649
    0.949596    0.0899626
    0.960333    0.0914857
    0.971191    0.0930343
    0.982172     0.094609
    0.993277    0.0962101
     1.00451    0.0978386
     1.01586    0.0994929
     1.02735     0.101177
     1.03897     0.102889
     1.05071     0.104628
     1.06259     0.106397
     1.07461     0.108197
     1.08676     0.110027
     1.09905     0.111887
     1.11147     0.113777
     1.12404     0.115701
     1.13675     0.117656
      1.1496     0.119643
      1.1626     0.121665
     1.17574     0.123719
     1.18904     0.125809
     1.20248     0.127933
     1.21608     0.130093
     1.22983     0.132289
     1.24373     0.134521
     1.25779      0.13679
     1.27201     0.139098
      1.2864     0.141445
     1.30094      0.14383
     1.31565     0.146255
     1.33053     0.148721
     1.34557     0.151227
     1.36078     0.153775
     1.37617     0.156366
     1.39173        0.159
     1.40746     0.161676
     1.42338     0.164399
     1.43947     0.167166
     1.45575     0.169979
     1.47221     0.172839
     1.48885     0.175745
     1.50569     0.178701
     1.52271     0.181705
     1.53993     0.184759
     1.55734     0.187863
     1.57495     0.191019
     1.59275     0.194225
     1.61076     0.197486
     1.62897     0.200799
     1.64739     0.204168
     1.66602     0.207593
     1.68485     0.211073
      1.7039      0.21461
     1.72317     0.218207
     1.74265     0.221861
     1.76236     0.225577
     1.78228     0.229351
     1.80243     0.233188
     1.82281     0.237088
     1.84342     0.241052
     1.86427     0.245082
     1.88534     0.249174
     1.90666     0.253335
     1.92822     0.257564
     1.95002     0.261861
     1.97207     0.266228
     1.99437     0.270666
     2.01691     0.275174
     2.03972     0.279757
     2.06278     0.284413
      2.0861     0.289144
     2.10969     0.293953
     2.13354     0.298837
     2.15767     0.303802
     2.18206     0.308844
     2.20673     0.313968
     2.23168     0.319174
     2.25692     0.324465
     2.28244      0.32984
     2.30824     0.335298
     2.33434     0.340845
     2.36073     0.346479
     2.38742     0.352202
     2.41442     0.358018
     2.44172     0.363925
     2.46932     0.369923
     2.49724     0.376017
     2.52548     0.382208
     2.55403     0.388494
     2.58291      0.39488
     2.61211     0.401364
     2.64165     0.407951
     2.67152     0.414641
     2.70172     0.421432
     2.73227      0.42833
     2.76316     0.435334
      2.7944     0.442446
       2.826     0.449669
     2.85795     0.457001
     2.89026     0.464444
     2.92294     0.472003
     2.95599     0.479676
     2.98941     0.487466
     3.02321     0.495373
      3.0574     0.503402
     3.09196     0.511547
     3.12692     0.519817
     3.16228     0.528212
     3.19803     0.536729
     3.23419     0.545374
     3.27076     0.554147
     3.30774     0.563049
     3.34514     0.572082
     3.38296     0.581246
     3.42121     0.590544
     3.45989     0.599977
     3.49901     0.609547
     3.53857     0.619254
     3.57858       0.6291
     3.61904     0.639086
     3.65996     0.649215
     3.70134     0.659486
     3.74319     0.669902
     3.78552     0.680465
     3.82832     0.691173
      3.8716     0.702028
     3.91538     0.713035
     3.95964     0.724188
     4.00441     0.735496
     4.04969     0.746957
     4.09548     0.758571
     4.14178     0.770338
     4.18861     0.782262
     4.23597     0.794343
     4.28387     0.806583
      4.3323     0.818978
     4.38129     0.831535
     4.43082     0.844249
     4.48092     0.857126
     4.53158     0.870162
     4.58282     0.883361
     4.63464     0.896723
     4.68704     0.910245
     4.74003     0.923929
     4.79363     0.937779
     4.84782     0.951788
     4.90264     0.965964
     4.95807       0.9803
     5.01413       0.9948
     5.07082      1.00946
     5.12815      1.02428
     5.18613      1.03927
     5.24477      1.05441
     5.30407      1.06972
     5.36404      1.08518
     5.42469       1.1008
     5.48603      1.11658
     5.54805      1.13251
     5.61078       1.1486
     5.67422      1.16483
     5.73838      1.18122
     5.80326      1.19775
     5.86887      1.21443
     5.93523      1.23125
     6.00234      1.24821
      6.0702      1.26531
     6.13883      1.28253
     6.20824      1.29989
     6.27844      1.31738
     6.34942      1.33498
     6.42121       1.3527
     6.49382      1.37054
     6.56724      1.38848
     6.64149      1.40652
     6.71658      1.42466
     6.79253       1.4429
     6.86932      1.46121
     6.94699       1.4796
     7.02554      1.49807
     7.10497      1.51659
     7.18531      1.53517
     7.26655       1.5538
     7.34871      1.57247
      7.4318      1.59116
     7.51582      1.60987
      7.6008      1.62859
     7.68674      1.64731
     7.77365      1.66602
     7.86154       1.6847
     7.95043      1.70335
     8.04032      1.72194
     8.13123      1.74047
     8.22317      1.75893
     8.31614      1.77729
     8.41017      1.79554
     8.50526      1.81367
     8.60142      1.83166
     8.69868       1.8495
     8.79703      1.86716
     8.89649      1.88462
     8.99708      1.90187
     9.09881      1.91889
     9.20168      1.93565
     9.30572      1.95213
     9.41094      1.96832
     9.51734      1.98418
     9.62495       1.9997
     9.73377      2.01484
     9.84383      2.02958
     9.95513       2.0439
     10.0677      2.05777
     10.1815      2.07115
     10.2966      2.08402
     10.4131      2.09636
     10.5308      2.10811
     10.6499      2.11926
     10.7703      2.12976
      10.892      2.13959
     11.0152      2.14872
     11.1397       2.1571
     11.2657      2.16469
     11.3931      2.17147
     11.5219      2.17737
     11.6522      2.18238
     11.7839      2.18645
     11.9171      2.18953
     12.0519      2.19159
     12.1881      2.19257
     12.3259      2.19243
     12.4653      2.19114
     12.6063      2.18863
     12.7488      2.18488
     12.8929      2.17982
     13.0387       2.1734
     13.1861      2.16559
     13.3352      2.15633
      13.486      2.14556
     13.6385      2.13325
     13.7927      2.11934
     13.9486      2.10378
     14.1063      2.08652
     14.2658       2.0675
     14.4271      2.04668
     14.5902        2.024
     14.7552      1.99942
      14.922      1.97289
     15.0908      1.94434
     15.2614      1.91375
     15.4339      1.88108
     15.6084      1.84625
     15.7849      1.80922
     15.9634      1.76997
     16.1439      1.72844
     16.3264      1.68461
      16.511      1.63843
     16.6977      1.58986
     16.8865      1.53889
     17.0774      1.48548
     17.2705      1.42959
     17.4658      1.37121
     17.6632      1.31036
     17.8629      1.24698
     18.0649      1.18106
     18.2692      1.11261
     18.4757      1.04168
     18.6846      0.96821
     18.8959     0.892231
     19.1095     0.813808
     19.3256     0.732908
     19.5441     0.649614
     19.7651     0.563945
     19.9885     0.476002
     20.2145      0.38578
     20.4431      0.29336
     20.6742     0.198876
      20.908     0.102348
     21.1444   0.00392946
     21.3835   -0.0962963
     21.6252    -0.198152
     21.8697    -0.301574
      22.117    -0.406403
     22.3671    -0.512468
       22.62    -0.619585
     22.8757    -0.727556
     23.1344    -0.836257
     23.3959    -0.945379
     23.6605     -1.05481
      23.928     -1.16422
     24.1985     -1.27339
     24.4721     -1.38208
     24.7488     -1.49001
     25.0287     -1.59691
     25.3116     -1.70239
     25.5978     -1.80624
     25.8873     -1.90813
     26.1799     -2.00764
      26.476     -2.10455
     26.7753     -2.19841
      27.078      -2.2889
     27.3842     -2.37568
     27.6938     -2.45834
     28.0069     -2.53652
     28.3236     -2.60987
     28.6438     -2.67797
     28.9677     -2.74049
     29.2952     -2.79703
     29.6265     -2.84724
     29.9614     -2.89075
     30.3002     -2.92724
     30.6428     -2.95637
     30.9892     -2.97781
     31.3396     -2.99128
      31.694     -2.99652
     32.0523     -2.99326
     32.4147     -2.98129
     32.7812     -2.96043
     33.1519     -2.93053
     33.5267     -2.89147
     33.9058     -2.84318
     34.2891     -2.78565
     34.6768     -2.71888
     35.0689     -2.64295
     35.4654     -2.55798
     35.8664     -2.46416
     36.2719     -2.36173
      36.682     -2.25098
     37.0968     -2.13225
     37.5162       -2.006
     37.9404     -1.87267
     38.3693     -1.73285
     38.8032     -1.58706
     39.2419     -1.43606
     39.6856      -1.2805
     40.1343     -1.12119
     40.5881    -0.958938
      41.047    -0.794625
     41.5111    -0.629152
     41.9804    -0.463485
     42.4551    -0.298546
     42.9351    -0.135383
     43.4205    0.0250155
     43.9115      0.18169
      44.408     0.333592
     44.9101     0.479759
     45.4178     0.619229
     45.9314     0.751163
     46.4507     0.874644
     46.9759     0.988924
      47.507      1.09329
     48.0442      1.18715
     48.5874      1.26996
     49.1367      1.34134
     49.6923      1.40102
     50.2541      1.44885
     50.8223      1.48482
      51.397      1.50906
     51.9781      1.52186
     52.5658      1.52364
     53.1601      1.51498
     53.7612      1.49658
      54.369      1.46932
     54.9838      1.43414
     55.6054      1.39216
     56.2341      1.34453
     56.8699      1.29253
     57.5129      1.23747
     58.1632      1.18068
     58.8208      1.12351
     59.4859      1.06728
     60.1585      1.01323
     60.8387     0.962531
     61.5265     0.916217
     62.2222     0.875148
     62.9257     0.840016
     63.6372     0.811276
     64.3567     0.789206
     65.0843     0.773536
     65.8202      0.76411
     66.5644      0.76023
      67.317     0.760874
     68.0782     0.764791
     68.8479      0.77041
     69.6263     0.775891
     70.4136     0.779155
     71.2097     0.777927
     72.0148      0.76979
     72.8291     0.752248
     73.6525     0.722812
     74.4853      0.67906
     75.3274     0.618764
     76.1791     0.539944
     77.0404      0.44101
     77.9115      0.32083
     78.7924     0.178868
     79.6833    0.0152302
     80.5842    -0.169193
     81.4953    -0.372726
     82.4168    -0.592831
     83.3486    -0.825973
      84.291     -1.06783
      85.244     -1.31314
     86.2079     -1.55586
     87.1826     -1.78917
     88.1683     -2.00573
     89.1652     -2.19777
     90.1733     -2.35734
     91.1929     -2.47655
      92.224     -2.54783
     93.2667     -2.56428
     94.3212     -2.51997
     95.3877     -2.41033
     96.4662     -2.23224
     97.5569     -1.98472
     98.6599     -1.66896
     99.7754     -1.28855
     100.904    -0.849546
     102.044    -0.361641
     103.198     0.164572
     104.365     0.714559
     105.545      1.27172
     106.738       1.8177
     107.945      2.33316
     109.166      2.79753
       110.4      3.18999
     111.648      3.49136
     112.911      3.68401
     114.187       3.7528
     115.478      3.68673
     116.784      3.47943
     118.104      3.13016
      119.44      2.64364
      120.79      2.03249
     122.156      1.31448
     123.537     0.515224
     124.934    -0.334733
     126.346     -1.19872
     127.775     -2.03818
      129.22     -2.81078
     130.681     -3.47506
     132.158     -3.99168
     133.652     -4.32694
     135.163     -4.45358
     136.692     -4.35383
     138.237     -4.02181
       139.8     -3.46412
     141.381     -2.70122
     142.979      -1.7681
     144.596    -0.710949
     146.231     0.411305
     147.884      1.53213
     149.556      2.58129
     151.247      3.48788
     152.957      4.18604
     154.687      4.62038
     156.436      4.75002
     158.204      4.55416
     159.993      4.03403
     161.802      3.21569
     163.632      2.14905
     165.482     0.907579
     167.353    -0.418225
     169.245     -1.72516
     171.158      -2.9058
     173.094     -3.85847
     175.051     -4.49343
      177.03     -4.74628
     179.032       -4.583
     181.056     -4.00616
     183.103     -3.05766
     185.173     -1.81744
     187.267    -0.397517
     189.384       1.0651
     191.525      2.42378
     193.691      3.53553
     195.881      4.27609
     198.096      4.55709
     200.335      4.33736
     202.601      3.63054
     204.891      2.50915
     207.208      1.09621
     209.551    -0.442744
      211.92     -1.92001
     214.316     -3.14881
     216.739     -3.96644
      219.19     -4.25874
     221.668     -3.97825
     224.174     -3.15543
     226.709     -1.89815
     229.272    -0.382098
     231.865       1.1741
     234.486      2.53602
     237.137      3.49371
     239.819      3.89301
      242.53      3.66488
     245.272      2.84203
     248.045      1.55808
      250.85     0.029582
     253.686     -1.47673
     256.555     -2.69243
     259.455     -3.39373
     262.389     -3.44937
     265.356     -2.84768
     268.356     -1.70625
      271.39    -0.252847
     274.458      1.21589
     277.562      2.39506
       280.7      3.03445
     283.874       2.9987
     287.083      2.30048
     290.329      1.10327
     293.612    -0.310872
     296.931     -1.60428
     300.289     -2.46643
     303.684      -2.6895
     307.118     -2.22705
      310.59     -1.21003
     314.102    0.0837899
     317.653      1.30018
     321.245      2.10682
     324.877      2.28645
      328.55      1.80368
     332.265     0.817966
     336.022    -0.360832
     339.821     -1.36618
     343.663     -1.89031
     347.549      -1.7835
     351.478     -1.10495
     355.452    -0.103556
     359.471     0.866697
     363.536      1.47115
     367.646      1.50721
     371.803       1.0097
     376.006     0.174797
     380.258     -0.65734
     384.557     -1.16711
     388.905     -1.17676
     393.302    -0.718178
     397.749   -0.0138556
     402.246     0.623366
     406.794     0.929003
     411.394     0.801848
     416.045     0.338416
     420.749    -0.216265
     425.507    -0.598482
     430.318    -0.650022
     435.183    -0.388473
     440.103    0.0166556
     445.079     0.344298
     450.112     0.441983
     455.201     0.299142
     460.348    0.0349938
     465.553    -0.185829
     470.816    -0.254116
      476.14    -0.170351
     481.523   -0.0234692
     486.968    0.0833722
     492.473     0.102801
     498.042    0.0607015
     503.673    0.0157841
     509.368   0.00212924
     515.127   0.00569217
     520.951    -0.008021
     526.841   -0.0465974
     532.798   -0.0745366
     538.822    -0.048554
     544.914     0.029369
     551.075    0.0993571
     557.306    0.0940024
     563.607   0.00803353
      569.98   -0.0860899
     576.424    -0.102754
     582.942   -0.0293246
     589.533    0.0583985
     596.198    0.0754167
     602.939    0.0193914
     609.756   -0.0316826
      616.65    -0.019191
     623.623    0.0192643
     630.674   0.00339518
     637.804   -0.0631688
     645.016   -0.0708223
     652.309    0.0464385
     659.684     0.170655
     667.143     0.103709
     674.686    -0.147778
     682.314    -0.287188
     690.029   -0.0649907
     697.831      0.31906
     705.721     0.354956
       713.7    -0.108804
     721.769    -0.521379
      729.93    -0.260879
     738.183      0.43273
     746.529     0.603983
      754.97     -0.10599
     763.506    -0.758809
     772.139    -0.328535
     780.869     0.668892
     789.698     0.718426
     798.627    -0.382526
     807.656    -0.962929
     816.788   0.00105684
     826.023      1.03717
     835.363     0.376573
     844.808    -0.975304
     854.359    -0.687066
     864.019     0.837976
     873.788     0.906486
     883.668    -0.685776
     893.659     -1.03974
     903.763     0.564182
     913.982      1.10349
     924.316    -0.502364
     934.766     -1.11274
     945.335     0.508735
     956.024      1.07217
     966.833    -0.585208
     977.765    -0.974203
      988.82     0.714584
        1000     0.801558
