        0.01 -2.34105e-15
   0.0101131 -2.72427e-07
   0.0102274  3.52133e-16
    0.010343  2.51815e-07
     0.01046  9.92499e-16
   0.0105783  -2.3275e-07
   0.0106979 -2.23769e-07
   0.0108188  2.15139e-07
   0.0109411 -2.06839e-07
   0.0110648  1.98858e-07
   0.0111899  1.91185e-07
   0.0113165 -3.67606e-07
   0.0114444 -1.18401e-15
   0.0115738  1.69894e-07
   0.0117047  -4.9001e-07
    0.011837  1.57036e-07
   0.0119709 -1.50974e-07
   0.0121062  3.51889e-22
   0.0122431  1.51339e-15
   0.0123815  1.34165e-07
   0.0125215 -2.57975e-07
   0.0126631  1.24009e-07
   0.0128062 -8.15838e-16
    0.012951 -1.14626e-07
   0.0130975 -7.88772e-16
   0.0132456 -1.05948e-07
   0.0133953 -1.01862e-07
   0.0135468  6.73391e-16
   0.0136999   9.4153e-08
   0.0138548  4.87182e-16
   0.0140115  -8.7026e-08
   0.0141699 -1.67337e-07
   0.0143301 -8.04401e-08
   0.0144921   2.9901e-15
    0.014656 -1.48703e-07
   0.0148217 -7.14829e-08
   0.0149893 -6.87243e-08
   0.0151588 -6.60721e-08
   0.0153302 -5.20732e-16
   0.0155035   1.1625e-15
   0.0156788 -5.87151e-08
   0.0158561  1.12898e-07
   0.0160353 -1.08544e-07
   0.0162166 -1.04356e-07
      0.0164  3.49207e-17
   0.0165854  1.25122e-16
   0.0167729  9.27356e-08
   0.0169626  8.91562e-08
   0.0171544  4.39918e-16
   0.0173483  8.24092e-08
   0.0175445 -8.25557e-22
   0.0177429 -7.61709e-08
   0.0179435 -7.32318e-08
   0.0181463  9.48027e-16
   0.0183515  3.19585e-16
    0.018559  -6.5078e-08
   0.0187688  3.08985e-16
   0.0189811  5.82362e-16
   0.0191957  5.78311e-08
   0.0194127 -5.55999e-08
   0.0196322  5.34544e-08
   0.0198542  1.21747e-16
   0.0200786 -4.94092e-08
   0.0203057  -4.7502e-08
   0.0205353   4.5669e-08
   0.0207674  9.03921e-16
   0.0210022 -4.22132e-08
   0.0212397 -4.05841e-08
   0.0214799  6.74533e-16
   0.0217227   9.0552e-16
   0.0219683 -5.62067e-16
   0.0222167  6.41258e-16
   0.0224679  7.45691e-16
   0.0227219  7.33222e-16
   0.0229788 -3.08127e-08
   0.0232387  2.96233e-08
   0.0235014 -2.84805e-08
   0.0237671  5.39513e-16
   0.0240358 -2.63251e-08
   0.0243076 -2.53092e-08
   0.0245824  2.43327e-08
   0.0248604  1.00864e-15
   0.0251415 -2.24909e-08
   0.0254257 -9.56569e-17
   0.0257132  2.07888e-08
   0.0260039  5.98886e-16
   0.0262979   1.0868e-15
   0.0265953 -3.69477e-08
    0.026896  1.10542e-15
   0.0272001 -3.41514e-08
   0.0275076 -1.64169e-08
   0.0278186 -1.57834e-08
   0.0281332 -1.51743e-08
   0.0284513 -1.45887e-08
   0.0287729  9.99046e-16
   0.0290983  1.34846e-08
   0.0294273  1.07179e-15
     0.02976 -1.24641e-08
   0.0300965  1.19831e-08
   0.0304368 -2.30414e-08
   0.0307809  1.10762e-08
   0.0311289  1.34505e-15
   0.0314809 -1.02379e-08
   0.0318368  9.84288e-09
   0.0321968 -1.89261e-08
   0.0325608 -9.09679e-17
    0.032929 -6.48961e-17
   0.0333013  4.63367e-21
   0.0336778 -3.43579e-16
   0.0340586  9.78986e-21
   0.0344437  7.85726e-16
   0.0348331 -1.43692e-08
   0.0352269  1.11732e-15
   0.0356252  1.32817e-08
    0.036028 -3.45769e-16
   0.0364354 -5.57487e-17
   0.0368473  7.10118e-16
    0.037264 -1.13473e-08
   0.0376853 -1.09095e-08
   0.0381114 -1.04885e-08
   0.0385423  3.12525e-16
   0.0389781 -9.69466e-09
   0.0394188 -9.32058e-09
   0.0398645  1.12778e-15
   0.0403152  8.61518e-09
    0.040771 -8.28276e-09
    0.041232 -7.96314e-09
   0.0416982 -4.55054e-17
   0.0421697  5.80046e-16
   0.0426464 -7.07647e-09
   0.0431286  -6.8034e-09
   0.0436163  5.20724e-20
   0.0441094 -4.26716e-16
   0.0446081 -6.04584e-09
   0.0451125 -5.81254e-09
   0.0456226 -5.58824e-09
   0.0461384  5.37262e-09
   0.0466601  -5.1653e-09
   0.0471876  9.04408e-16
   0.0477212 -4.77436e-09
   0.0482607 -7.30437e-17
   0.0488064 -4.41302e-09
   0.0493582  4.24275e-09
   0.0499163 -1.22371e-08
   0.0504807 -2.80036e-16
   0.0510514  1.72071e-19
   0.0516286  4.94458e-16
   0.0522124 -8.17187e-16
   0.0528027 -3.35049e-09
   0.0533997 -6.26181e-17
   0.0540035  8.00706e-16
   0.0546141  5.95482e-09
   0.0552316 -2.86252e-09
   0.0558561 -5.84218e-17
   0.0564876 -5.29175e-09
   0.0571263  2.54378e-09
   0.0577722 -2.44562e-09
   0.0584254 -2.35125e-09
    0.059086 -2.26052e-09
    0.059754  -2.1733e-09
   0.0604296 -2.08945e-09
   0.0611129  5.94815e-16
   0.0618039  2.58038e-16
   0.0625027 -1.85677e-09
   0.0632093 -1.78514e-09
    0.063924 -3.43251e-09
   0.0646468 -1.65002e-09
   0.0653777  1.58636e-09
   0.0661169 -8.04966e-16
   0.0668645  5.65321e-16
   0.0676205   8.4164e-16
    0.068385 -2.71064e-09
   0.0691582  5.11358e-16
   0.0699402    8.006e-16
   0.0707309  2.84583e-16
   0.0715307  2.31585e-09
   0.0723394   -4.453e-09
   0.0731573 -2.14059e-09
   0.0739845 -7.42952e-17
    0.074821  1.97858e-09
    0.075667 -1.90223e-09
   0.0765225  6.64889e-16
   0.0773877  1.75826e-09
   0.0782627 -1.69041e-09
   0.0791476  7.76026e-16
   0.0800424 -4.12644e-16
   0.0809474  4.07958e-16
   0.0818627  1.44422e-09
   0.0827883 -1.38849e-09
   0.0837243 -3.19352e-16
   0.0846709 -3.68558e-16
   0.0856283 -1.23389e-09
   0.0865964 -2.37255e-09
   0.0875755   1.1405e-09
   0.0885657  3.33005e-16
   0.0895671  1.05418e-09
   0.0905798 -7.02716e-16
   0.0916039 -2.92543e-16
   0.0926396  1.50504e-17
   0.0936871  4.20758e-16
   0.0947464 -1.73179e-09
   0.0958176  9.14652e-17
    0.096901  5.64807e-16
   0.0979966  7.69479e-10
   0.0991046 -5.50458e-16
    0.100225  7.60458e-17
    0.101358 -2.63564e-16
    0.102504  6.57419e-10
    0.103663 -6.32051e-10
    0.104835 -1.21533e-09
    0.106021  5.84202e-10
    0.107219  5.56382e-16
    0.108432 -5.39988e-10
    0.109658 -5.19152e-10
    0.110898 -9.98233e-10
    0.112151 -4.79871e-10
    0.113419 -4.61354e-10
    0.114702 -4.43544e-10
    0.115999 -4.26428e-10
     0.11731  1.80232e-16
    0.118637  3.94324e-16
    0.119978  3.78948e-10
    0.121335  3.64321e-10
    0.122706  3.71221e-16
    0.124094 -3.36749e-10
    0.125497  4.07461e-16
    0.126916  6.22527e-10
    0.128351  1.00086e-15
    0.129802 -2.87707e-10
     0.13127  2.76603e-10
    0.132754 -5.31861e-10
    0.134255  5.11339e-10
    0.135773  9.82257e-16
    0.137308 -4.72639e-10
     0.13886  4.54407e-10
     0.14043 -4.36874e-10
    0.142018  1.04156e-15
    0.143624  4.03804e-10
    0.145248  9.16581e-16
     0.14689  3.73244e-10
    0.148551   1.0084e-15
     0.15023  3.44999e-10
    0.151929  3.31684e-10
    0.153647  3.18884e-10
    0.155384   3.0658e-10
    0.157141   2.9475e-10
    0.158918  2.83375e-10
    0.160714  2.72445e-10
    0.162531  5.23865e-10
    0.164369  8.72087e-16
    0.166228  4.84208e-10
    0.168107  6.98292e-10
    0.170008  6.71343e-10
     0.17193  2.15148e-10
    0.173874  4.13691e-10
     0.17584   5.9659e-10
    0.177828  9.55951e-10
    0.179839  5.51436e-10
    0.181872  3.53442e-10
    0.183928  5.09708e-10
    0.186008  4.90036e-10
    0.188111  6.28171e-10
    0.190238  9.05895e-10
    0.192389  7.25783e-10
    0.194564  9.76892e-10
    0.196764  1.07336e-09
    0.198989  9.02951e-10
    0.201238  1.24017e-09
    0.203514  1.07308e-09
    0.205815   1.1463e-09
    0.208142  1.54289e-09
    0.210495  1.58932e-09
    0.212875    1.528e-09
    0.215282  1.46903e-09
    0.217716  1.78898e-09
    0.220178  1.81046e-09
    0.222667  2.17577e-09
    0.225185   2.0918e-09
    0.227731  2.17197e-09
    0.230306  2.39751e-09
     0.23291  2.60242e-09
    0.235543  2.64499e-09
    0.238206  2.88658e-09
      0.2409  3.10554e-09
    0.243623  3.30337e-09
    0.246378  3.54233e-09
    0.249163  3.69927e-09
    0.251981  3.89521e-09
     0.25483  4.23337e-09
    0.257711  4.53965e-09
    0.260625  4.71564e-09
    0.263571  5.16073e-09
    0.266552  5.37886e-09
    0.269565  5.61717e-09
    0.272613   6.1719e-09
    0.275696  6.59299e-09
    0.278813  6.97246e-09
    0.281965  7.46521e-09
    0.285153  7.90952e-09
    0.288377  8.37885e-09
    0.291638   9.0032e-09
    0.294935  9.56698e-09
     0.29827  1.00738e-08
    0.301642  1.07679e-08
    0.305053  1.14512e-08
    0.308502  1.21214e-08
     0.31199  1.29367e-08
    0.315517  1.37225e-08
    0.319085  1.46258e-08
    0.322693  1.55816e-08
    0.326341  1.65333e-08
    0.330031  1.75638e-08
    0.333762  1.87859e-08
    0.337536  1.99685e-08
    0.341353  2.11879e-08
    0.345212  2.25838e-08
    0.349115  2.40207e-08
    0.353062  2.55559e-08
    0.357054  2.71701e-08
    0.361091  2.88781e-08
    0.365174  3.07219e-08
    0.369303  3.27063e-08
    0.373479  3.47766e-08
    0.377701  3.69947e-08
    0.381972  3.93054e-08
    0.386291  4.18637e-08
    0.390658  4.45557e-08
    0.395075  4.73985e-08
    0.399542  5.03829e-08
    0.404059  5.36073e-08
    0.408628  5.70479e-08
    0.413248  6.06632e-08
    0.417921  6.45483e-08
    0.422646  6.86533e-08
    0.427424  7.30563e-08
    0.432257  7.76997e-08
    0.437144  8.26317e-08
    0.442087   8.7935e-08
    0.447086  9.35253e-08
    0.452141  9.94728e-08
    0.457253  1.05846e-07
    0.462423   1.1255e-07
    0.467651   1.1976e-07
    0.472939  1.27404e-07
    0.478286  1.35527e-07
    0.483694  1.44146e-07
    0.489162   1.5335e-07
    0.494693   1.6313e-07
    0.500286  1.73546e-07
    0.505943  1.84597e-07
    0.511663  1.96364e-07
    0.517449  2.08903e-07
    0.523299   2.2224e-07
    0.529216  2.36396e-07
    0.535199  2.51475e-07
    0.541251  2.67501e-07
     0.54737  2.84578e-07
    0.553559  3.02683e-07
    0.559818  3.21992e-07
    0.566148  3.42548e-07
    0.572549  3.64373e-07
    0.579022  3.87626e-07
    0.585569  4.12329e-07
     0.59219  4.38611e-07
    0.598885  4.66574e-07
    0.605657  4.96338e-07
    0.612505  5.27973e-07
     0.61943  5.61635e-07
    0.626434  5.97448e-07
    0.633516  6.35544e-07
    0.640679  6.76045e-07
    0.647923  7.19143e-07
    0.655249  7.64996e-07
    0.662657  8.13755e-07
     0.67015  8.65645e-07
    0.677727  9.20828e-07
     0.68539  9.79533e-07
    0.693139  1.04197e-06
    0.700976  1.10838e-06
    0.708902  1.17904e-06
    0.716917   1.2542e-06
    0.725023  1.33416e-06
     0.73322  1.41918e-06
     0.74151  1.50964e-06
    0.749894  1.60587e-06
    0.758373  1.70823e-06
    0.766947   1.8171e-06
    0.775619  1.93293e-06
    0.784389  2.05612e-06
    0.793257  2.18716e-06
    0.802226  2.32655e-06
    0.811297  2.47483e-06
     0.82047  2.63256e-06
    0.829746  2.80032e-06
    0.839128  2.97878e-06
    0.848615   3.1686e-06
     0.85821  3.37052e-06
    0.867914   3.5853e-06
    0.877727  3.81376e-06
    0.887651  4.05678e-06
    0.897687  4.31526e-06
    0.907837  4.59023e-06
    0.918101  4.88268e-06
    0.928482  5.19378e-06
     0.93898  5.52469e-06
    0.949596  5.87665e-06
    0.960333  6.25105e-06
    0.971191  6.64929e-06
    0.982172  7.07288e-06
    0.993277  7.52344e-06
     1.00451   8.0028e-06
     1.01586  8.51222e-06
     1.02735  9.05462e-06
     1.03897  9.63156e-06
     1.05071  1.02446e-05
     1.06259  1.08971e-05
     1.07461  1.15915e-05
     1.08676  1.23297e-05
     1.09905   1.3115e-05
     1.11147  1.39498e-05
     1.12404  1.48383e-05
     1.13675  1.57832e-05
      1.1496   1.6788e-05
      1.1626   1.7857e-05
     1.17574  1.89935e-05
     1.18904  2.02033e-05
     1.20248  2.14891e-05
     1.21608  2.28576e-05
     1.22983  2.43126e-05
     1.24373  2.58596e-05
     1.25779  2.75053e-05
     1.27201  2.92558e-05
      1.2864  3.11188e-05
     1.30094  3.30986e-05
     1.31565   3.5205e-05
     1.33053  3.74459e-05
     1.34557   3.9828e-05
     1.36078  4.23615e-05
     1.37617  4.50575e-05
     1.39173   4.7924e-05
     1.40746  5.09716e-05
     1.42338  5.42153e-05
     1.43947  5.76631e-05
     1.45575  6.13317e-05
     1.47221  6.52324e-05
     1.48885  6.93794e-05
     1.50569   7.3793e-05
     1.52271   7.8484e-05
     1.53993  8.34751e-05
     1.55734  8.87817e-05
     1.57495  9.44263e-05
     1.59275  0.000100426
     1.61076   0.00010681
     1.62897  0.000113598
     1.64739  0.000120818
     1.66602  0.000128497
     1.68485  0.000136658
      1.7039  0.000145341
     1.72317  0.000154576
     1.74265  0.000164394
     1.76236  0.000174839
     1.78228   0.00018594
     1.80243  0.000197747
     1.82281  0.000210304
     1.84342  0.000223656
     1.86427   0.00023786
     1.88534  0.000252952
     1.90666   0.00026901
     1.92822  0.000286084
     1.95002  0.000304236
     1.97207  0.000323541
     1.99437  0.000344068
     2.01691  0.000365884
     2.03972  0.000389096
     2.06278  0.000413768
      2.0861      0.00044
     2.10969  0.000467899
     2.13354  0.000497555
     2.15767  0.000529099
     2.18206   0.00056262
     2.20673  0.000598266
     2.23168  0.000636166
     2.25692  0.000676474
     2.28244  0.000719319
     2.30824  0.000764855
     2.33434  0.000813281
     2.36073  0.000864755
     2.38742  0.000919479
     2.41442  0.000977675
     2.44172   0.00103953
     2.46932   0.00110526
     2.49724   0.00117516
     2.52548   0.00124948
     2.55403   0.00132845
     2.58291   0.00141242
     2.61211   0.00150166
     2.64165   0.00159654
     2.67152   0.00169739
     2.70172   0.00180455
     2.73227   0.00191848
     2.76316   0.00203956
      2.7944   0.00216825
       2.826   0.00230506
     2.85795   0.00245042
     2.89026   0.00260491
     2.92294   0.00276912
     2.95599   0.00294363
     2.98941   0.00312907
     3.02321   0.00332615
      3.0574   0.00353563
     3.09196   0.00375812
     3.12692    0.0039946
     3.16228   0.00424593
     3.19803    0.0045129
     3.23419   0.00479661
     3.27076   0.00509807
     3.30774   0.00541833
     3.34514   0.00575861
     3.38296   0.00612009
     3.42121   0.00650415
     3.45989   0.00691213
     3.49901   0.00734557
     3.53857   0.00780597
     3.57858   0.00829506
     3.61904   0.00881455
     3.65996   0.00936638
     3.70134   0.00995245
     3.74319     0.010575
     3.78552    0.0112362
     3.82832    0.0119383
      3.8716    0.0126839
     3.91538    0.0134758
     3.95964    0.0143165
     4.00441    0.0152093
     4.04969    0.0161574
     4.09548     0.017164
     4.14178    0.0182326
     4.18861    0.0193672
     4.23597    0.0205717
     4.28387    0.0218505
      4.3323    0.0232076
     4.38129    0.0246485
     4.43082    0.0261774
     4.48092    0.0278005
     4.53158    0.0295228
     4.58282    0.0313508
     4.63464    0.0332906
     4.68704    0.0353488
     4.74003    0.0375325
     4.79363    0.0398498
     4.84782    0.0423075
     4.90264    0.0449156
     4.95807    0.0476817
     5.01413    0.0506159
     5.07082    0.0537278
     5.12815    0.0570281
     5.18613    0.0605281
     5.24477    0.0642397
     5.30407    0.0681751
     5.36404    0.0723474
     5.42469    0.0767709
     5.48603    0.0814604
     5.54805    0.0864301
     5.61078    0.0916982
     5.67422    0.0972813
     5.73838     0.103198
     5.80326     0.109467
     5.86887     0.116108
     5.93523     0.123145
     6.00234     0.130599
      6.0702     0.138493
     6.13883     0.146853
     6.20824     0.155707
     6.27844     0.165083
     6.34942     0.175007
     6.42121     0.185514
     6.49382     0.196637
     6.56724     0.208406
     6.64149     0.220861
     6.71658     0.234039
     6.79253     0.247983
     6.86932     0.262729
     6.94699     0.278327
     7.02554     0.294822
     7.10497     0.312261
     7.18531     0.330701
     7.26655     0.350189
     7.34871     0.370786
      7.4318      0.39255
     7.51582     0.415541
      7.6008      0.43983
     7.68674     0.465482
     7.77365     0.492569
     7.86154     0.521164
     7.95043      0.55135
     8.04032     0.583204
     8.13123     0.616815
     8.22317     0.652272
     8.31614     0.689664
     8.41017     0.729096
     8.50526     0.770663
     8.60142     0.814471
     8.69868     0.860638
     8.79703     0.909268
     8.89649     0.960482
     8.99708      1.01441
     9.09881      1.07118
     9.20168      1.13091
     9.30572      1.19375
     9.41094      1.25985
     9.51734      1.32934
     9.62495      1.40238
     9.73377      1.47913
     9.84383      1.55975
     9.95513       1.6444
     10.0677      1.73326
     10.1815      1.82647
     10.2966      1.92425
     10.4131      2.02686
     10.5308       2.1343
     10.6499      2.24693
     10.7703      2.36482
      10.892      2.48816
     11.0152      2.61734
     11.1397      2.75234
     11.2657      2.89355
     11.3931      3.04105
     11.5219      3.19503
     11.6522      3.35578
     11.7839      3.52337
     11.9171      3.69808
     12.0519      3.88024
     12.1881      4.06973
     12.3259      4.26698
     12.4653      4.47216
     12.6063      4.68541
     12.7488      4.90669
     12.8929      5.13628
     13.0387      5.37443
     13.1861      5.62106
     13.3352      5.87639
      13.486      6.14048
     13.6385      6.41332
     13.7927      6.69492
     13.9486      6.98521
     14.1063       7.2843
     14.2658      7.59209
     14.4271      7.90842
     14.5902      8.23308
     14.7552      8.56604
      14.922       8.9068
     15.0908      9.25541
     15.2614      9.61105
     15.4339      9.97346
     15.6084      10.3423
     15.7849       10.717
     15.9634      11.0968
     16.1439       11.481
     16.3264      11.8687
      16.511      12.2593
     16.6977      12.6516
     16.8865      13.0447
     17.0774      13.4371
     17.2705      13.8279
     17.4658      14.2156
     17.6632      14.5985
     17.8629      14.9753
     18.0649      15.3443
     18.2692      15.7036
     18.4757      16.0511
     18.6846       16.385
     18.8959      16.7032
     19.1095      17.0031
     19.3256      17.2828
     19.5441      17.5395
     19.7651      17.7708
     19.9885      17.9741
     20.2145      18.1467
     20.4431      18.2859
     20.6742      18.3888
      20.908      18.4527
     21.1444      18.4748
     21.3835      18.4522
     21.6252      18.3822
     21.8697      18.2621
      22.117      18.0892
     22.3671       17.861
       22.62      17.5753
     22.8757      17.2299
     23.1344      16.8226
     23.3959      16.3522
     23.6605      15.8167
      23.928      15.2157
     24.1985      14.5483
     24.4721      13.8142
     24.7488      13.0138
     25.0287      12.1475
     25.3116      11.2175
     25.5978       10.225
     25.8873      9.17254
     26.1799      8.06432
      26.476      6.90296
     26.7753      5.69446
      27.078      4.44368
     27.3842      3.15658
     27.6938      1.84073
     28.0069     0.503648
     28.3236    -0.846416
     28.6438     -2.19964
     28.9677     -3.54681
     29.2952     -4.87681
     29.6265     -6.17924
     29.9614     -7.44162
     30.3002     -8.65308
     30.6428     -9.80098
     30.9892      -10.873
     31.3396     -11.8575
      31.694     -12.7424
     32.0523     -13.5158
     32.4147     -14.1671
     32.7812     -14.6862
     33.1519      -15.064
     33.5267     -15.2926
     33.9058     -15.3655
     34.2891     -15.2781
     34.6768     -15.0274
     35.0689     -14.6127
     35.4654     -14.0354
     35.8664     -13.2992
     36.2719     -12.4107
      36.682     -11.3784
     37.0968     -10.2139
     37.5162     -8.93156
     37.9404     -7.54762
     38.3693     -6.08155
     38.8032      -4.5537
     39.2419     -2.98805
     39.6856      -1.4088
     40.1343     0.157953
     40.5881      1.68573
      41.047      3.14751
     41.5111      4.51693
     41.9804      5.76834
     42.4551      6.87819
     42.9351      7.82449
     43.4205      8.58867
     43.9115      9.15575
      44.408      9.51449
     44.9101      9.65861
     45.4178      9.58684
     45.9314      9.30318
     46.4507      8.81734
     46.9759      8.14441
      47.507      7.30501
     48.0442      6.32448
     48.5874      5.23316
     49.1367      4.06479
     49.6923      2.85566
     50.2541      1.64443
     50.8223     0.469552
      51.397    -0.631176
     51.9781     -1.62192
     52.5658     -2.47119
     53.1601     -3.15233
     53.7612     -3.64534
      54.369     -3.93757
     54.9838     -4.02499
     55.6054     -3.91243
     56.2341      -3.6139
     56.8699     -3.15234
     57.5129     -2.55885
     58.1632     -1.87162
     58.8208     -1.13435
     59.4859    -0.393984
     60.1585       0.3013
     60.8387      0.90502
     61.5265      1.37493
     62.2222      1.67634
     62.9257      1.78376
     63.6372      1.68388
     64.3567      1.37686
     65.0843     0.878161
     65.8202     0.216938
     66.5644    -0.562996
      67.317     -1.40557
     68.0782      -2.2459
     68.8479     -3.01324
     69.6263     -3.63641
     70.4136     -4.04859
     71.2097     -4.19271
     72.0148     -4.02722
     72.8291     -3.53059
     73.6525     -2.70555
     74.4853     -1.58108
     75.3274    -0.213838
     76.1791      1.31434
     77.0404      2.89907
     77.9115      4.42031
     78.7924      5.74981
     79.6833      6.76167
     80.5842       7.3428
     81.4953      7.40462
     82.4168      6.89323
     83.3486      5.79906
      84.291      4.16177
      85.244      2.07356
     86.2079    -0.324264
     87.1826     -2.84714
     88.1683     -5.28145
     89.1652      -7.4008
     90.1733     -8.98621
     91.1929     -9.84948
      92.224     -9.85463
     93.2667     -8.93834
     94.3212     -7.12427
     95.3877     -4.53011
     96.4662     -1.36588
     97.5569      2.07936
     98.6599       5.4606
     99.7754      8.41011
     100.904      10.5774
     102.044      11.6685
     103.198      11.4956
     104.365      9.99932
     105.545      7.27998
     106.738      3.59585
     107.945    -0.655918
     109.166     -4.97045
       110.4      -8.7913
     111.648     -11.5918
     112.911     -12.9407
     114.187     -12.5738
     115.478     -10.4528
     116.784     -6.78904
     118.104     -2.04247
      119.44      3.13918
      120.79      7.97923
     122.156      11.7133
     123.537      13.6902
     124.934       13.506
     126.346      11.0906
     127.775      6.74745
      129.22      1.14387
     130.681      -4.7826
     132.158     -9.97256
     133.652      -13.437
     135.163     -14.4452
     136.692     -12.6954
     138.237      -8.4204
       139.8     -2.37478
     141.381      4.26775
     142.979      10.1273
     144.596      13.9171
     146.231      14.7177
     147.884       12.235
     149.556      6.91277
     151.247     -0.10699
     152.957     -7.20252
     154.687     -12.6387
     156.436     -14.9887
     158.204     -13.5427
     159.993     -8.54202
     161.802      -1.1999
     163.632      6.56068
     165.482      12.5811
     167.353      15.0862
     169.245      13.2264
     171.158      7.41192
     173.094    -0.723419
     175.051     -8.71391
      177.03     -14.0153
     179.032     -14.8168
     181.056     -10.7072
     183.103     -2.92693
     185.173       5.9384
     187.267        12.78
     189.384      15.0512
     191.525       11.772
     193.691         4.01
     195.881     -5.36468
     198.096     -12.6958
     200.335     -14.9581
     202.601     -11.0653
     204.891     -2.48063
     207.208      7.24088
     209.551      13.8446
      211.92      14.2672
     214.316      8.13453
     216.739     -1.86198
      219.19     -11.0359
     221.668     -14.8583
     224.174     -11.2626
     226.709     -1.87544
     229.272      8.55183
     231.865      14.4777
     234.486      12.5354
     237.137      3.59065
     239.819     -7.45815
      242.53     -14.2281
     245.272     -12.5801
     248.045     -3.28243
      250.85      8.10662
     253.686      14.4195
     256.555      11.4325
     259.455      0.87392
     262.389     -10.3331
     265.356     -14.4695
     268.356     -8.43609
      271.39      3.69308
     274.458      13.1666
     277.562       12.809
       280.7      2.64017
     283.874     -9.63787
     287.083     -14.2708
     290.329     -7.29081
     293.612       5.7848
     296.931      13.9911
     300.289      10.0912
     303.684     -2.75612
     307.118     -13.1539
      310.59     -11.4468
     314.102      1.04419
     317.653      12.5624
     321.245      11.7873
     324.877    -0.788487
      328.55     -12.5842
     332.265     -11.2847
     336.022      2.02062
     339.821      13.1514
     343.663      9.73621
     347.549     -4.68172
     351.478     -13.7158
     355.452     -6.63463
     359.471      8.40575
     363.536       13.169
     367.646      1.50187
     371.803      -12.074
     376.006     -9.98594
     380.258      5.31393
     384.557      13.4351
     388.905      3.07206
     393.302     -11.5903
     397.749     -9.66838
     402.246       6.3422
     406.794      12.9123
     411.394   -0.0803053
     416.045     -12.9307
     420.749     -5.42756
     425.507      10.7653
     430.318      9.35043
     435.183     -7.61981
     440.103     -11.6493
     445.079      4.44368
     450.112      12.6963
     455.201     -1.81281
     460.348     -12.9957
     465.553   -0.0138317
     470.816      12.9809
      476.14     0.954188
     481.523     -12.9358
     486.968    -0.987907
     492.473      12.9645
     498.042    0.0980039
     503.673     -12.9774
     509.368       1.7396
     515.127      12.6764
     520.951     -4.47787
     526.841     -11.5574
     532.798      7.85876
     538.822      8.98398
     544.914     -11.1917
     551.075     -4.44033
     557.306      13.2111
     563.607     -1.98115
      569.98     -12.2119
     576.424      8.91502
     582.942      6.84377
     589.533     -13.3887
     596.198      2.34372
     602.939      11.7387
     609.756     -11.3968
      616.65     -2.54824
     623.623      13.6195
     630.674     -9.60928
     637.804     -4.70447
     645.016      14.2332
     652.309     -9.73899
     659.684     -3.99418
     667.143       14.146
     674.686     -12.0797
     682.314    0.0443235
     690.029      12.0318
     697.831     -15.1464
     705.721      7.57776
       713.7      5.01746
     721.769     -14.4147
      729.93      15.2687
     738.183     -7.70061
     746.529      -3.7577
      754.97      13.2864
     763.506     -16.8079
     772.139      13.4223
     780.869     -5.08559
     789.698      -4.7949
     798.627      12.9352
     807.656     -17.2344
     816.788      17.0988
     826.023     -13.2023
     835.363      6.93173
     844.808      0.18227
     854.359     -6.85861
     864.019      12.2544
     873.788      -16.011
     883.668      18.1391
     893.659     -18.8972
     903.763      18.6558
     913.982     -17.8079
     924.316      16.7111
     934.766     -15.6171
     945.335      14.7652
     956.024     -14.2834
     966.833      14.2435
     977.765     -14.6739
      988.82      15.5348
        1000     -16.7278
