#          k           1          b1          b2          b3          b4       b1*b1       b1*b2       b1*b3       b1*b4       b2*b2       b2*b4       b4*b4       b1*b5       b1*b6       b1*b7          b5          b6          b7          b8          b9         b10
        0.01    -16.0533    -8.97404    0.874673 0.000790558     1.20964    0.750693  -0.0758145  -0.0030821  -0.0758435   0.0464257   0.0986256    0.030183  0.00776099  0.00687271    0.873511  0.00474701    0.603338    0.820652   0.0135792  0.00720102  0.00209346
   0.0104566    -18.0076    -10.5703    0.981179  0.00174735     1.34977    0.767558  -0.0829781   -0.003711  -0.0830229   0.0509736    0.108388   0.0332221  0.00909713     0.00649    0.959253  0.00448267     0.66256    0.901598   0.0157587  0.00816058  0.00225548
    0.010934    -19.4281    -11.2367     1.11605  0.00338846     1.53647    0.891644  -0.0926565 -0.00399502  -0.0927453   0.0568917    0.121047   0.0371232   0.0100346  0.00499639     1.05058  0.00345103    0.725638    0.987766   0.0135153  0.00920585  0.00235818
   0.0114332    -21.0375    -12.0897     1.23664  0.00571485     1.70692    0.996514   -0.101058  -0.0037592   -0.101107   0.0621647    0.132341   0.0406004    0.010239  0.00238831     1.14794  0.00164962    0.792889     1.08343   0.0178964   0.0100997  0.00235758
   0.0119553    -23.1524    -13.6442     1.39485  0.00857156     1.91908     1.07271   -0.105336 -0.00292511   -0.105547   0.0643812    0.137224    0.042138  0.00949261 -0.00102933     1.25211 -0.000710965     0.86484     1.17974   0.0168633   0.0105852  0.00222802
   0.0125011    -24.7896     -14.341     1.57102  0.00942845     2.15733     1.23676     -0.1011 -0.00158217   -0.101399   0.0614476     0.13123   0.0423773  0.00782249 -0.000152161     1.36426 -0.00317062    0.942304     1.28765   0.0142596   0.0105282  0.00199577
   0.0130719    -26.9206    -15.7431     1.75254   0.0114999     2.40675      1.3495  -0.0871598 -2.4767e-05  -0.0876305   0.0524359    0.112526   0.0348094  0.00559181 -0.000813843     1.49521 -0.00507121     1.02632     1.41161   0.0139379  0.00967409   0.0016736
   0.0136688    -29.1006    -17.0838     1.97563   0.0136723      2.7086     1.49196  -0.0655549  0.00127974  -0.0661552   0.0383486   0.0830627   0.0259778  0.00349192 -0.00199769     1.62682 -0.00572096     1.11783     1.52638   0.0117559  0.00838837  0.00141115
   0.0142929    -31.0972    -18.0672     2.21262   0.0158404     3.03146     1.68092  -0.0415261  0.00182713   -0.042372   0.0224644    0.049743   0.0159499  0.00236923  -0.0067815     1.76232 -0.00468401     1.21724     1.66232   0.0093375  0.00699614  0.00131185
   0.0149454    -33.5161    -19.6333     2.48241   0.0179775     3.39839     1.85152  -0.0233615  0.00130651  -0.0245513  0.00970333   0.0228303  0.00783137  0.00287809 -0.00321646     1.91678 -0.00222162     1.32393      1.8054  0.00753214  0.00602004  0.00145647
   0.0156278    -35.7759    -20.8773     2.78309   0.0202016     3.80447     2.08679  -0.0195725 -0.000153152   -0.021304  0.00492067   0.0125654  0.00510628  0.00505658 -0.00311804     2.07527  0.00102236     1.43644     1.95291  0.00710517  0.00590531  0.00182597
   0.0163414    -38.0431    -22.0892     3.10838   0.0227851     4.24742     2.35519  -0.0335374 0.000122615  -0.0359556   0.0103488    0.023619  0.00786371  0.00804152 -0.00337381     2.23462 -0.00191263     1.55183     2.11027  0.00831299  0.00676016  0.00226618
   0.0170875    -40.5515    -23.6181     3.47059    0.026079      4.7326     2.63872  -0.0612909 -6.19792e-05  -0.0645941   0.0235481   0.0507403   0.0158901   0.0102126 -0.00308859     2.40398  -0.0021333     1.66757     2.26726  0.00997521  0.00817703  0.00252227
   0.0178677    -42.8184    -24.7395     3.86757    0.030327     5.27473     2.98478  -0.0908284  -7.017e-05  -0.0952033   0.0371909    0.078757   0.0241528  0.00994356 -0.00466776     2.57844 -0.00171395     1.78272     2.43149   0.0125724  0.00930819  0.00236514
   0.0186835     -45.177    -25.9893     4.28961   0.0354558     5.84665     3.33829   -0.106933 -0.000152672   -0.112602   0.0421053   0.0886135   0.0268325  0.00675941 -0.00752637      2.7531  -0.0051985     1.90161     2.59324   0.0128086  0.00931789   0.0017783
   0.0195366    -47.5546    -27.2749     4.75583   0.0409992     6.48078     3.71389   -0.101366  0.00121008   -0.108552   0.0333717   0.0694504   0.0209769  0.00218843  -0.0101467     2.94216 -0.00749278     2.03134     2.77227   0.0106818  0.00782306  0.00102848
   0.0204286    -49.6796    -28.1705     5.26545   0.0463156     7.16296     4.13693  -0.0812873  0.00222778   -0.090274   0.0148724   0.0301558  0.00889521  0.00396412  -0.0126656     3.12922 -0.00918119     2.16137     2.95091  0.00789847  0.00567314 0.000646649
   0.0213613    -51.8613    -29.2272     5.80539   0.0510925     7.89092     4.58187  -0.0684527  0.00292358   -0.079634 -0.000345233 -0.00262138 -0.00121501 0.000721256  -0.0139741     3.32178   -0.009652     2.29437     3.13257  0.00474172  0.00429587 0.000980083
   0.0223366    -53.8535    -30.0327     6.40016   0.0557888     8.68603     5.09449  -0.0843452  0.00302263  -0.0981219 0.000884034 -0.00105528 -0.00110189   0.0056285  -0.0141607     3.51628 -0.00933877     2.42912     3.31574  0.00522064  0.00477656  0.00181991
   0.0233565    -55.6262    -30.5701     7.02156   0.0614598     9.52397     5.66721   -0.130856  0.00279388   -0.147736   0.0191043   0.0360138   0.0096685  0.00415559  -0.0148848     3.71029  -0.0097178     2.56366     3.49987  0.00740286  0.00662456   0.0023656
   0.0244229    -57.3768    -31.1609     7.68748   0.0687437     10.4154     6.27047     -0.1805  0.00293918   -0.200882   0.0383004   0.0749667   0.0209429  0.00541398  -0.0174882     3.90397  -0.0120792     2.69649     3.68209    0.010505  0.00779525  0.00187923
    0.025538    -58.8014    -31.3447     8.39057   0.0767797     11.3563     6.91002   -0.199873  0.00390814   -0.224205   0.0380537   0.0731144   0.0199498  0.00412223  -0.0222358     4.09571  -0.0158555     2.82804     3.86242  0.00907936   0.0065698 0.000619964
   0.0267041    -60.0839    -31.4117     9.12676    0.083588     12.3405     7.56324   -0.187977   0.0052371   -0.216796    0.017824   0.0292825  0.00631695  0.00172681  -0.0260014     4.28758  -0.0185591     2.96044     4.04418  0.00563917  0.00380822 -6.82323e-05
   0.0279233    -61.2072    -31.3355     9.90113   0.0884013     13.3711     8.25956   -0.187297  0.00587844   -0.221043  0.00269641 -0.00388582 -0.00416378 0.000428421  -0.0267771       4.481   -0.018495     3.09505     4.22763  0.00234098  0.00258365 0.000797838
   0.0291983    -62.0525    -30.9219     10.7123   0.0957955     14.4493     9.02264   -0.236934  0.00555675   -0.276397   0.0162493   0.0227789  0.00316573  0.00154521  -0.0266731     4.67494  -0.0184234       3.229     4.41127  0.00404813  0.00438366  0.00219304
   0.0305314    -62.8303     -30.484     11.5518    0.102195     15.5656     9.82409   -0.311715   0.0054566   -0.357566   0.0435176   0.0780628   0.0191758  0.00308455  -0.0292867     4.86965  -0.0202285     3.36349     4.59448   0.0078074  0.00632215  0.00193804
   0.0319254    -63.4413    -29.8449     12.4218     0.11002     16.7188     10.6357   -0.347204  0.00666677   -0.399801   0.0456419   0.0803953   0.0192486  0.00184156  -0.0363921     5.06443  -0.0251414     3.49751      4.7783  0.00741236  0.00474508 5.24048e-05
   0.0333831    -63.9652    -29.0965     13.3181    0.117217      17.906     11.4473   -0.341473  0.00817401   -0.401592    0.021417   0.0274263  0.00269901 -0.00100708  -0.0402486     5.26818  -0.0283782     3.63777     4.97122  0.00263737   0.0016209 -0.00043822
   0.0349073    -64.5192    -28.3822     14.2457    0.120657     19.1309        12.3   -0.375199  0.00824585   -0.443647   0.0190468    0.020481 -0.000207641 -0.00105522   -0.038606     5.48516  -0.0266808     3.78909     5.17713  0.00138354  0.00225823  0.00154908
   0.0365011    -65.0848    -27.6323     15.2037    0.131102     20.3941      13.248   -0.469542  0.00843152   -0.547097   0.0513737    0.085883   0.0185094  0.00045435  -0.0399887     5.71429  -0.0276585     3.94802     5.39324  0.00577763  0.00518281  0.00211843
   0.0381677    -65.7983    -27.0089       16.19    0.140608     21.6946     14.1107   -0.527278  0.00950713   -0.614653     0.06012    0.101441   0.0224072 -0.000130476   -0.047949      5.9565  -0.0345817     4.11419     5.62215  0.00627863   0.0036904 -0.000447416
   0.0399104    -66.7042    -26.5493     17.2101    0.151428      23.037     15.0028   -0.529977   0.0115047    -0.62808   0.0339867   0.0441412   0.0043117 -0.00338737  -0.0536468     6.22139  -0.0377311     4.29714     5.87396   0.0010003 0.000386761 -0.000746091
   0.0417327    -67.8533    -26.2874     18.2711    0.162662     24.4316     15.9539   -0.599548   0.0120806   -0.709586   0.0457331   0.0660057  0.00990486 -0.00300527  -0.0588848     6.52041    -0.04067     4.50368     6.15614  0.00183436  0.00277945  0.00216267
   0.0436381    -69.2897    -26.2744     19.3768    0.176808     25.8832     16.9551   -0.710056   0.0125713   -0.833449   0.0797483    0.134364   0.0294093 -0.00128596  -0.0653889     6.84351  -0.0432287     4.72684     6.46149  0.00657945  0.00443852 0.000914708
   0.0456306    -71.0087    -26.5057     20.5288    0.194146     27.3937     17.9452   -0.736375   0.0151008    -0.87464   0.0604396   0.0910593   0.0153519 -0.00442914   -0.075253     7.19193  -0.0519783      4.9675     6.79293  0.00192713 0.000320627 -0.00135489
    0.047714    -72.9567    -26.9287     21.7361    0.213858     28.9747     19.0012    -0.80057   0.0166423   -0.955827   0.0600717   0.0873869     0.01316 -0.00601252   -0.085789     7.56987  -0.0592524     5.22855     7.15183 0.000613763  0.00173956  0.00192044
   0.0498925    -75.0059    -27.4097     23.0041    0.236396     30.6319     20.1543   -0.937739   0.0179874    -1.11251   0.0994833    0.166777   0.0359274 -0.00422077  -0.0978007     7.96904  -0.0675514     5.50417     7.53034   0.0061161  0.00379063 0.000569466
   0.0521706    -77.0003    -27.8227     24.3259    0.261681     32.3569     21.3209   -0.980308   0.0209059    -1.17705   0.0777251    0.118245   0.0203438 -0.00795169     -0.1138      8.3782  -0.0786021     5.78686     7.91847 0.000808877 -0.00060804 -0.00168166
   0.0545526    -78.6623    -27.8833     25.7048    0.286806     34.1522     22.5994    -1.09423   0.0223281    -1.31565   0.0936328    0.148778   0.0283421 -0.00844608   -0.129002     8.78619  -0.0891026     6.07279     8.31071  0.00190861  0.00297329  0.00275186
   0.0570434    -79.6796    -27.2952     27.1274    0.310957     36.0008     23.9617    -1.23138   0.0235088    -1.48058    0.118757    0.198682   0.0423746 -0.00806797   -0.145306     9.17386   -0.100354     6.33644     8.67724  0.00449812  0.00168575 -0.00130579
   0.0596479    -79.7933     -25.843     28.5751    0.330271      37.875     25.3452    -1.29839   0.0241143     -1.5775   0.0971132    0.150959   0.0270957  -0.0112435   -0.160955     9.52239   -0.110867     6.57752     9.00841 -0.000485231 -0.000275417 0.000491525
   0.0623713    -78.6504    -23.1643     30.0301      0.3418     39.7532     26.8283    -1.48369   0.0221578    -1.79478    0.142337    0.243393   0.0540166 -0.00848709   -0.171749     9.81453   -0.118627     6.77895     9.28583  0.00568732  0.00298668 0.000507523
   0.0652191    -76.1112    -19.1715     31.4488    0.343597     41.5782     28.2441    -1.55782   0.0219354    -1.90132    0.119379    0.193451   0.0383572  -0.0121552   -0.180452     10.0332    -0.12533     6.92931     9.49361 -0.000334371   -0.001047 -0.000828897
   0.0681969    -72.2342    -13.9648     32.8186    0.329877      43.332     29.6749     -1.7362   0.0173268    -2.11074    0.160237    0.277392   0.0630486 -0.00852871   -0.179273     10.1823   -0.123833     7.03376     9.63317   0.0045772  0.00366412  0.00195078
   0.0713107    -67.1463    -7.65245     34.0968    0.304373     44.9646     30.9483    -1.80953   0.0138932    -2.21265    0.143608    0.242042   0.0519667 -0.00986174   -0.172979      10.266   -0.119468     7.08995     9.70783 0.000117942  -0.0019887 -0.00218311
   0.0745666    -61.4351   -0.903898     35.2725    0.266416     46.4552      32.138    -1.96302  0.00773242    -2.38987    0.183595     0.32525   0.0766489 -0.00563245   -0.157325      10.309   -0.107781     7.12117      9.7446  0.00479342  0.00256325 0.000893984
   0.0779712    -55.6922     5.69339     36.3242    0.226336     47.7849     33.1151    -2.00143   0.0050932    -2.44603    0.165996    0.288404   0.0655024 -0.00826001    -0.14135     10.3403  -0.0976309     7.14212     9.76814 -0.000747911 -0.00067401 -0.000511734
   0.0815313    -50.5374     11.5565      37.267    0.187627     48.9707     33.9962     -2.1201 0.000198986    -2.57631    0.209974    0.380511   0.0931761 -0.00446514   -0.122833     10.4056  -0.0850367     7.18699     9.82385  0.00548789  0.00216976 3.63008e-05
   0.0852539    -46.8307     15.8016     38.1137    0.162622     50.0315      34.746    -2.12347 -0.00173829    -2.58563    0.198004    0.356101   0.0860608 -0.00654343      -0.114     10.5374   -0.078743     7.27818     9.94473   0.0016023 -5.93106e-05 -0.000289209
   0.0891464    -44.7448     18.3749     38.8973    0.160237     51.0105     35.5055     -2.1744 -0.00167462    -2.63951    0.222806    0.409165    0.102118 -0.00648598    -0.11973     10.7609  -0.0826973      7.4326     10.1559  0.00372456 -0.00166695 -0.00101756
   0.0932167    -44.3365     19.2633     39.6443    0.183393     51.9428     36.3362    -2.22579 -0.000761759    -2.69478    0.249287    0.465777    0.119641 -0.00706831   -0.143296     11.0781  -0.0989858     7.65166     10.4602  0.00614116  0.00405362 0.000487127
   0.0974729     -45.253     18.8575     40.3806     0.23112     52.8599     37.2935    -2.23116  0.00129866    -2.70826    0.242096     0.45228     0.11633  -0.0103194   -0.187888     11.4652   -0.129788     7.91904     10.8362  0.00313298 -0.000552682 -0.000542983
    0.101923    -46.3278     18.4427     41.1148    0.290961     53.7736     38.3805    -2.31102  0.00222493     -2.8033    0.266848     0.50657    0.132745  -0.0112683   -0.244228     11.8746    -0.16869      8.2019      11.235  0.00513599 5.28304e-05  -0.0019305
    0.106577    -46.5937     18.8401     41.8299    0.340082     54.6595     39.5128    -2.43027 0.000814294    -2.94552    0.299263    0.577265    0.155074  -0.0101005   -0.296107      12.234   -0.204576     8.45001     11.5857  0.00869717  0.00180275 -0.000158187
    0.111443    -44.9358     21.0772     42.4944    0.356222     55.4759     40.4478    -2.53005  -0.0020231    -3.07246    0.309521    0.601885    0.163951 -0.00955597   -0.326274      12.485   -0.225358     8.62342     11.8281  0.00843757  0.00133095 0.000119796
    0.116531    -40.8569     25.4675     43.0724     0.32274     56.1765     40.9685    -2.61914 -0.00593003     -3.1857    0.316104    0.619767    0.169962  -0.0085334   -0.317711     12.5975   -0.219464     8.70112     11.9291  0.00759488 6.98993e-05 -0.00171926
    0.121852    -35.0616     31.1253      43.531    0.242314     56.7193     41.0465    -2.69711 -0.00917214    -3.27826    0.333543    0.660473    0.183903 -0.00737986   -0.268901     12.5893   -0.185731     8.69551     11.9058  0.00769391 -0.000128466 -0.000919154
    0.127416    -28.6388     37.0326     43.8691    0.138021      57.104     40.7299    -2.73223   -0.011087    -3.31144     0.35806     0.71641     0.20228 -0.00547082   -0.192943     12.5389   -0.133279     8.66067     11.8356   0.0110842 0.000326973 -0.00185336
    0.133233    -23.2274     41.7472      44.098   0.0511238      57.347     40.3583    -2.70756  -0.0133015    -3.26798    0.382903    0.773274    0.220993 -0.00528006   -0.126885     12.5207  -0.0876411     8.64809     11.7991   0.0134545 0.000823861 -0.00202751
    0.139317    -20.1652     44.5422     44.2417   0.0172734     57.4808     40.3503    -2.64129  -0.0153582    -3.17296    0.407046    0.828964    0.239471 -0.00469866   -0.105708     12.5956  -0.0730305     8.69983     11.8629   0.0161087  0.00133583 -0.00234831
    0.145678    -18.5545     45.8397      44.322   0.0489394     57.5339     40.8566    -2.56481  -0.0206996    -3.06763    0.429452    0.881336    0.257122 -0.00202212   -0.146558     12.7714   -0.101247     8.82123     12.0385   0.0181305  0.00142766 -0.00253946
    0.152329     -18.337     46.4296     44.3323    0.122492     57.4985       41.83    -2.51983  -0.0292061    -3.00418     0.45172     0.93563    0.275424  0.00452772   -0.233298     12.9939   -0.161124     8.97492     12.2701   0.0208425  0.00171936 -0.00299383
    0.159284    -17.6919      47.442     44.2626    0.186107      57.361      42.715    -2.51958   -0.040141    -2.99794    0.475186    0.986576    0.292803   0.0123705   -0.315356     13.1871   -0.217818     9.10836     12.4722    0.023324   0.0018715 -0.00318853
    0.166557    -15.5293     49.2868     44.0984    0.190242     57.1015      42.828     -2.5529  -0.0437806    -3.03136     0.50346     1.05568    0.315553   0.0172064   -0.337754     13.2927   -0.233258     9.18137     12.5753   0.0274433  0.00282239 -0.00333373
    0.174162    -12.1285     51.4328     43.8543    0.125442     56.7379     42.0836    -2.57417  -0.0367545    -3.04632    0.534892     1.12434    0.337973   0.0138787   -0.281915     13.3163   -0.194751     9.19769     12.5798   0.0316271  0.00382941 -0.00339931
    0.182113    -8.43378     53.2827     43.5507   0.0346513     56.2967     40.8357    -2.54627  -0.0242398    -2.99819    0.564032     1.19237    0.359987  0.00524363   -0.189921     13.3084   -0.131189     9.19216     12.5454   0.0361402   0.0046001 -0.00412891
    0.190428    -5.56111     54.6324     43.2076  -0.0194804      55.805     39.9341    -2.46209  -0.0186911    -2.88096    0.586942     1.24238    0.376552 0.000615288    -0.13475     13.3249  -0.0930687     9.20362     12.5448   0.0394756  0.00483311 -0.00467964
    0.199123    -3.83009     55.8733      42.809 -0.00854454      55.244     39.9655    -2.38304  -0.0291943    -2.76675    0.619607     1.31537    0.400127   0.0103619   -0.157518     13.3746   -0.108799     9.23793     12.5969   0.0447921  0.00606746 -0.00506644
    0.208215     -2.4777      57.243     42.3247   0.0369273     54.5754     40.3501    -2.31903  -0.0488896    -2.67449    0.648268      1.3799    0.421193   0.0298231   -0.227073     13.4288   -0.156839     9.27534     12.6656   0.0497567  0.00710579  0.00310852
    0.217722   -0.933918     58.3931     41.7472   0.0583598     53.7888     40.3594    -2.27352  -0.0593693    -2.60715    0.674022     1.43774    0.440054   0.0427455   -0.267327     13.4609   -0.184644      9.2975     12.7049   0.0545552  0.00815317 -0.00608245
    0.227662    0.913793     58.8069     41.0998   0.0308247     52.9127      39.553    -2.23456  -0.0499354    -2.54676    0.700589     1.49616    0.458646   0.0371583   -0.238476     13.4698   -0.164721     9.30367     12.7036   0.0598605  0.00959113 -0.00654452
    0.238057     2.74635     58.5632     40.4216  -0.0146302     51.9978     38.2793    -2.17542  -0.0328938    -2.46027    0.725464     1.55023    0.475592   0.0223868   -0.179263     13.4735   -0.123818     9.30621     12.6893   0.0650559   0.0110835 -0.00705661
    0.248927     4.23736     58.6792     39.7205  -0.0330813     51.0559     37.5277    -2.09811  -0.0302903    -2.35265      0.7454     1.59352    0.489163   0.0210629   -0.156908     13.4647   -0.108377      9.3001     12.6743   0.0697126   0.0126185 -0.00747003
    0.260292      5.5697     59.2692     38.9649  -0.0215148     50.0463     37.1552    -2.02172  -0.0446591    -2.24717    0.763114     1.63194    0.501253   0.0391257   -0.180779     13.4454   -0.124866     9.28681     12.6618   0.0742303   0.0144131 -0.00782046
    0.272177     6.82172     59.5706     38.1468   -0.013476     48.9588     36.6292    -1.94572   -0.054327    -2.14438    0.776419     1.66064     0.51027   0.0533263   -0.198965     13.4163   -0.137426     9.26667     12.6382   0.0782578   0.0163244 -0.00809432
    0.284604     7.93085      59.268     37.2831  -0.0261354     47.8141     35.7906    -1.86403  -0.0459723    -2.03658    0.783459     1.67549    0.514837   0.0462323   -0.180424      13.387    -0.12462     9.24648     12.6045   0.0814434   0.0182173 -0.00831237
    0.297598     8.88646       58.45     36.3954  -0.0412819     46.6408     34.7639    -1.77477  -0.0357986    -1.92158    0.783893     1.67594    0.514841   0.0353596   -0.155137     13.3532   -0.107155     9.22312     12.5649   0.0835468   0.0200356 -0.00846967
    0.311186     9.78439     58.0619     35.4829  -0.0438576     45.4385     33.9432    -1.67482  -0.0388756    -1.79767    0.774482     1.65571    0.508626   0.0406484   -0.151698     13.3037   -0.104788     9.18892     12.5168   0.0840708   0.0214875 -0.00853097
    0.325395     10.6284     57.7295     34.5337  -0.0431791     44.1885     33.1198    -1.55867  -0.0437464    -1.65797     0.75459     1.61352    0.495827   0.0484585   -0.154364     13.2428    -0.10662     9.14686     12.4592   0.0827445     0.02253  -0.0195375
    0.340252     11.2736     56.8031     33.5606  -0.0474783     42.9154     32.1749    -1.45177  -0.0401897     -1.5287    0.737399     1.57684    0.484603   0.0445519   -0.140681     13.1823  -0.0971795     9.10506     12.3982   0.0817763   0.0243154 -0.00868084
    0.355787     11.8544     55.9411     32.5706   -0.051809     41.6205     31.2094    -1.31735  -0.0353574    -1.37425     0.69924     1.49642    0.460291    0.037344    -0.13688     13.1101  -0.0945544     9.05521     12.3288   0.0771675   0.0244492 -0.00885937
    0.372032     12.3237     54.9749     31.5612  -0.0535296     40.3031     30.2219    -1.16262  -0.0357133    -1.19061    0.668823     1.43249     0.44103   0.0379228   -0.127702     13.0326  -0.0882161      9.0017     12.2528   0.0735318   0.0255188 -0.00849342
    0.389018     12.5847     53.9025     30.5454  -0.0546691     38.9818     29.2551    -1.04217  -0.0350639    -1.06271    0.613754     1.31731    0.406494   0.0357569   -0.122342     12.9482  -0.0845515     8.94338     12.1714   0.0655834   0.0242348 -0.00873153
     0.40678     13.0275     52.8183      29.519  -0.0559963     37.6447     28.2202   -0.889876  -0.0320686   -0.894546    0.558547     1.20228     0.37216   0.0295923   -0.115664     12.8565  -0.0798806     8.88002      12.083   0.0573364   0.0223299 -0.00930882
    0.425353     13.2195      51.498      28.486  -0.0557249     36.3038     27.2086   -0.740817  -0.0303883   -0.730668    0.504011     1.08895    0.338422   0.0252999   -0.109908     12.7592  -0.0759118     8.81217     11.9889   0.0488971   0.0205201 -0.00926307
    0.444774     13.3774      50.262     27.4539  -0.0569077      34.966      26.235   -0.600113  -0.0293773   -0.577853     0.44942    0.975857    0.304887   0.0220181   -0.106073     12.6546   -0.073254     8.74047     11.8896   0.0402348   0.0183019 -0.00909047
    0.465082       13.45      48.891     26.4258  -0.0569312     33.6355     25.1515   -0.482433  -0.0280103   -0.448484    0.408743    0.892137    0.280255   0.0185981  -0.0990796     12.5471  -0.0684637     8.66684     11.7873   0.0337951   0.0174034 -0.00802499
    0.486317      13.443     47.4675     25.4007  -0.0565913     32.3108     24.2238   -0.350954  -0.0266755   -0.306367    0.357258    0.785722    0.248784    0.016006  -0.0935746     12.4321  -0.0646388     8.58694     11.6769   0.0254627   0.0140195 -0.00795477
    0.508521     13.4136     46.0834     24.3835  -0.0560502      30.998     23.2209   -0.238218  -0.0254913   -0.185867    0.311075    0.690437    0.220691   0.0117556  -0.0889649     12.3127  -0.0613952      8.5044     11.5635   0.0180072   0.0109182 -0.00764543
     0.53174     13.2753     44.4976     23.3784  -0.0552198     29.7026     22.1357   -0.115203  -0.0239312  -0.0539252    0.260897    0.586607    0.189936  0.00820013  -0.0844248     12.1851  -0.0583174     8.41629     11.4414   0.0102385  0.00664564 -0.00875663
    0.556018     13.1493       43.12     22.3882  -0.0542741     28.4279       21.35  -0.0415901  -0.0230053   0.0261927    0.234522    0.531836    0.174065  0.00669181  -0.0795859     12.0586  -0.0549795     8.32893     11.3218  0.00618962  0.00442465  -0.0068592
    0.581405     12.9309     41.5043     21.4109  -0.0531784     27.1714     20.2602   0.0255618  -0.0219462   0.0981909    0.207622    0.476392    0.157314  0.00542017  -0.0749524     11.9252   -0.051772     8.23681     11.1955  0.00233219  0.00197493 -0.00520166
    0.607951     12.6801     39.9546     20.4571  -0.0518779      25.946     19.3752   0.0794444  -0.0210108    0.158718     0.19202    0.443736    0.147536  0.00491093  -0.0704424     11.7877  -0.0486585     8.14181     11.0646 0.000450555 0.000627925 -0.00476758
    0.635709     12.4547     38.5794     19.5185   -0.050764     24.7419     18.6303   0.0907178  -0.0207344    0.172297     0.19379    0.442326    0.148436  0.00596616  -0.0655282     11.6468  -0.0452542     8.04452     10.9307  0.00168547 0.000933047 -0.00417218
    0.664735      12.079     36.7835     18.6013   -0.049066      23.566     17.4969    0.148544  -0.0194609      0.2334    0.162825    0.387207    0.128818   0.0045091   -0.062747     11.5007  -0.0433381      7.9436     10.7925 -0.00236398 -0.00205444 -0.00516079
    0.695086     11.8095     35.4862     17.7063  -0.0470169     22.4203     16.8435    0.235086  -0.0179811    0.322417    0.121136    0.294816    0.102719  0.00195867  -0.0621608     11.3492  -0.0429191     7.83897     10.6502 -0.00868254 -0.00853361 -0.00896927
    0.726822     11.4404     33.8931     16.8065  -0.0433499     21.2702     15.8068    0.464919  -0.0148157    0.546095  -0.0218383 -0.000393684   0.0150027 -0.00863888  -0.0805134     11.1761  -0.0556113     7.71942     10.4935  -0.0334771  -0.0346273  -0.0301287
    0.760008     10.9773     32.0814     15.8649  -0.0334341     20.0697     14.3247     1.28624 -0.00566035     1.34781   -0.523576    -1.03304   -0.288656  -0.0481148    -0.12517     10.9668  -0.0864472       7.576     10.3129   -0.123984   -0.132251   -0.123355
    0.794709     10.5647      30.569     14.6919 -0.00458479     18.5825     12.3123     3.47218   0.0189501     3.45612    -1.91356     -3.8924    -1.13018   -0.159169   -0.303339     10.5945   -0.209508     7.31756     10.0067   -0.376851   -0.407125   -0.427909
    0.830994      9.7058     27.6856     13.0084    0.059224       16.46     8.69887     6.52473   0.0546474     6.31251    -4.03009    -8.24089    -2.40814   -0.327688   -0.726962     9.86498    -0.50202      6.8147     9.43438   -0.764882   -0.850985    -1.16663
