7.418420000000000222e-03 6.601010000000000582e+04 nan
1.602939999999999920e-02 6.329009999999999854e+04 nan
2.563040000000000110e-02 6.196259999999999854e+04 nan
3.544320000000000109e-02 4.619659999999999854e+04 nan
4.538640000000000035e-02 3.713280000000000291e+04 nan
5.532379999999999937e-02 3.096959999999999854e+04 nan
6.525789999999999369e-02 2.711670000000000073e+04 nan
7.523349999999999482e-02 2.388379999999999927e+04 nan
8.520999999999999408e-02 2.017109999999999854e+04 nan
9.518069999999999309e-02 1.754929999999999927e+04 nan
1.051750000000000046e-01 1.482210000000000036e+04 nan
1.151640000000000025e-01 1.302579999999999927e+04 nan
1.251309999999999922e-01 1.208300000000000000e+04 nan
1.351179999999999881e-01 1.099660000000000036e+04 nan
1.451210000000000000e-01 9.952049999999999272e+03 nan
1.551160000000000039e-01 8.674690000000000509e+03 nan
1.650969999999999938e-01 7.896210000000000036e+03 nan
1.750869999999999926e-01 7.385000000000000000e+03 nan
1.850849999999999995e-01 6.752489999999999782e+03 nan
1.950800000000000034e-01 6.206140000000000327e+03 nan
2.050730000000000053e-01 5.781109999999999673e+03 nan
2.150690000000000102e-01 5.270890000000000327e+03 nan
2.250689999999999913e-01 5.082300000000000182e+03 nan
2.350710000000000022e-01 4.629220000000000255e+03 nan
2.450720000000000121e-01 4.376340000000000146e+03 nan
2.550649999999999862e-01 4.029610000000000127e+03 nan
2.650620000000000198e-01 3.749369999999999891e+03 nan
2.750659999999999772e-01 3.548460000000000036e+03 nan
2.850639999999999841e-01 3.397889999999999873e+03 nan
2.950599999999999890e-01 3.191349999999999909e+03 nan
3.050590000000000246e-01 2.951610000000000127e+03 nan
3.150580000000000047e-01 2.823059999999999945e+03 nan
3.250529999999999808e-01 2.671019999999999982e+03 nan
3.350529999999999897e-01 2.569550000000000182e+03 nan
3.450520000000000254e-01 2.452940000000000055e+03 nan
3.550470000000000015e-01 2.333260000000000218e+03 nan
3.650470000000000104e-01 2.192760000000000218e+03 nan
3.750459999999999905e-01 2.072219999999999800e+03 nan
3.850439999999999974e-01 1.962730000000000018e+03 nan
3.950409999999999755e-01 1.920960000000000036e+03 nan
4.050400000000000111e-01 1.839109999999999900e+03 nan
4.150360000000000160e-01 1.755799999999999955e+03 nan
4.250340000000000229e-01 1.658500000000000000e+03 nan
4.350359999999999783e-01 1.568839999999999918e+03 nan
4.450370000000000159e-01 1.535359999999999900e+03 nan
4.550370000000000248e-01 1.495509999999999991e+03 nan
4.650380000000000069e-01 1.393539999999999964e+03 nan
4.750380000000000158e-01 1.381309999999999945e+03 nan
4.850349999999999939e-01 1.287839999999999918e+03 nan
4.950339999999999741e-01 1.251640000000000100e+03 nan
5.050360000000000404e-01 1.189420000000000073e+03 nan
5.150350000000000206e-01 1.154819999999999936e+03 nan
5.250310000000000255e-01 1.138779999999999973e+03 nan
5.350310000000000343e-01 1.101519999999999982e+03 nan
5.450329999999999897e-01 1.022570000000000050e+03 nan
5.550319999999999698e-01 9.904579999999999700e+02 nan
5.650279999999999747e-01 9.852939999999999827e+02 nan
5.750300000000000411e-01 9.585460000000000491e+02 nan
5.850300000000000500e-01 9.398730000000000473e+02 nan
5.950280000000000014e-01 9.166820000000000164e+02 nan
6.050280000000000102e-01 8.539299999999999500e+02 nan
6.150269999999999904e-01 8.407359999999999900e+02 nan
6.250259999999999705e-01 8.254819999999999709e+02 nan
6.350259999999999794e-01 8.090339999999999918e+02 nan
6.450270000000000170e-01 7.855800000000000409e+02 nan
6.550240000000000506e-01 7.807849999999999682e+02 nan
6.650230000000000308e-01 7.369880000000000564e+02 nan
6.750239999999999574e-01 7.266960000000000264e+02 nan
6.850260000000000238e-01 7.250769999999999982e+02 nan
6.950269999999999504e-01 7.055549999999999500e+02 nan
7.050239999999999840e-01 6.994800000000000182e+02 nan
7.150239999999999929e-01 6.983450000000000273e+02 nan
7.250250000000000306e-01 6.778250000000000455e+02 nan
7.350240000000000107e-01 6.727680000000000291e+02 nan
7.450219999999999620e-01 6.730839999999999463e+02 nan
7.550219999999999709e-01 6.875769999999999982e+02 nan
7.650230000000000086e-01 6.564349999999999454e+02 nan
7.750230000000000175e-01 6.776140000000000327e+02 nan
7.850219999999999976e-01 6.714249999999999545e+02 nan
7.950209999999999777e-01 6.542140000000000555e+02 nan
8.050209999999999866e-01 7.053220000000000027e+02 nan
8.150199999999999667e-01 7.194470000000000027e+02 nan
8.250199999999999756e-01 7.278959999999999582e+02 nan
8.350199999999999845e-01 7.338859999999999673e+02 nan
8.450180000000000469e-01 7.469969999999999573e+02 nan
8.550189999999999735e-01 7.975299999999999727e+02 nan
8.650189999999999824e-01 8.156760000000000446e+02 nan
8.750179999999999625e-01 8.610589999999999691e+02 nan
8.850170000000000536e-01 8.990520000000000209e+02 nan
8.950190000000000090e-01 9.570399999999999636e+02 nan
9.050200000000000466e-01 1.011629999999999995e+03 nan
9.150190000000000268e-01 1.054309999999999945e+03 nan
9.250169999999999781e-01 1.134680000000000064e+03 nan
9.350180000000000158e-01 1.224859999999999900e+03 nan
9.450180000000000247e-01 1.313359999999999900e+03 nan
9.550170000000000048e-01 1.413880000000000109e+03 nan
9.650159999999999849e-01 1.526480000000000018e+03 nan
9.750159999999999938e-01 1.676089999999999918e+03 nan
9.850160000000000027e-01 1.806240000000000009e+03 nan
9.950170000000000403e-01 1.988059999999999945e+03 nan
7.418420000000000222e-03 1.831959999999999854e+04 nan
1.602939999999999920e-02 3.353469999999999709e+04 nan
2.563040000000000110e-02 1.671040000000000146e+04 nan
3.544320000000000109e-02 1.543720000000000073e+04 nan
4.538640000000000035e-02 1.362939999999999964e+04 nan
5.532379999999999937e-02 1.204250000000000000e+04 nan
6.525789999999999369e-02 9.883350000000000364e+03 nan
7.523349999999999482e-02 9.148430000000000291e+03 nan
8.520999999999999408e-02 7.727159999999999854e+03 nan
9.518069999999999309e-02 6.414500000000000000e+03 nan
1.051750000000000046e-01 4.973579999999999927e+03 nan
1.151640000000000025e-01 4.019960000000000036e+03 nan
1.251309999999999922e-01 3.903739999999999782e+03 nan
1.351179999999999881e-01 3.143000000000000000e+03 nan
1.451210000000000000e-01 2.481570000000000164e+03 nan
1.551160000000000039e-01 2.518380000000000109e+03 nan
1.650969999999999938e-01 2.257590000000000146e+03 nan
1.750869999999999926e-01 2.223510000000000218e+03 nan
1.850849999999999995e-01 1.750990000000000009e+03 nan
1.950800000000000034e-01 1.239019999999999982e+03 nan
2.050730000000000053e-01 1.240589999999999918e+03 nan
2.150690000000000102e-01 1.259150000000000091e+03 nan
2.250689999999999913e-01 9.287609999999999673e+02 nan
2.350710000000000022e-01 8.238419999999999845e+02 nan
2.450720000000000121e-01 4.571039999999999850e+02 nan
2.550649999999999862e-01 6.410879999999999654e+02 nan
2.650620000000000198e-01 4.515140000000000100e+02 nan
2.750659999999999772e-01 4.458580000000000041e+02 nan
2.850639999999999841e-01 2.136419999999999959e+02 nan
2.950599999999999890e-01 2.093859999999999957e+02 nan
3.050590000000000246e-01 1.490149999999999864e+02 nan
3.150580000000000047e-01 7.554999999999999716e+01 nan
3.250529999999999808e-01 -4.654740000000000322e+01 nan
3.350529999999999897e-01 -9.968529999999999802e+01 nan
3.450520000000000254e-01 -1.151050000000000040e+02 nan
3.550470000000000015e-01 -1.465999999999999943e+02 nan
3.650470000000000104e-01 -2.640980000000000132e+02 nan
3.750459999999999905e-01 -2.907069999999999936e+02 nan
3.850439999999999974e-01 -3.396490000000000009e+02 nan
3.950409999999999755e-01 -3.496480000000000246e+02 nan
4.050400000000000111e-01 -3.650930000000000177e+02 nan
4.150360000000000160e-01 -3.090350000000000250e+02 nan
4.250340000000000229e-01 -3.966589999999999918e+02 nan
4.350359999999999783e-01 -3.851390000000000100e+02 nan
4.450370000000000159e-01 -3.869510000000000218e+02 nan
4.550370000000000248e-01 -4.008530000000000086e+02 nan
4.650380000000000069e-01 -3.920450000000000159e+02 nan
4.750380000000000158e-01 -5.299519999999999982e+02 nan
4.850349999999999939e-01 -4.611370000000000005e+02 nan
4.950339999999999741e-01 -4.572099999999999795e+02 nan
5.050360000000000404e-01 -4.703919999999999959e+02 nan
5.150350000000000206e-01 -5.095450000000000159e+02 nan
5.250310000000000255e-01 -4.683149999999999977e+02 nan
5.350310000000000343e-01 -5.284700000000000273e+02 nan
5.450329999999999897e-01 -5.080020000000000095e+02 nan
5.550319999999999698e-01 -4.238349999999999795e+02 nan
5.650279999999999747e-01 -4.891460000000000150e+02 nan
5.750300000000000411e-01 -4.627620000000000005e+02 nan
5.850300000000000500e-01 -5.271920000000000073e+02 nan
5.950280000000000014e-01 -4.689730000000000132e+02 nan
6.050280000000000102e-01 -5.106580000000000155e+02 nan
6.150269999999999904e-01 -5.032839999999999918e+02 nan
6.250259999999999705e-01 -5.050889999999999986e+02 nan
6.350259999999999794e-01 -4.776109999999999900e+02 nan
6.450270000000000170e-01 -5.094649999999999750e+02 nan
6.550240000000000506e-01 -5.315729999999999791e+02 nan
6.650230000000000308e-01 -5.302759999999999536e+02 nan
6.750239999999999574e-01 -4.687930000000000064e+02 nan
6.850260000000000238e-01 -5.029529999999999745e+02 nan
6.950269999999999504e-01 -5.023990000000000009e+02 nan
7.050239999999999840e-01 -4.543199999999999932e+02 nan
7.150239999999999929e-01 -5.189310000000000400e+02 nan
7.250250000000000306e-01 -4.744139999999999873e+02 nan
7.350240000000000107e-01 -4.698190000000000168e+02 nan
7.450219999999999620e-01 -4.838109999999999786e+02 nan
7.550219999999999709e-01 -5.213799999999999955e+02 nan
7.650230000000000086e-01 -4.713399999999999750e+02 nan
7.750230000000000175e-01 -4.927839999999999918e+02 nan
7.850219999999999976e-01 -4.585799999999999841e+02 nan
7.950209999999999777e-01 -4.283990000000000009e+02 nan
8.050209999999999866e-01 -4.317529999999999859e+02 nan
8.150199999999999667e-01 -4.386759999999999877e+02 nan
8.250199999999999756e-01 -4.627040000000000077e+02 nan
8.350199999999999845e-01 -4.716150000000000091e+02 nan
8.450180000000000469e-01 -4.323750000000000000e+02 nan
8.550189999999999735e-01 -4.273240000000000123e+02 nan
8.650189999999999824e-01 -3.982210000000000036e+02 nan
8.750179999999999625e-01 -4.538690000000000282e+02 nan
8.850170000000000536e-01 -4.130799999999999841e+02 nan
8.950190000000000090e-01 -4.047139999999999986e+02 nan
9.050200000000000466e-01 -4.398679999999999950e+02 nan
9.150190000000000268e-01 -4.485579999999999927e+02 nan
9.250169999999999781e-01 -3.911979999999999791e+02 nan
9.350180000000000158e-01 -3.938539999999999850e+02 nan
9.450180000000000247e-01 -3.954780000000000086e+02 nan
9.550170000000000048e-01 -3.915899999999999750e+02 nan
9.650159999999999849e-01 -3.689540000000000077e+02 nan
9.750159999999999938e-01 -3.817459999999999809e+02 nan
9.850160000000000027e-01 -3.746349999999999909e+02 nan
9.950170000000000403e-01 -3.603319999999999936e+02 nan
7.418420000000000222e-03 1.782900000000000000e+04 nan
1.602939999999999920e-02 2.382790000000000146e+04 nan
2.563040000000000110e-02 7.313250000000000000e+03 nan
3.544320000000000109e-02 -7.171459999999999582e+02 nan
4.538640000000000035e-02 2.065780000000000200e+03 nan
5.532379999999999937e-02 1.352029999999999973e+03 nan
6.525789999999999369e-02 3.582929999999999836e+03 nan
7.523349999999999482e-02 3.226840000000000146e+03 nan
8.520999999999999408e-02 3.872509999999999764e+02 nan
9.518069999999999309e-02 -9.695750000000000455e+02 nan
1.051750000000000046e-01 -3.031399999999999864e+02 nan
1.151640000000000025e-01 -5.426810000000000400e+02 nan
1.251309999999999922e-01 6.148980000000000246e+01 nan
1.351179999999999881e-01 2.622749999999999915e+01 nan
1.451210000000000000e-01 2.583650000000000091e+02 nan
1.551160000000000039e-01 4.362169999999999845e+02 nan
1.650969999999999938e-01 6.225159999999999627e+02 nan
1.750869999999999926e-01 3.509519999999999982e+02 nan
1.850849999999999995e-01 4.537679999999999723e+02 nan
1.950800000000000034e-01 5.849220000000000255e+02 nan
2.050730000000000053e-01 2.492290000000000134e+02 nan
2.150690000000000102e-01 2.623870000000000147e+00 nan
2.250689999999999913e-01 2.270649999999999977e+02 nan
2.350710000000000022e-01 1.517290000000000134e+02 nan
2.450720000000000121e-01 1.374530000000000030e+02 nan
2.550649999999999862e-01 3.240629999999999882e+02 nan
2.650620000000000198e-01 8.496229999999999905e+01 nan
2.750659999999999772e-01 1.185109999999999957e+02 nan
2.850639999999999841e-01 1.675540000000000020e+02 nan
2.950599999999999890e-01 1.306399999999999864e+02 nan
3.050590000000000246e-01 2.136419999999999959e+02 nan
3.150580000000000047e-01 3.499870000000000232e+02 nan
3.250529999999999808e-01 3.562970000000000255e+02 nan
3.350529999999999897e-01 2.519619999999999891e+02 nan
3.450520000000000254e-01 3.335769999999999982e+02 nan
3.550470000000000015e-01 3.066050000000000182e+02 nan
3.650470000000000104e-01 2.372429999999999950e+02 nan
3.750459999999999905e-01 1.645560000000000116e+02 nan
3.850439999999999974e-01 2.558209999999999980e+02 nan
3.950409999999999755e-01 1.947129999999999939e+02 nan
4.050400000000000111e-01 2.063930000000000007e+02 nan
4.150360000000000160e-01 2.258549999999999898e+02 nan
4.250340000000000229e-01 2.249939999999999998e+02 nan
4.350359999999999783e-01 2.684039999999999964e+02 nan
4.450370000000000159e-01 1.490840000000000032e+02 nan
4.550370000000000248e-01 1.316860000000000070e+02 nan
4.650380000000000069e-01 2.586399999999999864e+02 nan
4.750380000000000158e-01 2.243009999999999877e+02 nan
4.850349999999999939e-01 2.038880000000000052e+02 nan
4.950339999999999741e-01 2.035829999999999984e+02 nan
5.050360000000000404e-01 2.819759999999999991e+02 nan
5.150350000000000206e-01 2.821170000000000186e+02 nan
5.250310000000000255e-01 2.485399999999999920e+02 nan
5.350310000000000343e-01 2.809750000000000227e+02 nan
5.450329999999999897e-01 2.283060000000000116e+02 nan
5.550319999999999698e-01 1.910769999999999982e+02 nan
5.650279999999999747e-01 1.627649999999999864e+02 nan
5.750300000000000411e-01 2.463189999999999884e+02 nan
5.850300000000000500e-01 2.729630000000000223e+02 nan
5.950280000000000014e-01 2.735140000000000100e+02 nan
6.050280000000000102e-01 2.090900000000000034e+02 nan
6.150269999999999904e-01 2.351430000000000007e+02 nan
6.250259999999999705e-01 2.663709999999999809e+02 nan
6.350259999999999794e-01 2.535999999999999943e+02 nan
6.450270000000000170e-01 2.555629999999999882e+02 nan
6.550240000000000506e-01 2.517539999999999907e+02 nan
6.650230000000000308e-01 2.474039999999999964e+02 nan
6.750239999999999574e-01 2.578999999999999773e+02 nan
6.850260000000000238e-01 2.553499999999999943e+02 nan
6.950269999999999504e-01 2.796539999999999964e+02 nan
7.050239999999999840e-01 1.953470000000000084e+02 nan
7.150239999999999929e-01 2.888679999999999950e+02 nan
7.250250000000000306e-01 2.404989999999999952e+02 nan
7.350240000000000107e-01 2.200980000000000132e+02 nan
7.450219999999999620e-01 1.799759999999999991e+02 nan
7.550219999999999709e-01 2.011970000000000027e+02 nan
7.650230000000000086e-01 2.093360000000000127e+02 nan
7.750230000000000175e-01 1.782009999999999934e+02 nan
7.850219999999999976e-01 1.212579999999999956e+02 nan
7.950209999999999777e-01 1.345190000000000055e+02 nan
8.050209999999999866e-01 2.330029999999999859e+02 nan
8.150199999999999667e-01 2.114480000000000075e+02 nan
8.250199999999999756e-01 2.130480000000000018e+02 nan
8.350199999999999845e-01 1.726980000000000075e+02 nan
8.450180000000000469e-01 1.541870000000000118e+02 nan
8.550189999999999735e-01 1.374079999999999870e+02 nan
8.650189999999999824e-01 1.366769999999999925e+02 nan
8.750179999999999625e-01 1.054129999999999967e+02 nan
8.850170000000000536e-01 8.068729999999999336e+01 nan
8.950190000000000090e-01 4.709709999999999752e+01 nan
9.050200000000000466e-01 9.090349999999999397e+01 nan
9.150190000000000268e-01 8.021590000000000487e+01 nan
9.250169999999999781e-01 1.774309999999999832e+01 nan
9.350180000000000158e-01 -5.134960000000000235e+01 nan
9.450180000000000247e-01 -5.623239999999999839e+01 nan
9.550170000000000048e-01 -1.028089999999999975e+02 nan
9.650159999999999849e-01 -1.285010000000000048e+02 nan
9.750159999999999938e-01 -1.842170000000000130e+02 nan
9.850160000000000027e-01 -2.233439999999999941e+02 nan
9.950170000000000403e-01 -2.977099999999999795e+02 nan
