6.947209999999999670e-03 6.304150000000000000e+04 1.433722427808116481e+04
1.597660000000000052e-02 9.230030000000000291e+04 7.744733694582403587e+03
2.579189999999999955e-02 6.728610000000000582e+04 3.398735058812322222e+03
3.567239999999999994e-02 5.224590000000000146e+04 1.903176292412239945e+03
4.539529999999999954e-02 4.297559999999999854e+04 1.263752349157064828e+03
5.528919999999999668e-02 3.529719999999999709e+04 8.386495096284263582e+02
6.533519999999999606e-02 3.186990000000000146e+04 6.443609237065822981e+02
7.527010000000000645e-02 2.764129999999999927e+04 5.065382512703261000e+02
8.524139999999999495e-02 2.245770000000000073e+04 3.667505964548660700e+02
9.517509999999999859e-02 1.876029999999999927e+04 2.761678837229267742e+02
1.050750000000000017e-01 1.616200000000000000e+04 2.179988532079928234e+02
1.151260000000000061e-01 1.475000000000000000e+04 1.829027063769150629e+02
1.251659999999999995e-01 1.337310000000000036e+04 1.568668224960268560e+02
1.351449999999999874e-01 1.218329999999999927e+04 1.322127074074197992e+02
1.451300000000000090e-01 1.080860000000000036e+04 1.128055849681211527e+02
1.550920000000000076e-01 9.747479999999999563e+03 9.699159757422289374e+01
1.651120000000000088e-01 8.668360000000000582e+03 8.205102071272483499e+01
1.751230000000000009e-01 8.043779999999999745e+03 7.327161797039832436e+01
1.850799999999999945e-01 7.538510000000000218e+03 6.612397447219881030e+01
1.950570000000000082e-01 6.828279999999999745e+03 5.823993475271070253e+01
2.050559999999999883e-01 6.377279999999999745e+03 5.235933536629356411e+01
2.150849999999999984e-01 5.819159999999999854e+03 4.661512630037593397e+01
2.251009999999999955e-01 5.463560000000000400e+03 4.269273942955640422e+01
2.350889999999999924e-01 5.035329999999999927e+03 3.852310994714731152e+01
2.450890000000000013e-01 4.786680000000000291e+03 3.584675717551031227e+01
2.550620000000000109e-01 4.486250000000000000e+03 3.316127259319220144e+01
2.650509999999999811e-01 4.147100000000000364e+03 3.012792724367210795e+01
2.750659999999999772e-01 3.871599999999999909e+03 2.776207845245020422e+01
2.850409999999999888e-01 3.667050000000000182e+03 2.603499567889343780e+01
2.950479999999999769e-01 3.447289999999999964e+03 2.400706146116179696e+01
3.050610000000000266e-01 3.266090000000000146e+03 2.265261574299974612e+01
3.150439999999999907e-01 3.066000000000000000e+03 2.111935131579566161e+01
3.250680000000000236e-01 2.894360000000000127e+03 1.978143068637857738e+01
3.350650000000000017e-01 2.727550000000000182e+03 1.866185950006054384e+01
3.450489999999999946e-01 2.624460000000000036e+03 1.765211035542209572e+01
3.550429999999999975e-01 2.474079999999999927e+03 1.669086576544188816e+01
3.650120000000000031e-01 2.340500000000000000e+03 1.578898350116308080e+01
3.750220000000000220e-01 2.244579999999999927e+03 1.501742321438668171e+01
3.850560000000000094e-01 2.117070000000000164e+03 1.425787501698622783e+01
3.950670000000000015e-01 2.016900000000000091e+03 1.359525652571513632e+01
4.050380000000000091e-01 1.944240000000000009e+03 1.308980519335562853e+01
4.150320000000000120e-01 1.835809999999999945e+03 1.236325199937298080e+01
4.250559999999999894e-01 1.776779999999999973e+03 1.192413518876736056e+01
4.350629999999999775e-01 1.672329999999999927e+03 1.140762902622626385e+01
4.450430000000000219e-01 1.617430000000000064e+03 1.100731574908251709e+01
4.550179999999999780e-01 1.555329999999999927e+03 1.059433811051922270e+01
4.650059999999999749e-01 1.483569999999999936e+03 1.017934182548164479e+01
4.750329999999999830e-01 1.404859999999999900e+03 9.710648793978700510e+00
4.850670000000000259e-01 1.343599999999999909e+03 9.391501477399659237e+00
4.950530000000000208e-01 1.285240000000000009e+03 9.060888477406617625e+00
5.050329999999999542e-01 1.234369999999999891e+03 8.758453059758897652e+00
5.150299999999999878e-01 1.182160000000000082e+03 8.474249229282792228e+00
5.250580000000000247e-01 1.145640000000000100e+03 8.179749384913941768e+00
5.350610000000000088e-01 1.091869999999999891e+03 7.956054298457244656e+00
5.450190000000000312e-01 1.067869999999999891e+03 7.761823239419975096e+00
5.549979999999999913e-01 1.032640000000000100e+03 7.528193674448074191e+00
5.649999999999999467e-01 9.783329999999999700e+02 7.282835986070262280e+00
5.750170000000000003e-01 9.401079999999999472e+02 7.048240915292269371e+00
5.850379999999999470e-01 9.111570000000000391e+02 6.874641808850843638e+00
5.950560000000000294e-01 8.714470000000000027e+02 6.683876120934618470e+00
6.050429999999999975e-01 8.503500000000000227e+02 6.558826114481157710e+00
6.150349999999999984e-01 8.077780000000000200e+02 6.335771460524756371e+00
6.250510000000000232e-01 7.906599999999999682e+02 6.218022193591785651e+00
6.350459999999999994e-01 7.513690000000000282e+02 6.026640855401954155e+00
6.450209999999999555e-01 7.340059999999999718e+02 5.914262422314383372e+00
6.550019999999999731e-01 7.059560000000000173e+02 5.774062694498562465e+00
6.650260000000000060e-01 6.871359999999999673e+02 5.642100672621856106e+00
6.750359999999999694e-01 6.540240000000000009e+02 5.511315632405750620e+00
6.850330000000000030e-01 6.266459999999999582e+02 5.372913548532118888e+00
6.950420000000000487e-01 6.056509999999999536e+02 5.259353572445951919e+00
7.050370000000000248e-01 5.920529999999999973e+02 5.173161509174056150e+00
7.150260000000000504e-01 5.751470000000000482e+02 5.069792895178263592e+00
7.250290000000000346e-01 5.493099999999999454e+02 4.947797489792806758e+00
7.350309999999999899e-01 5.380320000000000391e+02 4.854523663553408142e+00
7.450329999999999453e-01 5.223619999999999663e+02 4.769391994793465983e+00
7.550240000000000284e-01 4.950059999999999718e+02 4.676515797043777845e+00
7.650099999999999678e-01 4.873159999999999741e+02 4.587864426942016571e+00
7.750059999999999727e-01 4.730810000000000173e+02 4.507859802611434041e+00
7.850150000000000183e-01 4.595199999999999818e+02 4.422623655704835066e+00
7.950270000000000392e-01 4.449590000000000032e+02 4.356213952505087583e+00
8.050249999999999906e-01 4.315729999999999791e+02 4.271299568047177253e+00
8.150169999999999915e-01 4.189230000000000018e+02 4.206625726161052015e+00
8.250210000000000043e-01 4.105409999999999968e+02 4.133787609444878441e+00
8.350330000000000252e-01 3.974230000000000018e+02 4.070368533683406120e+00
8.450229999999999686e-01 3.815939999999999941e+02 4.002923931328198570e+00
8.550119999999999942e-01 3.750790000000000077e+02 3.943615092779719777e+00
8.650099999999999456e-01 3.623879999999999768e+02 3.882447681553480745e+00
8.750149999999999872e-01 3.556419999999999959e+02 3.828367798422716906e+00
8.850219999999999754e-01 3.496150000000000091e+02 3.775486723589423388e+00
8.950110000000000010e-01 3.342320000000000277e+02 3.714229395177417015e+00
9.050070000000000059e-01 3.348090000000000259e+02 3.670190730738662754e+00
9.150120000000000475e-01 3.206659999999999968e+02 3.610193900609771855e+00
9.250110000000000277e-01 3.163109999999999786e+02 3.564407384124323119e+00
9.350079999999999503e-01 3.007069999999999936e+02 3.511395733892721083e+00
9.450049999999999839e-01 2.978969999999999914e+02 3.466179452942389272e+00
9.550170000000000048e-01 2.884900000000000091e+02 3.411011580162107926e+00
9.650260000000000504e-01 2.838179999999999836e+02 3.380665614934431851e+00
9.750159999999999938e-01 2.795459999999999923e+02 3.337229389778293420e+00
9.850179999999999492e-01 2.766449999999999818e+02 3.292552201560364100e+00
9.950210000000000443e-01 2.644830000000000041e+02 3.251507342756586816e+00
1.005009999999999959e+00 2.657830000000000155e+02 3.219642837334601104e+00
1.015009999999999968e+00 2.613910000000000196e+02 3.185058869157680217e+00
1.025009999999999977e+00 2.607069999999999936e+02 3.149472971784327058e+00
1.035020000000000051e+00 2.530200000000000102e+02 3.111841898297534215e+00
1.045020000000000060e+00 2.482630000000000052e+02 3.075966514772226823e+00
1.055020000000000069e+00 2.430989999999999895e+02 3.040060854654064393e+00
1.065010000000000012e+00 2.398839999999999861e+02 3.010787272458816499e+00
1.075010000000000021e+00 2.380620000000000118e+02 2.974136849575015784e+00
1.085010000000000030e+00 2.324370000000000118e+02 2.945813979191489906e+00
1.094999999999999973e+00 2.298240000000000123e+02 2.916180721423142774e+00
1.105010000000000048e+00 2.245020000000000095e+02 2.877457210802620846e+00
1.115019999999999900e+00 2.290260000000000105e+02 2.863532783119481007e+00
1.125010000000000066e+00 2.181179999999999950e+02 2.823561580699100126e+00
1.135010000000000074e+00 2.213830000000000098e+02 2.801255075854392818e+00
1.145019999999999927e+00 2.201430000000000007e+02 2.777794088840999986e+00
1.155019999999999936e+00 2.240420000000000016e+02 2.755605196685475988e+00
1.165030000000000010e+00 2.195620000000000118e+02 2.728039589155553113e+00
1.175030000000000019e+00 2.224859999999999900e+02 2.706194745394351564e+00
1.185030000000000028e+00 2.242079999999999984e+02 2.686488414268708436e+00
1.195030000000000037e+00 2.231779999999999973e+02 2.663244262173486643e+00
1.205030000000000046e+00 2.252100000000000080e+02 2.645017958351133736e+00
1.215019999999999989e+00 2.283290000000000077e+02 2.625313314635036033e+00
1.225000000000000089e+00 2.302709999999999866e+02 2.605509547094387646e+00
1.235000000000000098e+00 2.306370000000000005e+02 2.583950463921473872e+00
1.245009999999999950e+00 2.379240000000000066e+02 2.572527939595603108e+00
1.255009999999999959e+00 2.427119999999999891e+02 2.557097964490214981e+00
1.265009999999999968e+00 2.486020000000000039e+02 2.542329640310241334e+00
1.275009999999999977e+00 2.497909999999999968e+02 2.521513434427824052e+00
1.285020000000000051e+00 2.564990000000000236e+02 2.510221105799248065e+00
1.295020000000000060e+00 2.659820000000000277e+02 2.500979807995258319e+00
1.305020000000000069e+00 2.779750000000000227e+02 2.493850436573933571e+00
1.315020000000000078e+00 2.821190000000000282e+02 2.482432275007719014e+00
1.325010000000000021e+00 2.954010000000000105e+02 2.473756253150257489e+00
1.335010000000000030e+00 3.083750000000000000e+02 2.468375984326536710e+00
1.345020000000000104e+00 3.217010000000000218e+02 2.463022533392660751e+00
1.355010000000000048e+00 3.299689999999999941e+02 2.455508094061186419e+00
1.365010000000000057e+00 3.461859999999999786e+02 2.450701940261197809e+00
1.375019999999999909e+00 3.580799999999999841e+02 2.443198722985914007e+00
1.385019999999999918e+00 3.765609999999999786e+02 2.448131940888807812e+00
1.395019999999999927e+00 3.951370000000000005e+02 2.448432151398114431e+00
1.405010000000000092e+00 4.162149999999999750e+02 2.454805491276243590e+00
1.415010000000000101e+00 4.373840000000000146e+02 2.453634039542164302e+00
1.425010000000000110e+00 4.558709999999999809e+02 2.458985563194708845e+00
1.435009999999999897e+00 4.845910000000000082e+02 2.467314329387320093e+00
1.445019999999999971e+00 5.159600000000000364e+02 2.480334654839947195e+00
1.455009999999999915e+00 5.514759999999999991e+02 2.500219990320851959e+00
1.465009999999999923e+00 5.792839999999999918e+02 2.511350234435651085e+00
1.475009999999999932e+00 6.183949999999999818e+02 2.532642888367801604e+00
1.485009999999999941e+00 6.565170000000000528e+02 2.557940577886828049e+00
1.495009999999999950e+00 6.981910000000000309e+02 2.580695642651415156e+00
6.947209999999999670e-03 9.305860000000000582e+03 3.328047475622906495e+04
1.597660000000000052e-02 6.139569999999999709e+04 2.239888390076612632e+04
2.579189999999999955e-02 1.649370000000000073e+04 7.875893600093896566e+03
3.567239999999999994e-02 2.495590000000000146e+04 4.538667205248694700e+03
4.539529999999999954e-02 1.335479999999999927e+04 3.051694611195556718e+03
5.528919999999999668e-02 1.419929999999999927e+04 2.059859218490428702e+03
6.533519999999999606e-02 1.325279999999999927e+04 1.632246917595496598e+03
7.527010000000000645e-02 1.238629999999999927e+04 1.320655140451132411e+03
8.524139999999999495e-02 9.617879999999999200e+03 9.161495511105159721e+02
9.517509999999999859e-02 7.677449999999999818e+03 6.897825744392214347e+02
1.050750000000000017e-01 5.788010000000000218e+03 5.394024471579638202e+02
1.151260000000000061e-01 5.670500000000000000e+03 4.491926090220096057e+02
1.251659999999999995e-01 4.345390000000000327e+03 3.763920828072768927e+02
1.351449999999999874e-01 4.108850000000000364e+03 3.185639653193687764e+02
1.451300000000000090e-01 3.450170000000000073e+03 2.725510961269464474e+02
1.550920000000000076e-01 3.093360000000000127e+03 2.337530748460862355e+02
1.651120000000000088e-01 2.700449999999999818e+03 2.013290838403632108e+02
1.751230000000000009e-01 2.251789999999999964e+03 1.755841678512046258e+02
1.850799999999999945e-01 2.415239999999999782e+03 1.604580942177738905e+02
1.950570000000000082e-01 1.565720000000000027e+03 1.396334487148405401e+02
2.050559999999999883e-01 1.521559999999999945e+03 1.250099996000320033e+02
2.150849999999999984e-01 1.515509999999999991e+03 1.115186083126937149e+02
2.251009999999999955e-01 1.127210000000000036e+03 1.011291253793881140e+02
2.350889999999999924e-01 1.004720000000000027e+03 9.089499436162587642e+01
2.450890000000000013e-01 8.018179999999999836e+02 8.383436049735215079e+01
2.550620000000000109e-01 6.141710000000000491e+02 7.769156968423278897e+01
2.650509999999999811e-01 5.217380000000000564e+02 7.015753701492093342e+01
2.750659999999999772e-01 4.153849999999999909e+02 6.432410123740557140e+01
2.850409999999999888e-01 4.327869999999999777e+02 6.037888703843422178e+01
2.950479999999999769e-01 1.608389999999999986e+02 5.517689733937564966e+01
3.050610000000000266e-01 1.881310000000000002e+02 5.198172755882589513e+01
3.150439999999999907e-01 4.970459999999999923e+01 4.831004036429694537e+01
3.250680000000000236e-01 1.704009999999999891e+01 4.530761525395041645e+01
3.350650000000000017e-01 -3.745120000000000005e+01 4.294869031763366962e+01
3.450489999999999946e-01 -1.323340000000000032e+02 3.989611509909204301e+01
3.550429999999999975e-01 -2.351380000000000052e+02 3.769044971872848038e+01
3.650120000000000031e-01 -1.932050000000000125e+02 3.597777091483017387e+01
3.750220000000000220e-01 -2.747119999999999891e+02 3.382114723068985285e+01
3.850560000000000094e-01 -2.848120000000000118e+02 3.224686031228466732e+01
3.950670000000000015e-01 -3.654649999999999750e+02 3.066361035494679044e+01
4.050380000000000091e-01 -3.660559999999999832e+02 2.940164961358460971e+01
4.150320000000000120e-01 -3.882350000000000136e+02 2.776337515504914322e+01
4.250559999999999894e-01 -4.318100000000000023e+02 2.667575678401645689e+01
4.350629999999999775e-01 -4.558759999999999764e+02 2.556069247888249407e+01
4.450430000000000219e-01 -4.668600000000000136e+02 2.459554837770444990e+01
4.550179999999999780e-01 -4.695210000000000150e+02 2.379008196707190592e+01
4.650059999999999749e-01 -4.912269999999999754e+02 2.282235745929854787e+01
4.750329999999999830e-01 -5.310130000000000337e+02 2.150904460918708594e+01
4.850670000000000259e-01 -5.500140000000000100e+02 2.088370177913867920e+01
4.950530000000000208e-01 -5.163250000000000455e+02 2.028622685469133913e+01
5.050329999999999542e-01 -5.316539999999999964e+02 1.958356453764227467e+01
5.150299999999999878e-01 -5.579020000000000437e+02 1.893763448797130167e+01
5.250580000000000247e-01 -5.701470000000000482e+02 1.818455388509709891e+01
5.350610000000000088e-01 -5.801119999999999663e+02 1.767314346685387960e+01
5.450190000000000312e-01 -6.366449999999999818e+02 1.722991584425182410e+01
5.549979999999999913e-01 -6.186860000000000355e+02 1.669020670932508210e+01
5.649999999999999467e-01 -5.773790000000000191e+02 1.622088160366137544e+01
5.750170000000000003e-01 -5.940510000000000446e+02 1.563374555248997311e+01
5.850379999999999470e-01 -5.946480000000000246e+02 1.531577618013530540e+01
5.950560000000000294e-01 -6.214030000000000200e+02 1.484230440329263701e+01
6.050429999999999975e-01 -6.077069999999999936e+02 1.458838579144382308e+01
6.150349999999999984e-01 -5.858479999999999563e+02 1.413983733994136216e+01
6.250510000000000232e-01 -5.813360000000000127e+02 1.385705596438146792e+01
6.350459999999999994e-01 -5.822920000000000300e+02 1.346625411909340109e+01
6.450209999999999555e-01 -5.971580000000000155e+02 1.316001519755961446e+01
6.550019999999999731e-01 -6.004840000000000373e+02 1.284355869687214025e+01
6.650260000000000060e-01 -5.592889999999999873e+02 1.261162162451760160e+01
6.750359999999999694e-01 -5.731680000000000064e+02 1.222787798434380768e+01
6.850330000000000030e-01 -5.906090000000000373e+02 1.196035116541316334e+01
6.950420000000000487e-01 -5.745209999999999582e+02 1.169739287191808508e+01
7.050370000000000248e-01 -5.799230000000000018e+02 1.153867410060618681e+01
7.150260000000000504e-01 -5.948070000000000164e+02 1.125139991289972663e+01
7.250290000000000346e-01 -5.677309999999999945e+02 1.100658893572390973e+01
7.350309999999999899e-01 -5.578600000000000136e+02 1.083826554389584906e+01
7.450329999999999453e-01 -5.534550000000000409e+02 1.062577056029349798e+01
7.550240000000000284e-01 -5.623479999999999563e+02 1.044863627465326239e+01
7.650099999999999678e-01 -5.482200000000000273e+02 1.024099604530731256e+01
7.750059999999999727e-01 -5.339880000000000564e+02 1.005723620086552472e+01
7.850150000000000183e-01 -5.257910000000000537e+02 9.853126407389687813e+00
7.950270000000000392e-01 -5.381000000000000227e+02 9.729583752658692575e+00
8.050249999999999906e-01 -5.190660000000000309e+02 9.557881564447217926e+00
8.150169999999999915e-01 -5.247469999999999573e+02 9.420748377915630911e+00
8.250210000000000043e-01 -5.263880000000000337e+02 9.249810808876038237e+00
8.350330000000000252e-01 -5.188700000000000045e+02 9.079096871385392120e+00
8.450229999999999686e-01 -4.970289999999999964e+02 8.960708677331274075e+00
8.550119999999999942e-01 -5.055849999999999795e+02 8.832649659077393522e+00
8.650099999999999456e-01 -5.016410000000000196e+02 8.708668095638964601e+00
8.750149999999999872e-01 -4.905590000000000259e+02 8.563579858914144083e+00
8.850219999999999754e-01 -5.034569999999999936e+02 8.447502589523130823e+00
8.950110000000000010e-01 -4.803629999999999995e+02 8.321676513780140283e+00
9.050070000000000059e-01 -4.733179999999999836e+02 8.233571521520900660e+00
9.150120000000000475e-01 -4.742289999999999850e+02 8.089814583783734747e+00
9.250110000000000277e-01 -4.788229999999999791e+02 7.982524663287924760e+00
9.350079999999999503e-01 -4.616070000000000277e+02 7.871797761629804491e+00
9.450049999999999839e-01 -4.559850000000000136e+02 7.765835434774548851e+00
9.550170000000000048e-01 -4.553700000000000045e+02 7.661840509955816003e+00
9.650260000000000504e-01 -4.455179999999999723e+02 7.587074535023363708e+00
9.750159999999999938e-01 -4.399719999999999800e+02 7.510153127599996203e+00
9.850179999999999492e-01 -4.318949999999999818e+02 7.400189186770835370e+00
9.950210000000000443e-01 -4.430919999999999845e+02 7.310950690573696065e+00
1.005009999999999959e+00 -4.293489999999999895e+02 7.239792814715072744e+00
1.015009999999999968e+00 -4.208399999999999750e+02 7.164042155096520759e+00
1.025009999999999977e+00 -4.139250000000000114e+02 7.102640354121838584e+00
1.035020000000000051e+00 -4.127500000000000000e+02 7.014442244398337856e+00
1.045020000000000060e+00 -4.067180000000000177e+02 6.926045047500052121e+00
1.055020000000000069e+00 -3.952090000000000032e+02 6.854881472352385430e+00
1.065010000000000012e+00 -3.902370000000000232e+02 6.810506589087188090e+00
1.075010000000000021e+00 -3.967330000000000041e+02 6.726410632722328309e+00
1.085010000000000030e+00 -3.942559999999999718e+02 6.643237162709155541e+00
1.094999999999999973e+00 -3.745600000000000023e+02 6.587753790177650615e+00
1.105010000000000048e+00 -3.717359999999999900e+02 6.515097850377997268e+00
1.115019999999999900e+00 -3.701650000000000205e+02 6.487626684697571200e+00
1.125010000000000066e+00 -3.643340000000000032e+02 6.392831923334133748e+00
1.135010000000000074e+00 -3.612590000000000146e+02 6.347928796071991009e+00
1.145019999999999927e+00 -3.635649999999999977e+02 6.298412498399894588e+00
1.155019999999999936e+00 -3.626569999999999823e+02 6.242555566432709035e+00
1.165030000000000010e+00 -3.431979999999999791e+02 6.201540131289968727e+00
1.175030000000000019e+00 -3.393589999999999804e+02 6.160681780452549994e+00
1.185030000000000028e+00 -3.338729999999999905e+02 6.121356058913743681e+00
1.195030000000000037e+00 -3.407850000000000250e+02 6.059348149760005242e+00
1.205030000000000046e+00 -3.306019999999999754e+02 6.039155570110775528e+00
1.215019999999999989e+00 -3.271150000000000091e+02 5.987069399965228023e+00
1.225000000000000089e+00 -3.217939999999999827e+02 5.954359747277619519e+00
1.235000000000000098e+00 -3.136890000000000214e+02 5.921739609270235682e+00
1.245009999999999950e+00 -3.232830000000000155e+02 5.903947831747838215e+00
1.255009999999999959e+00 -3.216899999999999977e+02 5.861322376392549494e+00
1.265009999999999968e+00 -3.155129999999999768e+02 5.846905164272805600e+00
1.275009999999999977e+00 -3.061610000000000014e+02 5.812658599986756158e+00
1.285020000000000051e+00 -3.092830000000000155e+02 5.798456691223967674e+00
1.295020000000000060e+00 -3.055520000000000209e+02 5.781487697816194427e+00
1.305020000000000069e+00 -3.110919999999999845e+02 5.777317716726336094e+00
1.315020000000000078e+00 -3.020980000000000132e+02 5.777464841952740571e+00
1.325010000000000021e+00 -2.984180000000000064e+02 5.766662813100831286e+00
1.335010000000000030e+00 -2.949900000000000091e+02 5.768439997087600801e+00
1.345020000000000104e+00 -3.055260000000000105e+02 5.759704853549354908e+00
1.355010000000000048e+00 -2.926159999999999854e+02 5.771802144911067245e+00
1.365010000000000057e+00 -2.977280000000000086e+02 5.776633967978238360e+00
1.375019999999999909e+00 -2.875409999999999968e+02 5.784695324734052235e+00
1.385019999999999918e+00 -2.934470000000000027e+02 5.809991394141647447e+00
1.395019999999999927e+00 -2.996290000000000191e+02 5.830094338859363567e+00
1.405010000000000092e+00 -2.890889999999999986e+02 5.873763699707368779e+00
1.415010000000000101e+00 -2.949590000000000032e+02 5.895888397858290553e+00
1.425010000000000110e+00 -2.784209999999999923e+02 5.945519321304069571e+00
1.435009999999999897e+00 -2.928670000000000186e+02 5.982817062220773252e+00
1.445019999999999971e+00 -2.978079999999999927e+02 6.054312512581423888e+00
1.455009999999999915e+00 -2.919230000000000018e+02 6.122507656181412017e+00
1.465009999999999923e+00 -3.044309999999999832e+02 6.176544341296353657e+00
1.475009999999999932e+00 -3.058340000000000032e+02 6.264846366831352320e+00
1.485009999999999941e+00 -3.192440000000000282e+02 6.377687668740136928e+00
1.495009999999999950e+00 -3.105380000000000109e+02 6.468415571065297520e+00
6.947209999999999670e-03 6.523630000000000109e+03 6.804696907283968176e+04
1.597660000000000052e-02 3.475259999999999854e+04 3.084764172509788477e+04
2.579189999999999955e-02 -1.038539999999999964e+04 9.831734333269994750e+03
3.567239999999999994e-02 -1.020429999999999927e+04 6.089811162917943875e+03
4.539529999999999954e-02 -1.919259999999999991e+03 3.661570701215531699e+03
5.528919999999999668e-02 -1.191529999999999973e+03 2.837659246632688792e+03
6.533519999999999606e-02 3.870409999999999854e+03 2.167980627219717462e+03
7.527010000000000645e-02 2.584150000000000091e+03 1.721914632030287294e+03
8.524139999999999495e-02 1.167920000000000073e+03 1.169410107703879930e+03
9.517509999999999859e-02 5.263179999999999836e+02 9.086137793364131312e+02
1.050750000000000017e-01 7.082619999999999436e+02 7.004726975407393184e+02
1.151260000000000061e-01 5.729489999999999554e+02 5.930430001273094831e+02
1.251659999999999995e-01 -1.294499999999999886e+02 5.088260999595048020e+02
1.351449999999999874e-01 2.231680000000000064e+02 4.201416427825263895e+02
1.451300000000000090e-01 -1.984919999999999902e+02 3.595427651893443226e+02
1.550920000000000076e-01 9.452729999999999677e+01 3.103568913364096602e+02
1.651120000000000088e-01 6.861680000000000064e+02 2.655275880205294357e+02
1.751230000000000009e-01 2.622149999999999750e+02 2.344444497103738172e+02
1.850799999999999945e-01 4.051709999999999923e+02 2.131091269748905006e+02
1.950570000000000082e-01 4.734119999999999777e+02 1.859314389768443618e+02
2.050559999999999883e-01 5.722569999999999482e+02 1.668487338879141646e+02
2.150849999999999984e-01 3.981909999999999741e+02 1.485035353114531063e+02
2.251009999999999955e-01 4.618469999999999800e+02 1.342736012773918333e+02
2.350889999999999924e-01 2.666179999999999950e+02 1.212192228980205897e+02
2.450890000000000013e-01 2.740830000000000268e+02 1.114890129115869399e+02
2.550620000000000109e-01 5.738310000000000173e+02 1.031930230199697149e+02
2.650509999999999811e-01 3.669440000000000168e+02 9.335850255868503211e+01
2.750659999999999772e-01 3.804549999999999841e+02 8.476667977454349057e+01
2.850409999999999888e-01 3.535099999999999909e+02 8.106337027289205821e+01
2.950479999999999769e-01 4.472509999999999764e+02 7.349918366893608379e+01
3.050610000000000266e-01 4.238419999999999845e+02 6.911237226430590397e+01
3.150439999999999907e-01 3.908960000000000150e+02 6.405224430103912425e+01
3.250680000000000236e-01 4.203799999999999955e+02 5.974646433053590755e+01
3.350650000000000017e-01 4.901449999999999818e+02 5.716327492367805263e+01
3.450489999999999946e-01 3.441399999999999864e+02 5.294733232184601945e+01
3.550429999999999975e-01 3.903430000000000177e+02 5.009670647857002734e+01
3.650120000000000031e-01 5.107570000000000050e+02 4.761228832979990244e+01
3.750220000000000220e-01 3.724289999999999736e+02 4.487371168067112137e+01
3.850560000000000094e-01 4.841050000000000182e+02 4.274786544378561359e+01
3.950670000000000015e-01 4.686499999999999773e+02 4.066288233758152870e+01
4.050380000000000091e-01 4.148690000000000282e+02 3.892929488187527198e+01
4.150320000000000120e-01 4.554379999999999882e+02 3.682254744039309458e+01
4.250559999999999894e-01 4.604039999999999964e+02 3.531755937207439189e+01
4.350629999999999775e-01 4.543220000000000027e+02 3.383489323169204255e+01
4.450430000000000219e-01 4.472049999999999841e+02 3.259125649618314213e+01
4.550179999999999780e-01 5.124600000000000364e+02 3.139936305086458290e+01
4.650059999999999749e-01 4.906589999999999918e+02 3.008050863931659080e+01
4.750329999999999830e-01 3.992450000000000045e+02 2.854640082392174349e+01
4.850670000000000259e-01 4.871050000000000182e+02 2.762419229588441638e+01
4.950530000000000208e-01 5.098609999999999900e+02 2.673755785407485774e+01
5.050329999999999542e-01 5.256570000000000391e+02 2.569027053185699572e+01
5.150299999999999878e-01 5.269589999999999463e+02 2.510017928222824324e+01
5.250580000000000247e-01 4.834970000000000141e+02 2.397561260948299733e+01
5.350610000000000088e-01 4.884049999999999727e+02 2.334326455318535665e+01
5.450190000000000312e-01 5.305019999999999527e+02 2.255663982068251272e+01
5.549979999999999913e-01 5.238659999999999854e+02 2.207172399247507855e+01
5.649999999999999467e-01 5.195339999999999918e+02 2.139387762889186817e+01
5.750170000000000003e-01 4.830000000000000000e+02 2.069388798655293726e+01
5.850379999999999470e-01 5.398310000000000173e+02 2.015102975036263544e+01
5.950560000000000294e-01 5.211470000000000482e+02 1.957682303132967405e+01
6.050429999999999975e-01 5.330810000000000173e+02 1.914776749388815702e+01
6.150349999999999984e-01 5.423650000000000091e+02 1.862058001244859184e+01
6.250510000000000232e-01 5.326520000000000437e+02 1.820035713935306276e+01
6.350459999999999994e-01 5.625190000000000055e+02 1.766867284206711375e+01
6.450209999999999555e-01 5.237830000000000155e+02 1.723679204492529848e+01
6.550019999999999731e-01 5.421349999999999909e+02 1.683024063999086195e+01
6.650260000000000060e-01 5.207740000000000009e+02 1.660192759892657932e+01
6.750359999999999694e-01 4.834010000000000105e+02 1.613617054942094953e+01
6.850330000000000030e-01 5.242229999999999563e+02 1.573130636660541271e+01
6.950420000000000487e-01 5.131449999999999818e+02 1.540266210757088494e+01
7.050370000000000248e-01 5.272019999999999982e+02 1.517366139071252640e+01
7.150260000000000504e-01 5.086200000000000045e+02 1.480807212300102194e+01
7.250290000000000346e-01 5.113129999999999882e+02 1.447749978414781502e+01
7.350309999999999899e-01 5.306079999999999472e+02 1.427974089400784585e+01
7.450329999999999453e-01 5.077509999999999764e+02 1.396105296888454639e+01
7.550240000000000284e-01 5.297939999999999827e+02 1.372034984976695071e+01
7.650099999999999678e-01 5.251620000000000346e+02 1.347679487118506181e+01
7.750059999999999727e-01 5.014909999999999854e+02 1.324156335181008792e+01
7.850150000000000183e-01 4.819250000000000114e+02 1.297169996569454931e+01
7.950270000000000392e-01 5.189990000000000236e+02 1.276123034820702529e+01
8.050249999999999906e-01 5.147029999999999745e+02 1.256686118328677892e+01
8.150169999999999915e-01 5.177980000000000018e+02 1.232489350866773137e+01
8.250210000000000043e-01 5.207880000000000109e+02 1.215067899337316959e+01
8.350330000000000252e-01 4.982219999999999800e+02 1.196950291365518737e+01
8.450229999999999686e-01 5.046059999999999945e+02 1.180025423454935662e+01
8.550119999999999942e-01 5.111360000000000241e+02 1.160280138587229359e+01
8.650099999999999456e-01 5.150910000000000082e+02 1.145451875898764982e+01
8.750149999999999872e-01 4.856440000000000055e+02 1.127142404490222383e+01
8.850219999999999754e-01 5.055609999999999786e+02 1.111579956638297872e+01
8.950110000000000010e-01 4.930649999999999977e+02 1.097893437451923226e+01
9.050070000000000059e-01 4.962830000000000155e+02 1.082700327883944169e+01
9.150120000000000475e-01 4.770350000000000250e+02 1.064382450062006669e+01
9.250110000000000277e-01 4.821100000000000136e+02 1.050923403488570074e+01
9.350079999999999503e-01 4.743509999999999991e+02 1.035108689945167093e+01
9.450049999999999839e-01 4.673000000000000114e+02 1.022379577260813655e+01
9.550170000000000048e-01 4.758310000000000173e+02 1.006349839767463727e+01
9.650260000000000504e-01 4.772269999999999754e+02 9.997734743430633841e+00
9.750159999999999938e-01 4.797130000000000223e+02 9.901959402057755710e+00
9.850179999999999492e-01 4.610670000000000073e+02 9.737848838424223885e+00
9.950210000000000443e-01 4.810960000000000036e+02 9.642105579177195906e+00
1.005009999999999959e+00 4.714610000000000127e+02 9.538789231343777431e+00
1.015009999999999968e+00 4.696019999999999754e+02 9.448333186335037936e+00
1.025009999999999977e+00 4.815310000000000059e+02 9.357398142646276895e+00
1.035020000000000051e+00 4.892839999999999918e+02 9.247675383576133612e+00
1.045020000000000060e+00 4.711720000000000255e+02 9.146912047243047184e+00
1.055020000000000069e+00 4.780389999999999873e+02 9.034926673747829540e+00
1.065010000000000012e+00 4.830409999999999968e+02 8.971699950399589341e+00
1.075010000000000021e+00 4.864870000000000232e+02 8.860654603357474457e+00
1.085010000000000030e+00 4.594449999999999932e+02 8.777516733108516434e+00
1.094999999999999973e+00 4.722440000000000282e+02 8.693980676307027977e+00
1.105010000000000048e+00 4.834080000000000155e+02 8.584934478491959453e+00
1.115019999999999900e+00 4.859329999999999927e+02 8.541235273659191662e+00
1.125010000000000066e+00 4.671270000000000095e+02 8.443494537216210460e+00
1.135010000000000074e+00 4.775319999999999823e+02 8.389129871446739273e+00
1.145019999999999927e+00 4.810450000000000159e+02 8.315226996300221884e+00
1.155019999999999936e+00 4.855459999999999923e+02 8.240515760557709513e+00
1.165030000000000010e+00 4.926909999999999741e+02 8.173053285033690329e+00
1.175030000000000019e+00 4.968090000000000259e+02 8.134789487134870711e+00
1.185030000000000028e+00 5.011920000000000073e+02 8.077295339406626695e+00
1.195030000000000037e+00 4.995319999999999823e+02 8.005079637330286602e+00
1.205030000000000046e+00 5.191870000000000118e+02 7.979730571892762470e+00
1.215019999999999989e+00 5.137980000000000018e+02 7.904568299407627840e+00
1.225000000000000089e+00 5.235359999999999445e+02 7.869593382125914971e+00
1.235000000000000098e+00 5.430779999999999745e+02 7.823790641370716337e+00
1.245009999999999950e+00 5.721130000000000564e+02 7.786693778491613038e+00
1.255009999999999959e+00 5.633730000000000473e+02 7.724972491860407686e+00
1.265009999999999968e+00 5.704909999999999854e+02 7.710181580222348785e+00
1.275009999999999977e+00 5.944829999999999472e+02 7.669595817251388503e+00
1.285020000000000051e+00 6.189909999999999854e+02 7.636039549399937343e+00
1.295020000000000060e+00 6.245950000000000273e+02 7.615372610713148305e+00
1.305020000000000069e+00 6.556069999999999709e+02 7.613796687592859769e+00
1.315020000000000078e+00 6.844660000000000082e+02 7.609599201009209501e+00
1.325010000000000021e+00 7.123949999999999818e+02 7.599578935704267124e+00
1.335010000000000030e+00 7.327659999999999627e+02 7.596775631805904538e+00
1.345020000000000104e+00 7.578780000000000427e+02 7.592548979097863082e+00
1.355010000000000048e+00 7.848500000000000227e+02 7.590566513772209589e+00
1.365010000000000057e+00 8.234829999999999472e+02 7.594675766614398249e+00
1.375019999999999909e+00 8.595059999999999718e+02 7.611379638409846216e+00
1.385019999999999918e+00 8.998120000000000118e+02 7.639712036457918742e+00
1.395019999999999927e+00 9.438690000000000282e+02 7.663439175722607466e+00
1.405010000000000092e+00 9.897269999999999754e+02 7.730776157670069537e+00
1.415010000000000101e+00 1.058109999999999900e+03 7.761398069935596666e+00
1.425010000000000110e+00 1.104740000000000009e+03 7.814038648483894178e+00
1.435009999999999897e+00 1.161039999999999964e+03 7.868239955669882768e+00
1.445019999999999971e+00 1.243990000000000009e+03 7.948905585047541855e+00
1.455009999999999915e+00 1.311000000000000000e+03 8.029726022723316703e+00
1.465009999999999923e+00 1.380470000000000027e+03 8.106293851076458168e+00
1.475009999999999932e+00 1.466200000000000045e+03 8.209792932833323675e+00
1.485009999999999941e+00 1.580569999999999936e+03 8.374419382858730998e+00
1.495009999999999950e+00 1.666490000000000009e+03 8.487314062764497180e+00
