0.001539
0.002539
0.003109
0.00359
0.004014
0.004397
0.005078
0.005386
0.005815
0.006409
0.006769
0.007567
0.008225
0.009101
0.009772
0.010701
0.011701
0.012816
0.01385
0.015103
0.016599
0.018068
0.019643
0.02144
0.023373
0.025445
0.027775
0.030318
0.033041
0.036038
0.039357
0.042899
0.046801
0.05107
0.055696
0.060748
0.066262
0.072261
0.078838
0.086011
0.09381
0.102317
0.111615
0.121751
0.132799
0.144853
0.158002
0.172358
0.188011
0.205075
0.223687
0.243994
0.266151
0.29031
0.316659
0.345411
0.376776
0.410986
0.448295
0.48899
0.533385
0.581811
0.634627
0.692243
0.755093
0.823643
0.898209
0.977867
