0.00804301
0.0161787
0.0256262
0.0354056
0.0453398
0.0553429
0.0652618
0.07526
0.0851648
0.0951082
0.105111
0.115094
0.125083
0.135105
0.145112
0.155087
0.165092
0.175092
0.185101
0.195098
0.205072
0.215029
0.22504
0.235084
0.245092
0.255085
0.265056
0.275053
0.28504
0.295069
0.305075
0.315041
0.325018
0.335047
0.345051
0.355045
0.365062
0.37504
0.385037
0.395055
0.405037
0.415022
0.425021
0.435022
0.445024
0.455045
0.465061
0.475051
0.485043
0.495039
0.505038
0.515043
0.525023
0.535017
0.545024
0.555038
0.565035
0.575028
0.585043
0.595044
0.605024
0.615031
0.625034
0.63502
0.645016
0.655009
0.665018
0.675034
0.685029
0.695028
0.705027
0.715023
0.725013
0.735023
0.745033
0.755018
0.76501
0.775015
0.785018
0.795016
0.805008
0.814997
0.825009
0.835025
0.845023
0.855014
0.865014
0.875023
0.885028
0.895021
0.905022
0.915021
0.925015
0.935012
0.945017
0.955019
0.965014
0.975016
0.985012
0.995011
1.00502
1.01502
1.02502
1.03502
1.04502
1.05501
1.06502
1.07502
1.08501
1.09501
1.10502
1.11503
1.12502
1.13501
1.145
1.15501
1.16501
1.17501
1.18501
1.19501
1.20501
1.21501
1.22501
1.23501
1.24501
1.25501
1.26501
1.27501
1.28502
1.29501
1.30501
1.31502
1.32502
1.33502
1.34501
1.35501
1.36501
1.37501
1.38501
1.39501
1.40501
1.41501
1.42501
1.43501
1.44502
1.45501
1.46501
1.47501
1.48502
1.49501
