#          k           1          b1          b2          b3          b4       b1*b1       b1*b2       b1*b3       b1*b4       b2*b2       b2*b4       b4*b4       b1*b5       b1*b6       b1*b7          b5          b6          b7          b8          b9         b10
        0.01    -14.9184    -7.06886    0.629964 0.000617588    0.885189    0.750823   -0.109505 -0.00636737    -0.10957   0.0766171    0.166427   0.0521464   0.0104761  0.00827703    0.563724  0.00648679    0.441796    0.599663    0.011058  0.00612796  0.00193327
   0.0104566    -18.4784    -10.7525    0.674995 -0.00301607    0.953031    0.543034    -0.11777 -0.00752778   -0.117802   0.0831174    0.180875   0.0567843   0.0120449   0.0081818    0.625354  0.00641215    0.490096    0.665676    0.012618  0.00684973   0.0020853
    0.010934    -19.5424    -10.6298     0.82453   -0.001157      1.1433    0.751671   -0.128836 -0.00813402    -0.12886    0.091259     0.19883   0.0625017   0.0132236  0.00697688    0.691712  0.00546784    0.542101     0.73692   0.0138136  0.00763244  0.00219325
   0.0114332    -21.1336    -11.1401    0.861862  0.00185519     1.20419    0.845974   -0.137791  -0.0078952   -0.138388   0.0985585    0.214988   0.0676679   0.0136484  0.00462106    0.763384  0.00362157    0.598272    0.812736   0.0142572  0.00831711  0.00222159
   0.0119553    -24.5774    -14.2106    0.988651  0.00575682     1.37403    0.773299   -0.142589 -0.00667689   -0.142499    0.102083    0.223123   0.0703509   0.0130705   0.0013849    0.841294  0.00108536     0.65933    0.898698   0.0136706  0.00873068  0.00214838
   0.0125011    -25.8123    -13.8821     1.12687  0.00605949       1.558     1.01857   -0.137129 -0.00462001   -0.136926     0.10364    0.217588   0.0688507   0.0114942 -0.00208378    0.926863 -0.00163308    0.726391    0.991401   0.0120305  0.00878174  0.00199138
   0.0130719    -28.8945    -16.0926     1.22384  0.00821655     1.69854     1.01712   -0.120273 -0.00220522   -0.119891    0.088848    0.195881   0.0623831  0.00927961  0.00114064     1.02683 -0.00377837    0.800875     1.09393  0.00968041  0.00829787  0.00175924
   0.0136688     -31.996    -18.1598      1.4127   0.0103931     1.94857     1.08895  -0.0944031  -0.0040461  -0.0938506   0.0720996    0.160668   0.0517084  0.00714237  0.00010626     1.13302 -0.00452855     0.88417     1.20709   0.0105497  0.00752153  0.00156635
   0.0142929    -34.2228    -18.7637     1.57768   0.0123771      2.1762     1.28676  -0.0653209 -0.00324577  -0.0645504   0.0529452    0.120091   0.0393804  0.00598005 -0.00424674     1.24682 -0.00332821    0.977148     1.33484   0.0090163  0.00666896  0.00149431
   0.0149454    -38.0858    -21.5868     1.76647   0.0140968     2.43544     1.32242  -0.0426227 -0.000500717  -0.0417462   0.0373671   0.0870343   0.0292932  0.00651043 -0.000367517     1.37763 -0.000288026     1.07966     1.47108  0.00622475  0.00608966  0.00160924
   0.0156278    -41.2735    -23.2388     2.02028   0.0157446     2.77532     1.51781   -0.035501 -0.00313468  -0.0345562   0.0312982   0.0740047   0.0253046  0.00881907  0.00451805     1.51879  0.00354084     1.19029     1.61957  0.00835666  0.00603718  0.00188991
   0.0163414    -44.5616    -24.8544     2.25931   0.0178137     3.10447     1.73418  -0.0482522 -0.00277009  -0.0473117   0.0374674   0.0871227   0.0292368   0.0120414 0.000187159     1.65483 0.000609202     1.30652     1.77479  0.00854438  0.00672151  0.00225773
   0.0170875    -48.8751    -27.7925     2.54968   0.0209819     3.49145      1.8932  -0.0763841 -0.00321982  -0.0756854   0.0530624    0.119901   0.0392213   0.0144876 0.000214607     1.80858 0.000634861     1.42587     1.93505   0.0101281  0.00773464  0.00248215
   0.0178677    -52.4356    -29.4592      2.8822   0.0257496     3.94842     2.20176   -0.106376 -0.00340122   -0.105925   0.0692363    0.153827   0.0494953   0.0144117  0.00199743     1.97413  0.00156541     1.54769     2.10992   0.0115241  0.00855364  0.00239468
   0.0186835    -56.6031    -31.8523     3.21644   0.0320799     4.40714     2.45986   -0.120787 -0.00326424   -0.120642   0.0748357    0.165268   0.0528084    0.011231 -0.00304887      2.1439 -0.00238945     1.68018     2.29027   0.0117384  0.00861484  0.00197367
   0.0195366    -61.1819    -34.6879     3.62469   0.0385683     4.96022     2.72602   -0.110374 -0.00162436   -0.110587   0.0635943    0.140654   0.0451608  0.00646336 -0.00553137     2.32569 -0.00487238     1.82266     2.48652   0.0103571  0.00766089  0.00141664
   0.0204286    -65.1598    -36.5188     4.06567   0.0459941     5.55858     3.09669  -0.0830264 -3.93474e-05  -0.0836232    0.040563   0.0908278   0.0296186  0.00797036 -0.00856792     2.51816 -0.00671476     1.97351     2.69401  0.00805994  0.00625392   0.0011283
   0.0213613     -69.947     -39.403      4.5392   0.0518293     6.20433     3.42566  -0.0636785  0.00109936  -0.0651455   0.0211851   0.0485868   0.0163953  0.00462363 -0.00914331      2.7216 -0.00716588     2.13295     2.91151  0.00641036    0.005351  0.00138361
   0.0223366    -74.5168    -41.8754      5.0961   0.0575156     6.95666     3.86566  -0.0761518  0.00132037  -0.0785497   0.0216372   0.0483566   0.0159221  0.00970507 -0.00916524     2.93473 -0.00668621     2.29997     3.13923  0.00672513  0.00568193  0.00203572
   0.0233565    -78.8727    -43.9604     5.68314   0.0658444      7.7532      4.3859   -0.123177  0.00101484   -0.127031   0.0427156   0.0920297   0.0287246  0.00829618 -0.00975288     3.15419 -0.00700317     2.47252     3.37484  0.00817642  0.00692112  0.00247646
   0.0244229    -83.7838    -46.8021     6.33524   0.0760091       8.637     4.90818   -0.174245  0.00132019   -0.179992   0.0650252    0.137703   0.0422445   0.0119819  -0.0120633     3.38011 -0.00945415     2.64902      3.6166   0.0102304  0.00769812  0.00212734
    0.025538    -88.1068    -48.7683     7.05192   0.0885443     9.60483     5.52426   -0.191097  0.00300557   -0.199025   0.0637806    0.133145    0.040299  0.00825715  -0.0175246     3.61105  -0.0142833     2.82905     3.86302  0.00923745  0.00685629   0.0011615
   0.0267041    -92.5845    -50.9543     7.81392   0.0989495     10.6374     6.14473   -0.172485  0.00476109   -0.182895   0.0381533   0.0765775   0.0223599  0.00546232  -0.0219237     3.84902  -0.0171511     3.01537     4.11881  0.00689562   0.0049676 0.000595643
   0.0279233    -97.0771    -53.1797     8.65689    0.110572     11.7728     6.83225   -0.166955  0.00683459   -0.180514   0.0186179   0.0326564   0.0081621   0.0034048  -0.0234287      4.0942  -0.0183613     3.20866     4.38257   0.0045808  0.00409378  0.00120321
   0.0291983    -101.046    -54.6958     9.56339    0.123476     12.9935     7.64352   -0.218927  0.00740702   -0.236458   0.0338932   0.0624871   0.0164211  0.00484782  -0.0239197     4.34428  -0.0187462     3.40464     4.65059  0.00563542  0.00523882  0.00223616
   0.0305314    -105.168    -56.4962      10.536    0.136096     14.3036     8.50576   -0.300598  0.00698731   -0.323013   0.0659544    0.127874    0.035444  0.00645497  -0.0271579     4.59732  -0.0212839     3.60297     4.92158  0.00852763  0.00646999  0.00203264
   0.0319254    -108.908      -57.82     11.5832     0.15076     15.7101     9.42895   -0.338583  0.00932754   -0.366609   0.0675394    0.127994   0.0345302  0.00495442   -0.035209     4.85064  -0.0275879     3.80093     5.19304  0.00726688  0.00533095 0.000572216
   0.0333831    -112.419    -58.8692     12.6924    0.165628     17.1992     10.3881   -0.330889   0.0115807   -0.364968   0.0371385   0.0596234   0.0125773  0.00152036  -0.0403141     5.11081  -0.0322608     4.00482     5.47333  0.00436293  0.00313901  0.00015466
   0.0349073    -115.925    -59.9496     13.8807     0.18043     18.7898     11.4312   -0.369817   0.0129787   -0.411302   0.0333165   0.0479373  0.00765941  0.00114283  -0.0399575     5.38193  -0.0313206     4.21898     5.76451  0.00374499  0.00346458  0.00165648
   0.0365011    -119.103    -60.5944     15.1452    0.195521     20.5479      12.592   -0.479326   0.0136401   -0.529662   0.0718657    0.125966   0.0300416  0.00268371  -0.0422443     5.65823  -0.0331069     4.43565     6.06064  0.00620533  0.00532536  0.00212568
   0.0381677    -122.231    -61.1744     16.4799     0.21189     22.2628     13.7877   -0.549433   0.0156671   -0.609264   0.0819923    0.142761   0.0338447  0.00191635  -0.0504418     5.93898  -0.0412044     4.65445     6.36135  0.00593543  0.00421358 0.000173295
   0.0399104    -125.317    -61.6535     17.8904    0.229167      24.143     15.0136   -0.559384   0.0184925    -0.63002   0.0497594   0.0693663  0.00982029 -0.00196235  -0.0565256     6.23276  -0.0449164     4.88468     6.67817  0.00274918  0.00187841 -0.000123279
   0.0417327    -128.433    -62.0521     19.3832    0.246972     26.1288     16.3482   -0.647626   0.0202875    -0.73081   0.0638162   0.0940165   0.0156035 -0.00172653  -0.0615537     6.55031  -0.0482407     5.13458     7.01912  0.00313629  0.00338048  0.00204022
   0.0436381    -131.752    -62.5561      20.961    0.266823     28.2252     17.7735   -0.784805   0.0210704    -0.88243    0.105414    0.176896    0.039083 0.000115157  -0.0672092     6.88725  -0.0526725     5.39761     7.37937  0.00622692  0.00439784  0.00105927
   0.0456306    -135.318    -63.1788     22.6214    0.290107      30.429     19.2127   -0.828114   0.0251555   -0.941687   0.0822433    0.121747   0.0202744 -0.00356739  -0.0758473     7.24588  -0.0594423     5.67803     7.76523  0.00298002  0.00152302 -0.00075865
    0.047714    -139.236    -64.0057     24.3768    0.315756     32.7557     20.7484   -0.915645   0.0285446    -1.04755   0.0824315    0.115812   0.0162881 -0.00548537  -0.0844865      7.6362  -0.0662265     5.98456     8.18595  0.00197746  0.00237971  0.00170432
   0.0498925     -143.55    -65.0549     26.2364    0.345763     35.2159     22.4132    -1.08806   0.0302205    -1.24136    0.131518    0.213549   0.0439566 -0.00362574  -0.0942888     8.06009  -0.0738951     6.31677     8.64111  0.00559797  0.00367174 0.000739426
   0.0521706    -148.339    -66.4267     28.1952    0.382297      37.807     24.1066    -1.15439   0.0357801    -1.33173    0.106331    0.153118   0.0231152 -0.00818169   -0.108838     8.51706  -0.0852966     6.67491     9.13425  0.00192409 0.000620001 -0.000994686
   0.0545526    -153.496     -67.992     30.2713    0.423293     40.5485     25.9517     -1.3044   0.0397154     -1.5098    0.127643    0.191171   0.0322906 -0.00922286   -0.123924     9.00935  -0.0971208     7.06072     9.66702  0.00258934  0.00297007   0.0023731
   0.0570434    -158.854     -69.599     32.4648     0.47134     43.4414     27.9319    -1.48563    0.043446    -1.72356    0.160851    0.254421   0.0490471 -0.00953663   -0.142918     9.53083   -0.112006     7.46943     10.2267  0.00430424  0.00203032 -0.000783605
   0.0596479    -164.285    -71.2036     34.7725     0.52413     46.4812     29.9999    -1.59252   0.0492998    -1.86753    0.137322    0.196912   0.0288419  -0.0143084   -0.165158      10.074   -0.129436     7.89506      10.813   0.0008762 0.000632281  0.00044758
   0.0623713    -169.242    -72.2539     37.2045    0.580074     49.6751       32.29     -1.8437   0.0514753    -2.16176     0.19616    0.314386   0.0621025  -0.0126571   -0.188587     10.6252   -0.147798     8.32706     11.4091  0.00501966  0.00278504 0.000523741
   0.0652191    -173.334    -72.4762      39.725    0.637164     52.9898     34.6464    -1.98154   0.0576377    -2.34777    0.171957     0.25554   0.0414408  -0.0186369   -0.216219     11.1867   -0.170346     8.76709      12.017 0.000121573 -1.06961e-06 -0.000449875
   0.0681969    -176.141    -71.5705     42.3429    0.687034     56.4191     37.2114    -2.25916   0.0574018    -2.67957    0.226785    0.364779   0.0722205  -0.0166699   -0.240381     11.6783   -0.188384     9.15432     12.5493  0.00417839  0.00313131 0.000791131
   0.0713107    -176.845    -68.7331     45.0145    0.726529     59.9123     39.8033    -2.44246   0.0588402    -2.92147    0.211918    0.326259    0.057943  -0.0210841   -0.264205     12.1401   -0.207067     9.51441     13.0471  0.00114583 -0.00079593 -0.000783513
   0.0745666    -175.385    -64.0963     47.7155    0.745457     63.4357     42.5095    -2.74587   0.0554532    -3.28712    0.267195    0.437237   0.0894658   -0.017031   -0.279066     12.5374   -0.218802     9.82756     13.4764   0.0043484  0.00226632 0.000679813
   0.0779712    -171.473    -57.4102     50.4024    0.742139     66.9307     45.1331     -2.9449   0.0531689     -3.5493    0.252198    0.399409   0.0757042  -0.0208464    -0.28848     12.8571   -0.226085     10.0763     13.8185 0.000560942 4.50631e-05 -0.00037395
   0.0815313    -165.099     -48.626     53.0547    0.708856     70.3602     47.7174    -3.26026   0.0448151    -3.92692     0.31367     0.52487    0.112026  -0.0163851   -0.283123     13.1098   -0.221886     10.2743     14.0851  0.00479936  0.00189374 9.31928e-05
   0.0852539    -157.347    -38.9552     55.6062    0.651892     73.6707     50.1123    -3.45744    0.038671    -4.18172    0.307038    0.505922    0.104532  -0.0174542   -0.268969     13.3082   -0.210798     10.4297     14.2909  0.00220632 0.000255591 -0.000281287
   0.0891464     -148.62    -28.5611     58.0719    0.579302     76.8496     52.3464    -3.70729   0.0308666    -4.48295    0.346762    0.586383    0.127822  -0.0150978    -0.24719      13.485   -0.193725     10.5684     14.4712  0.00378731 -0.000801162 -0.000934436
   0.0932167    -140.336     -18.776     60.4322    0.504359     79.8847     54.4184    -3.93575   0.0245222    -4.75491    0.389468    0.673868    0.153047  -0.0132721   -0.222509     13.6822   -0.174395     10.7229     14.6728  0.00550411  0.00316152 0.000301477
   0.0974729    -133.859    -10.8279     62.6995    0.449505     82.7932     56.4056     -4.0742   0.0223317    -4.92915    0.391469    0.675613    0.152504  -0.0153167   -0.207891     13.9391   -0.162926     10.9242      14.941  0.00392298 -0.000129599 -0.00055502
    0.101923    -129.434    -4.60044     64.8999    0.433483     85.6111     58.4155    -4.25588   0.0216419    -5.14203    0.434581    0.765513    0.179193  -0.0163201   -0.211275     14.2891   -0.165579     11.1985     15.3144  0.00519806 0.000301848 -0.00179089
    0.106577    -128.032    -1.05005     67.0594    0.469631     88.3735     60.6714    -4.44582   0.0227265    -5.36293    0.488347    0.878917    0.213293  -0.0171687   -0.241052     14.7449   -0.188948     11.6185     15.8089  0.00785761  0.00149788 -0.000333866
    0.111443      -128.8    0.826643     69.1975    0.560692     91.1059     63.1936    -4.60463   0.0252995    -5.55807    0.515813    0.937394    0.230941  -0.0204799   -0.302541     15.2886   -0.237107     11.9818     16.4067  0.00790346  0.00116039 -0.000162108
    0.116531    -130.239     2.41751     71.3181    0.688916     93.8126     65.9458    -4.78406   0.0254578    -5.78379    0.540264    0.990606    0.247359  -0.0229399   -0.389019     15.8727   -0.304881     12.4396     17.0546  0.00775455 0.000346029 -0.00182934
    0.121852    -131.049     4.62329     73.4033    0.815474     96.4687     68.9033     -5.0207   0.0214694    -6.07923    0.578561     1.07448    0.273583   -0.022936   -0.481183     16.4252   -0.377108     12.8726     17.6698  0.00810279 0.000173738 -0.00107473
    0.127416    -128.625     9.51476     75.4167    0.883942      99.025     71.5444    -5.30345   0.0111215     -6.4294    0.628122     1.18359    0.307987  -0.0185136   -0.545083     16.8822   -0.427187     13.2307     18.1732   0.0109268 0.000530248 -0.00196327
    0.133233    -122.226     17.3185     77.3078    0.852636     101.414      73.523      -5.592 0.000247804    -6.78476     0.67996      1.2987    0.344648  -0.0136942   -0.555192     17.1917   -0.435109     13.4733     18.5022   0.0132434 0.000984505 -0.00225961
    0.139317    -112.348     27.2404     79.0438    0.708386     103.593     74.6516    -5.84379 -0.00706674     -7.0903    0.731372     1.41393    0.381702  -0.0104701   -0.497262     17.3643   -0.389709     13.6085     18.6639   0.0155444  0.00132276 -0.00252539
    0.145678    -100.301      38.175     80.6135    0.489629     105.548     74.8473    -6.02207 -0.00759094     -7.2978    0.783383     1.53131    0.419704  -0.0108777   -0.388231     17.4615   -0.304281     13.6847       18.73   0.0178964  0.00155693 -0.00288252
    0.152329    -89.2636     47.7571     82.0317    0.277985     107.301     74.8861    -6.10825 -0.00309263    -7.38483    0.836195      1.6512    0.458741  -0.0145471   -0.275719     17.5723   -0.216081     13.7715     18.8105   0.0204465  0.00177105 -0.00330743
    0.159284    -81.1042     55.1991     83.3233    0.163877     108.886     75.4858    -6.12152   -0.001154    -7.37714    0.892422     1.77932    0.500642  -0.0175913   -0.219924      17.769   -0.172356     13.9258     19.0011   0.0233658  0.00209463 -0.00366626
    0.166557    -76.1705     60.8793     84.4958    0.198752     110.316     77.1069    -6.11434  -0.0123782    -7.34284    0.955931     1.92406    0.548064   -0.013422   -0.262746     18.0704     -0.2059      14.162     19.3343   0.0270993  0.00280582 -0.00391264
    0.174162    -73.7054     65.6591     85.5289    0.355673     111.566      79.978    -6.14188  -0.0419606    -7.35386     1.02677     2.08555    0.601098   0.0024222   -0.395579     18.4321   -0.310022     14.4454     19.7589   0.0316097  0.00384107 -0.00435298
    0.182113    -70.8406     71.0525     86.3809    0.527355     112.581     82.8839    -6.21736  -0.0804132    -7.43189      1.0917     2.23516    0.650833   0.0256036    -0.54819     18.7734   -0.429607     14.7129     20.1662   0.0358742  0.00445077 -0.00490142
    0.190428    -65.6916     77.1144     87.0351    0.582049     113.336     84.5028    -6.32253   -0.104029    -7.54942      1.1538     2.37885    0.698806   0.0425488   -0.620787     19.0316   -0.486517     14.9152     20.4591   0.0400597  0.00499275 -0.00558492
    0.199123    -58.3389     82.8737      87.515     0.46078     113.861     84.3456    -6.42285  -0.0917478    -7.65324     1.22697     2.54542    0.753489   0.0391571   -0.556868     19.2031   -0.436423     15.0497     20.6172   0.0454582  0.00613539 -0.00612294
    0.208215     -49.877     87.5801     87.8714    0.236724     114.221     82.5818    -6.44229  -0.0491098    -7.65101     1.29682     2.70412    0.805371   0.0146149   -0.402057     19.3359   -0.315096     15.1538      20.707   0.0508356  0.00722799 -0.00679917
    0.217722    -42.5696     91.6693     88.1442   0.0652591     114.472     81.3264    -6.37558  -0.0152857    -7.53603     1.36725      2.8638    0.857449 -0.00743703   -0.279727     19.4793   -0.219225     15.2661     20.8198   0.0565753  0.00851298 -0.00744535
    0.227662     -36.925     96.6497     88.3006   0.0546792     114.575     81.9052    -6.27128  -0.0313214    -7.37512     1.43495     3.01806    0.908117  0.00290506   -0.290124     19.6388   -0.227373     15.3911     20.9915   0.0625084   0.0100225 -0.00810458
    0.238057    -31.8784     102.753     88.2878    0.165132     114.461      83.549    -6.17257  -0.0958598    -7.22552     1.49923     3.16552    0.957055   0.0500956   -0.411126     19.7877   -0.322204     15.5108     21.1852   0.0684832   0.0116128 -0.00882297
    0.248927    -26.7818     108.771     88.0208    0.247556     114.019       84.97    -6.09304    -0.15117    -7.10401     1.55822     3.30234     1.00257   0.0959678   -0.511686     19.9126   -0.401013     15.6057     21.3457   0.0745273   0.0135078 -0.00947741
    0.260292    -21.3098     112.164     87.5792     0.19763      113.35     84.3533    -6.00677   -0.138036    -6.97395     1.61302     3.42548     1.04312   0.0925948   -0.485209     20.0278   -0.380268      15.696     21.4564   0.0804707    0.015644 -0.00988776
    0.272177      -16.11     113.191     87.0351   0.0686333     112.548     82.4644    -5.87863  -0.0742405      -6.791     1.65891     3.52901     1.07679    0.046272   -0.373287     20.1463   -0.292547     15.7889     21.5451    0.085974   0.0179266  -0.0105186
    0.284604    -11.3451     115.204     86.4081 -0.00634584     111.642     81.4298    -5.71145  -0.0439327    -6.56164     1.69386     3.60838     1.10277   0.0224814   -0.310504     20.2456   -0.243345     15.8667     21.6297   0.0907676   0.0202621  -0.0110209
    0.297598    -6.55454     118.775     85.6467   0.0134039     110.567     81.2204    -5.52143  -0.0871059    -6.30921     1.71645     3.66133     1.12077   0.0609886   -0.347843     20.3011   -0.272608     15.9102     21.6986   0.0947043    0.022661  -0.0114321
    0.311186    -1.85387     122.696     84.7099   0.0432984     109.269     81.1001    -5.30366   -0.138205    -6.03021     1.71982     3.67287     1.12604    0.110365   -0.397004     20.3325    -0.31116     15.9348     21.7447   0.0972127   0.0249014  -0.0117648
    0.325395     2.28791     124.403     83.6203    0.019621     107.774     80.0116    -5.05126   -0.122816    -5.71388     1.70324     3.64048     1.11727     0.09975   -0.376045     20.3761   -0.294693     15.9689     21.7818   0.0979836   0.0267499  -0.0122796
    0.340252     5.81465     124.267     82.4303  -0.0369321     106.153     78.4656    -4.80543  -0.0767389    -5.40506     1.68601     3.60541      1.1071   0.0567775   -0.322984      20.422   -0.253138     16.0049     21.8125   0.0986383   0.0292834  -0.0122944
    0.355787     9.43329     125.596       81.16  -0.0539088     104.432     77.3136    -4.51507   -0.075787    -5.05609     1.63231     3.49278     1.07327   0.0552211   -0.311549     20.4379    -0.24417     16.0174      21.824   0.0958353     0.03043  -0.0126587
    0.372032     12.9651     126.915     79.7518  -0.0538079     102.541     76.0387    -4.22399    -0.10549      -4.705     1.58293     3.38977     1.04259   0.0868347   -0.320767      20.422   -0.251388      16.005     21.8086   0.0932025   0.0322075  -0.0125432
    0.389018      16.007     127.127     78.2431  -0.0676362     100.522     74.6114    -3.86915   -0.100909    -4.29064     1.49044     3.19503    0.983802   0.0805598   -0.308628     20.4063   -0.241861     15.9926     21.7857   0.0864215   0.0319742   -0.105692
     0.40678     18.7228     126.968     76.6425  -0.0850613     98.3899     73.0045    -3.51234  -0.0774744    -3.87763     1.39052     2.98486    0.920422   0.0512357   -0.289167     20.3835   -0.226605     15.9748     21.7536   0.0785389   0.0309527  -0.0137165
    0.425353     21.1831     126.442     74.9694  -0.0938027     96.1692     71.3678    -3.15544  -0.0777525     -3.4683      1.2859     2.76535    0.854323   0.0485603   -0.280958     20.3391   -0.220188     15.9399     21.7023   0.0696993   0.0300138  -0.0139601
    0.444774      23.844     126.031     73.2029   -0.101705     93.8327     69.6841    -2.79729  -0.0837019    -3.06127     1.17482     2.53308    0.784731   0.0524752   -0.272015     20.2818   -0.213164     15.8949     21.6372   0.0599317   0.0276527  -0.0139642
    0.465082     25.4716     124.889     71.3794    -0.10943     91.4275     67.7179    -2.46368  -0.0756907    -2.67845     1.08165     2.33965    0.727262   0.0387999   -0.260629     20.2151   -0.204488     15.8428     21.5627   0.0514705   0.0263747  -0.0134132
    0.486317     27.1986     123.626     69.4949   -0.115217     88.9489     66.1202    -2.11097   -0.070102    -2.28088    0.968964     2.10513    0.657336   0.0275371   -0.251664     20.1338   -0.197249      15.779     21.4714   0.0409018   0.0225434   -0.013701
    0.508521      28.765     122.298     67.5595   -0.120839     86.4095     64.1504    -1.78546  -0.0705749    -1.91637    0.862999     1.88552    0.592218   0.0247236   -0.240805     20.0532   -0.188732     15.7159     21.3817   0.0307893   0.0185763  -0.0137007
     0.53174     29.9303     120.066     65.5869   -0.124212     83.8261     61.9424    -1.44112  -0.0657109    -1.52982    0.751999     1.65531      0.5239    0.014735   -0.231921     19.9392   -0.181771     15.6265      21.255 -0.00446654   0.0131382  -0.0142082
    0.556018     31.1151     118.561     63.5809   -0.126984     81.2066     60.5252    -1.17915  -0.0633062    -1.23308    0.677737     1.50263    0.479226  0.00946235   -0.222283     19.8251   -0.174206     15.5371     21.1305   0.0133216  0.00945917  -0.0133302
    0.581405     31.8291     115.903     61.5443   -0.150046     78.5511     58.0826   -0.935895  -0.0618565   -0.958662    0.607671     1.35873    0.436858  0.00662475   -0.211687     19.7011    -0.16589     15.4398     20.9945  0.00682704  0.00543618   -0.012213
    0.607951      32.448     113.473     59.5041   -0.130382     75.8956     56.2207   -0.719805  -0.0594004   -0.707673    0.561459     1.26434    0.409624   0.0033509   -0.202378     19.5658    -0.15867     15.3339     20.8469   0.0027578  0.00257731  -0.0112225
    0.635709     33.1201     111.481     57.4407   -0.131742     73.2147     54.7238   -0.599114  -0.0592616    -0.56357    0.550175     1.24411    0.404418  0.00437232   -0.191484     19.4203   -0.150086     15.2199     20.6881  0.00226307  0.00141032 -0.00986936
    0.664735     33.0382      107.68     55.3679    -0.13071     70.5258     51.8859   -0.363239   -0.055763   -0.303837    0.466052     1.06827    0.352031 3.89038e-05   -0.185603     19.2646   -0.145447     15.0978     20.5199 -0.00479095 -0.00444468  -0.0117986
    0.695086     33.4606     105.727     53.2829   -0.126846     67.8266     50.5658  -0.0404214   -0.050431   0.0376308    0.316104    0.755015    0.258194  -0.0106408   -0.188724     19.0889   -0.147914     14.9602     20.3334  -0.0191245  -0.0193523  -0.0222302
    0.726822     33.2987     102.333     51.0667   -0.113769     64.9661     47.8781    0.704763  -0.0366988    0.763668   -0.170895   -0.262651  -0.0469481  -0.0483576   -0.228151      18.866   -0.178768     14.7855     20.1081  -0.0691566  -0.0725757   -0.070802
    0.760008     32.6218     97.8148     48.5117  -0.0714071     61.6859     43.7629     2.80817  0.00174864      2.7734    -1.64124    -3.33453   -0.967927   -0.166985   -0.386138     18.5023   -0.302618     14.5004     19.7728   -0.223312   -0.240537   -0.248467
    0.794709     32.1995     94.2474       44.93   0.0434409     57.1224      38.835      7.2485   0.0897561     6.88799    -5.03593    -10.4275    -3.09428    -0.44368   -0.839193     17.7702   -0.657687     13.9266     19.1245   -0.581513   -0.634914   -0.752672
    0.830994      29.697     85.1037     39.5128    0.266618     50.2519     30.2398     10.9257    0.182729     9.83965    -8.83017    -18.3387     -5.4606   -0.753217    -1.74992     16.3278    -1.37143     12.7966     17.8611   -0.987274    -1.12127     -1.7894
